# Scan Time    : Fri, 18 Mar 2022 01:28:29 +0000 (GMT) +677532000 nsec
# Board Lane   : 0
# Board Loc    : Bore Paddle
# SiPM Biases  :  56.999  57.196  57.133  57.013
# SiPM Currents:   1.168   1.159   1.015   1.482
#
2 -1  25.2 0.00010 0.00010 1.21000      6          5.0 0.4082
2 -1  25.2 0.00030 0.00029 1.21000      4          3.3 0.5000
2 -1  25.2 0.00050 0.00049 1.21000      6          5.0 0.4082
2 -1  25.2 0.00070 0.00068 1.21000     12          9.9 0.2887
2 -1  25.2 0.00090 0.00088 1.21000     10          8.3 0.3162
2 -1  25.2 0.00110 0.00107 1.21000      8          6.6 0.3536
2 -1  25.2 0.00130 0.00127 1.21000     10          8.3 0.3162
2 -1  25.2 0.00150 0.00146 1.21000     18         14.9 0.2357
2 -1  25.2 0.00170 0.00166 1.21000      8          6.6 0.3536
2 -1  25.2 0.00190 0.00186 1.21000     16         13.2 0.2500
2 -1  25.2 0.00210 0.00215 1.21000     26         21.5 0.1961
2 -1  25.2 0.00230 0.00234 1.21000     22         18.2 0.2132
2 -1  25.2 0.00250 0.00254 1.21000     30         24.8 0.1826
2 -1  25.2 0.00270 0.00273 1.21000     40         33.1 0.1581
2 -1  25.2 0.00290 0.00293 1.21000     32         26.4 0.1768
2 -1  25.2 0.00310 0.00313 1.21000     26         21.5 0.1961
2 -1  25.2 0.00330 0.00332 1.21000     32         26.4 0.1768
2 -1  25.2 0.00350 0.00352 1.21000     40         33.1 0.1581
2 -1  25.2 0.00370 0.00371 1.21000     36         29.8 0.1667
2 -1  25.2 0.00390 0.00391 1.21000     62         51.2 0.1270
2 -1  25.2 0.00410 0.00410 1.21000     56         46.3 0.1336
2 -1  25.2 0.00430 0.00430 1.21000    116         95.9 0.0928
2 -1  25.2 0.00450 0.00449 1.21000    232        191.7 0.0657
2 -1  25.2 0.00470 0.00469 1.21000    536        443.0 0.0432
2 -1  25.2 0.00490 0.00488 1.21000   1272       1051.2 0.0280
2 -1  25.2 0.00510 0.00508 1.21000   3398       2808.3 0.0172
2 -1  25.2 0.00530 0.00527 1.21000   8104       6697.5 0.0111
2 -1  25.2 0.00550 0.00547 1.21000  19738      16312.4 0.0071
2 -1  25.2 0.00570 0.00566 1.21000  45544      37639.7 0.0047
2 -1  25.2 0.00590 0.00586 0.87835  72754      82830.3 0.0037
2 -1  25.2 0.00610 0.00605 0.41261  72526     175774.6 0.0037
2 -1  25.2 0.00630 0.00635 0.14965  69522     464567.2 0.0038
2 -1  25.2 0.00650 0.00654 0.08221  74948     911710.8 0.0037
2 -1  25.2 0.00670 0.00674 0.04516  74698    1654157.4 0.0037
2 -1  25.2 0.00690 0.00693 0.02613  70516    2698963.4 0.0038
2 -1  25.2 0.00710 0.00713 0.01694  71188    4203430.3 0.0037
2 -1  25.2 0.00730 0.00732 0.01230  72042    5855787.8 0.0037
2 -1  25.2 0.00750 0.00752 0.00940  71230    7575774.1 0.0037
2 -1  25.2 0.00770 0.00771 0.00803  72728    9052426.0 0.0037
2 -1  25.2 0.00790 0.00791 0.00700  72324   10329205.8 0.0037
2 -1  25.2 0.00810 0.00811 0.00700  78970   11278377.6 0.0036
2 -1  25.2 0.00830 0.00830 0.00603  71894   11924046.1 0.0037
2 -1  25.2 0.00850 0.00850 0.00603  75144   12463077.8 0.0036
2 -1  25.2 0.00870 0.00869 0.00603  77178   12800428.8 0.0036
2 -1  25.2 0.00890 0.00889 0.00603  79072   13114559.9 0.0036
2 -1  25.2 0.00910 0.00908 0.00541  71566   13221466.0 0.0037
2 -1  25.2 0.00930 0.00928 0.00541  72250   13347831.7 0.0037
2 -1  25.2 0.00950 0.00947 0.00541  72778   13445377.1 0.0037
2 -1  25.2 0.00970 0.00967 0.00541  72966   13480109.1 0.0037
2 -1  25.2 0.00990 0.00986 0.00541  72802   13449811.0 0.0037
2 -1  25.2 0.01010 0.01006 0.00541  72412   13377760.4 0.0037
2 -1  25.2 0.01030 0.01025 0.00541  71480   13205578.0 0.0037
2 -1  25.2 0.01050 0.01055 0.00541  69158   12776599.9 0.0038
2 -1  25.2 0.01070 0.01074 0.00541  66548   12294415.3 0.0039
2 -1  25.2 0.01090 0.01094 0.00541  62918   11623790.6 0.0040
2 -1  25.2 0.01110 0.01113 0.00541  57986   10712627.9 0.0042
2 -1  25.2 0.01130 0.01133 0.00541  52418    9683967.3 0.0044
2 -1  25.2 0.01150 0.01152 0.00541  45726    8447653.3 0.0047
2 -1  25.2 0.01170 0.01172 0.00541  39202    7242376.4 0.0051
2 -1  25.2 0.01190 0.01191 0.00541  33886    6260271.6 0.0054
2 -1  25.2 0.01210 0.01211 0.00541  30180    5575606.4 0.0058
2 -1  25.2 0.01230 0.01230 0.00541  27562    5091943.8 0.0060
2 -1  25.2 0.01250 0.01250 0.00541  26070    4816304.1 0.0062
2 -1  25.2 0.01270 0.01270 0.00541  25182    4652250.5 0.0063
2 -1  25.2 0.01290 0.01289 0.00541  24698    4562833.9 0.0064
2 -1  25.3 0.01310 0.01309 0.00541  24462    4519234.0 0.0064
2 -1  25.3 0.01330 0.01328 0.00541  24332    4495217.2 0.0064
2 -1  25.3 0.01350 0.01348 0.00541  24508    4527732.3 0.0064
2 -1  25.3 0.01370 0.01367 0.00541  23890    4413559.8 0.0065
2 -1  25.3 0.01390 0.01387 0.00541  24132    4458268.2 0.0064
2 -1  25.3 0.01410 0.01406 0.00541  23994    4432773.3 0.0065
2 -1  25.3 0.01430 0.01426 0.00541  23942    4423166.6 0.0065
2 -1  25.3 0.01450 0.01445 0.00541  24122    4456420.7 0.0064
2 -1  25.3 0.01470 0.01475 0.00541  24062    4445336.0 0.0064
2 -1  25.3 0.01490 0.01494 0.00541  23678    4374393.9 0.0065
2 -1  25.3 0.01510 0.01514 0.00541  23950    4424644.5 0.0065
2 -1  25.3 0.01530 0.01533 0.00541  23738    4385478.6 0.0065
2 -1  25.3 0.01550 0.01553 0.00541  23550    4350746.5 0.0065
2 -1  25.3 0.01570 0.01572 0.00541  23432    4328946.6 0.0065
2 -1  25.3 0.01590 0.01592 0.00541  23252    4295692.5 0.0066
2 -1  25.3 0.01610 0.01611 0.00541  23624    4364417.7 0.0065
2 -1  25.3 0.01630 0.01631 0.00541  23240    4293475.5 0.0066
2 -1  25.3 0.01650 0.01650 0.00541  23114    4270197.7 0.0066
2 -1  25.3 0.01670 0.01670 0.00541  22596    4174499.7 0.0067
2 -1  25.3 0.01690 0.01689 0.00541  21760    4020052.8 0.0068
2 -1  25.3 0.01710 0.01709 0.00541  20924    3865605.9 0.0069
2 -1  25.3 0.01730 0.01729 0.00541  19334    3571861.3 0.0072
2 -1  25.3 0.01750 0.01748 0.00541  18072    3338713.0 0.0074
2 -1  25.3 0.01770 0.01768 0.00541  16340    3018734.5 0.0078
2 -1  25.3 0.01790 0.01787 0.00541  14940    2760091.4 0.0082
2 -1  25.3 0.01810 0.01807 0.00541  12962    2394665.7 0.0088
2 -1  25.3 0.01830 0.01826 0.00541  11414    2108680.3 0.0094
2 -1  25.3 0.01850 0.01846 0.00541   9654    1783529.0 0.0102
2 -1  25.3 0.01870 0.01865 0.00541   8804    1626495.6 0.0107
2 -1  25.3 0.01890 0.01895 0.00541   7332    1354550.9 0.0117
2 -1  25.3 0.01910 0.01914 0.00541   6580    1215622.6 0.0123
2 -1  25.3 0.01930 0.01934 0.00541   5962    1101450.1 0.0130
2 -1  25.3 0.01950 0.01953 0.00541   5534    1022379.2 0.0134
2 -1  25.3 0.01970 0.01973 0.00541   5374     992820.0 0.0136
2 -1  25.3 0.01990 0.01992 0.00541   5148     951067.6 0.0139
2 -1  25.3 0.02010 0.02012 0.00541   4906     906359.3 0.0143
2 -1  25.3 0.02030 0.02031 0.00541   4694     867193.4 0.0146
2 -1  25.3 0.02050 0.02051 0.00541   4750     877539.1 0.0145
2 -1  25.3 0.02070 0.02070 0.00541   4420     816573.2 0.0150
2 -1  25.3 0.02090 0.02090 0.00541   4380     809183.4 0.0151
2 -1  25.3 0.02110 0.02109 0.00541   4198     775559.8 0.0154
2 -1  25.3 0.02130 0.02129 0.00541   4094     756346.3 0.0156
2 -1  25.3 0.02150 0.02148 0.00541   3946     729004.1 0.0159
2 -1  25.3 0.02170 0.02168 0.00541   3816     704987.2 0.0162
2 -1  25.3 0.02190 0.02188 0.00541   3800     702031.3 0.0162
2 -1  25.3 0.02210 0.02207 0.00541   3732     689468.6 0.0164
2 -1  25.3 0.02230 0.02227 0.00541   3646     673580.5 0.0166
2 -1  25.3 0.02250 0.02246 0.00541   3366     621851.9 0.0172
2 -1  25.3 0.02270 0.02266 0.00541   3378     624068.9 0.0172
2 -1  25.3 0.02290 0.02285 0.00541   3444     636262.0 0.0170
2 -1  25.3 0.02310 0.02314 0.00541   3142     580469.0 0.0178
2 -1  25.3 0.02330 0.02334 0.00541   3068     566797.9 0.0181
2 -1  25.3 0.02350 0.02354 0.00541   2868     529848.9 0.0187
2 -1  25.3 0.02370 0.02373 0.00541   2796     516547.2 0.0189
2 -1  25.3 0.02390 0.02393 0.00541   2616     483293.1 0.0196
2 -1  25.3 0.02410 0.02412 0.00541   2536     468513.5 0.0199
2 -1  25.3 0.02430 0.02432 0.00541   2444     451517.0 0.0202
2 -1  25.3 0.02450 0.02451 0.00541   2330     430456.0 0.0207
2 -1  25.3 0.02470 0.02471 0.00602   2386     396439.3 0.0205
2 -1  25.3 0.02490 0.02490 0.00626   2326     371340.1 0.0207
2 -1  25.3 0.02510 0.02510 0.00690   2324     336623.7 0.0207
2 -1  25.3 0.02530 0.02529 0.00734   2298     313084.0 0.0209
2 -1  25.3 0.02550 0.02549 0.00783   2236     285491.0 0.0211
2 -1  25.3 0.02570 0.02568 0.00914   2312     252948.1 0.0208
2 -1  25.3 0.02590 0.02588 0.00997   2252     225981.1 0.0211
2 -1  25.3 0.02610 0.02607 0.01076   2246     208727.7 0.0211
2 -1  25.3 0.02630 0.02627 0.01205   2272     188528.2 0.0210
2 -1  25.3 0.02650 0.02646 0.01377   2316     168145.6 0.0208
2 -1  25.3 0.02670 0.02666 0.01491   2248     150745.5 0.0211
2 -1  25.3 0.02690 0.02686 0.01684   2332     138502.5 0.0207
2 -1  25.3 0.02710 0.02715 0.01927   2384     123695.1 0.0205
2 -1  25.3 0.02730 0.02734 0.02001   2400     119929.9 0.0204
2 -1  25.3 0.02750 0.02754 0.02097   2304     109847.6 0.0208
2 -1  25.3 0.02770 0.02773 0.02205   2226     100939.7 0.0212
2 -1  25.3 0.02790 0.02793 0.02306   2248      97481.9 0.0211
2 -1  25.3 0.02810 0.02813 0.02392   2308      96480.3 0.0208
2 -1  25.3 0.02830 0.02832 0.02412   2258      93625.6 0.0210
2 -1  25.3 0.02850 0.02852 0.02601   2304      88567.9 0.0208
2 -1  25.3 0.02870 0.02871 0.02669   2276      85286.5 0.0210
2 -1  25.3 0.02890 0.02891 0.02710   2232      82358.0 0.0212
2 -1  25.3 0.02910 0.02910 0.02884   2232      77391.3 0.0212
2 -1  25.3 0.02930 0.02930 0.03063   2306      75279.2 0.0208
2 -1  25.3 0.02950 0.02949 0.03260   2320      71168.8 0.0208
2 -1  25.3 0.02970 0.02969 0.03269   2222      67978.5 0.0212
2 -1  25.3 0.02990 0.02988 0.03455   2306      66738.4 0.0208
2 -1  25.3 0.03010 0.03008 0.03605   2294      63642.2 0.0209
2 -1  25.3 0.03030 0.03027 0.03681   2266      61564.0 0.0210
2 -1  25.3 0.03050 0.03047 0.03920   2274      58016.7 0.0210
2 -1  25.3 0.03070 0.03066 0.04132   2288      55379.0 0.0209
2 -1  25.3 0.03090 0.03086 0.04207   2232      53053.3 0.0212
2 -1  25.3 0.03110 0.03105 0.04551   2356      51766.6 0.0206
2 -1  25.3 0.03130 0.03135 0.04904   2302      46938.0 0.0208
2 -1  25.3 0.03150 0.03154 0.05072   2272      44792.2 0.0210
2 -1  25.3 0.03170 0.03174 0.05377   2294      42661.3 0.0209
2 -1  25.3 0.03190 0.03193 0.05785   2258      39031.8 0.0210
2 -1  25.3 0.03210 0.03213 0.05984   2250      37598.2 0.0211
2 -1  25.3 0.03230 0.03232 0.06453   2234      34622.0 0.0212
2 -1  25.3 0.03250 0.03252 0.07088   2268      31996.1 0.0210
2 -1  25.3 0.03270 0.03271 0.07500   2238      29839.4 0.0211
2 -1  25.3 0.03290 0.03291 0.08309   2304      27727.6 0.0208
2 -1  25.3 0.03310 0.03311 0.09365   2362      25220.8 0.0206
2 -1  25.3 0.03330 0.03330 0.09365   2298      24537.4 0.0209
2 -1  25.3 0.03350 0.03350 0.10411   2260      21707.7 0.0210
2 -1  25.4 0.03370 0.03369 0.11222   2282      20334.7 0.0209
2 -1  25.4 0.03390 0.03389 0.12512   2394      19134.0 0.0204
2 -1  25.4 0.03410 0.03408 0.13383   2288      17096.1 0.0209
2 -1  25.4 0.03430 0.03428 0.14808   2240      15126.8 0.0211
2 -1  25.4 0.03450 0.03447 0.16161   2286      14145.3 0.0209
2 -1  25.4 0.03470 0.03467 0.17231   2366      13731.1 0.0206
2 -1  25.4 0.03490 0.03486 0.18425   2276      12352.8 0.0210
2 -1  25.4 0.03510 0.03506 0.19913   2222      11158.7 0.0212
2 -1  25.4 0.03530 0.03525 0.21375   2280      10666.7 0.0209
2 -1  25.4 0.03550 0.03555 0.23387   2250       9620.7 0.0211
2 -1  25.4 0.03570 0.03574 0.24306   2262       9306.4 0.0210
2 -1  25.4 0.03590 0.03594 0.25956   2298       8853.5 0.0209
2 -1  25.4 0.03610 0.03613 0.26850   2362       8797.0 0.0206
2 -1  25.4 0.03630 0.03633 0.29361   2322       7908.5 0.0208
2 -1  25.4 0.03650 0.03652 0.29361   2280       7765.5 0.0209
2 -1  25.4 0.03670 0.03672 0.29763   2226       7479.2 0.0212
2 -1  25.4 0.03690 0.03691 0.32546   2384       7325.1 0.0205
2 -1  25.4 0.03710 0.03711 0.33079   2250       6802.0 0.0211
2 -1  25.4 0.03730 0.03730 0.36065   2250       6238.7 0.0211
2 -1  25.4 0.03750 0.03750 0.36065   2256       6255.3 0.0211
2 -1  25.4 0.03770 0.03770 0.39206   2348       5988.9 0.0206
2 -1  25.4 0.03790 0.03789 0.40070   2312       5769.9 0.0208
2 -1  25.4 0.03810 0.03809 0.40508   2284       5638.5 0.0209
2 -1  25.4 0.03830 0.03828 0.44349   2276       5132.0 0.0210
2 -1  25.4 0.03850 0.03848 0.47571   2326       4889.6 0.0207
2 -1  25.4 0.03870 0.03867 0.50111   2244       4478.1 0.0211
2 -1  25.4 0.03890 0.03887 0.50111   2278       4545.9 0.0210
2 -1  25.4 0.03910 0.03906 0.53739   2302       4283.7 0.0208
2 -1  25.4 0.03930 0.03926 0.56537   2240       3962.0 0.0211
2 -1  25.4 0.03950 0.03945 0.59202   2244       3790.4 0.0211
2 -1  25.4 0.03970 0.03975 0.65251   2276       3488.1 0.0210
2 -1  25.4 0.03990 0.03994 0.69705   2376       3408.7 0.0205
2  0  25.4 0.00010 0.00010 1.21000    202        166.9 0.0704
2  0  25.4 0.00030 0.00029 1.21000     10          8.3 0.3162
2  0  25.4 0.00050 0.00049 1.21000     12          9.9 0.2887
2  0  25.4 0.00070 0.00068 1.21000     10          8.3 0.3162
2  0  25.4 0.00090 0.00088 1.21000      4          3.3 0.5000
2  0  25.4 0.00110 0.00107 1.21000      8          6.6 0.3536
2  0  25.4 0.00130 0.00127 1.21000      8          6.6 0.3536
2  0  25.4 0.00150 0.00146 1.21000     12          9.9 0.2887
2  0  25.4 0.00170 0.00166 1.21000      6          5.0 0.4082
2  0  25.4 0.00190 0.00186 1.21000     10          8.3 0.3162
2  0  25.4 0.00210 0.00215 1.21000     14         11.6 0.2673
2  0  25.4 0.00230 0.00234 1.21000     22         18.2 0.2132
2  0  25.4 0.00250 0.00254 1.21000     20         16.5 0.2236
2  0  25.4 0.00270 0.00273 1.21000     18         14.9 0.2357
2  0  25.4 0.00290 0.00293 1.21000     20         16.5 0.2236
2  0  25.4 0.00310 0.00313 1.21000     26         21.5 0.1961
2  0  25.4 0.00330 0.00332 1.21000     24         19.8 0.2041
2  0  25.4 0.00350 0.00352 1.21000     30         24.8 0.1826
2  0  25.4 0.00370 0.00371 1.21000     32         26.4 0.1768
2  0  25.4 0.00390 0.00391 1.21000     38         31.4 0.1622
2  0  25.4 0.00410 0.00410 1.21000     60         49.6 0.1291
2  0  25.5 0.00430 0.00430 1.21000     86         71.1 0.1078
2  0  25.5 0.00450 0.00449 1.21000    192        158.7 0.0722
2  0  25.5 0.00470 0.00469 1.21000    478        395.0 0.0457
2  0  25.5 0.00490 0.00488 1.21000   1214       1003.3 0.0287
2  0  25.5 0.00510 0.00508 1.21000   2954       2441.3 0.0184
2  0  25.5 0.00530 0.00527 1.21000   7660       6330.6 0.0114
2  0  25.5 0.00550 0.00547 1.21000  18146      14996.7 0.0074
2  0  25.5 0.00570 0.00566 1.21000  42540      35157.0 0.0048
2  0  25.5 0.00590 0.00586 0.77769  71708      92206.9 0.0037
2  0  25.5 0.00610 0.00605 0.37452  72878     194590.6 0.0037
2  0  25.5 0.00630 0.00635 0.13874  72288     521030.1 0.0037
2  0  25.5 0.00650 0.00654 0.07840  71292     909302.6 0.0037
2  0  25.5 0.00670 0.00674 0.04873  71918    1475914.7 0.0037
2  0  25.5 0.00690 0.00693 0.03381  71924    2127257.6 0.0037
2  0  25.5 0.00710 0.00713 0.02580  71952    2789033.7 0.0037
2  0  25.5 0.00730 0.00732 0.02164  72246    3339123.6 0.0037
2  0  25.5 0.00750 0.00752 0.01918  72080    3757414.4 0.0037
2  0  25.5 0.00770 0.00771 0.01918  77502    4040054.5 0.0036
2  0  25.5 0.00790 0.00791 0.01702  72136    4238209.3 0.0037
2  0  25.5 0.00810 0.00811 0.01702  74238    4361708.2 0.0037
2  0  25.5 0.00830 0.00830 0.01702  75560    4439379.7 0.0036
2  0  25.5 0.00850 0.00850 0.01702  76500    4494607.6 0.0036
2  0  25.5 0.00870 0.00869 0.01702  77136    4531974.5 0.0036
2  0  25.5 0.00890 0.00889 0.01702  77564    4557120.8 0.0036
2  0  25.5 0.00910 0.00908 0.01702  77834    4572984.1 0.0036
2  0  25.5 0.00930 0.00928 0.01702  77970    4580974.5 0.0036
2  0  25.5 0.00950 0.00947 0.01702  78022    4584029.7 0.0036
2  0  25.5 0.00970 0.00967 0.01702  77954    4580034.5 0.0036
2  0  25.5 0.00990 0.00986 0.01702  77790    4570399.0 0.0036
2  0  25.5 0.01010 0.01006 0.01702  77522    4554653.2 0.0036
2  0  25.5 0.01030 0.01025 0.01702  77006    4524336.6 0.0036
2  0  25.5 0.01050 0.01055 0.01702  75806    4453832.9 0.0036
2  0  25.5 0.01070 0.01074 0.01702  74462    4374868.9 0.0037
2  0  25.5 0.01090 0.01094 0.01702  72356    4251135.0 0.0037
2  0  25.5 0.01110 0.01113 0.01702  69184    4064770.3 0.0038
2  0  25.5 0.01130 0.01133 0.01702  64744    3803906.8 0.0039
2  0  25.5 0.01150 0.01152 0.01702  58906    3460906.6 0.0041
2  0  25.5 0.01170 0.01172 0.01702  50362    2958920.6 0.0045
2  0  25.5 0.01190 0.01191 0.01702  42016    2468567.7 0.0049
2  0  25.5 0.01210 0.01211 0.01702  34302    2015346.8 0.0054
2  0  25.5 0.01230 0.01230 0.01702  28212    1657540.8 0.0060
2  0  25.5 0.01250 0.01250 0.01702  24380    1432399.1 0.0064
2  0  25.5 0.01270 0.01270 0.01702  22020    1293741.9 0.0067
2  0  25.5 0.01290 0.01289 0.01702  20862    1225705.9 0.0069
2  0  25.5 0.01310 0.01309 0.01702  20174    1185283.8 0.0070
2  0  25.5 0.01330 0.01328 0.01702  19578    1150267.0 0.0071
2  0  25.5 0.01350 0.01348 0.01702  19654    1154732.2 0.0071
2  0  25.5 0.01370 0.01367 0.01702  19968    1173180.7 0.0071
2  0  25.5 0.01390 0.01387 0.01702  19474    1144156.7 0.0072
2  0  25.5 0.01410 0.01406 0.01702  19644    1154144.7 0.0071
2  0  25.5 0.01430 0.01426 0.01702  19516    1146624.3 0.0072
2  0  25.5 0.01450 0.01445 0.01702  19276    1132523.6 0.0072
2  0  25.5 0.01470 0.01475 0.01702  19596    1151324.6 0.0071
2  0  25.5 0.01490 0.01494 0.01702  19516    1146624.3 0.0072
2  0  25.5 0.01510 0.01514 0.01702  19298    1133816.2 0.0072
2  0  25.5 0.01530 0.01533 0.01702  19448    1142629.1 0.0072
2  0  25.5 0.01550 0.01553 0.01702  19858    1166717.9 0.0071
2  0  25.5 0.01570 0.01572 0.01702  19230    1129821.0 0.0072
2  0  25.5 0.01590 0.01592 0.01702  19150    1125120.7 0.0072
2  0  25.5 0.01610 0.01611 0.01702  19164    1125943.3 0.0072
2  0  25.5 0.01630 0.01631 0.01702  19546    1148386.9 0.0072
2  0  25.5 0.01650 0.01650 0.01702  18790    1103969.6 0.0073
2  0  25.5 0.01670 0.01670 0.01702  18296    1074945.6 0.0074
2  0  25.5 0.01690 0.01689 0.01702  17770    1044041.5 0.0075
2  0  25.5 0.01710 0.01709 0.01702  16642     977768.1 0.0078
2  0  25.5 0.01730 0.01729 0.01702  15144     889756.0 0.0081
2  0  25.5 0.01750 0.01748 0.01702  13686     804094.1 0.0085
2  0  25.5 0.01770 0.01768 0.01702  12126     712439.4 0.0091
2  0  25.5 0.01790 0.01787 0.01702  10708     629127.6 0.0097
2  0  25.5 0.01810 0.01807 0.01702   9036     530892.5 0.0105
2  0  25.5 0.01830 0.01826 0.01702   7576     445113.0 0.0115
2  0  25.5 0.01850 0.01846 0.01702   6366     374021.9 0.0125
2  0  25.5 0.01870 0.01865 0.01702   5166     303518.2 0.0139
2  0  25.5 0.01890 0.01895 0.01702   3976     233602.1 0.0159
2  0  25.5 0.01910 0.01914 0.01702   3562     209278.3 0.0168
2  0  25.5 0.01930 0.01934 0.01702   3168     186129.6 0.0178
2  0  25.5 0.01950 0.01953 0.01702   2950     173321.5 0.0184
2  0  25.5 0.01970 0.01973 0.01702   2666     156635.6 0.0194
2  0  25.5 0.01990 0.01992 0.01702   2482     145825.0 0.0201
2  0  25.5 0.02010 0.02012 0.01702   2426     142534.9 0.0203
2  0  25.5 0.02030 0.02031 0.01702   2424     142417.4 0.0203
2  0  25.5 0.02050 0.02051 0.01702   2352     138187.2 0.0206
2  0  25.5 0.02070 0.02070 0.01702   2264     133016.9 0.0210
2  0  25.5 0.02090 0.02090 0.01702   2294     134779.5 0.0209
2  0  25.5 0.02110 0.02109 0.01773   2298     129600.8 0.0209
2  0  25.5 0.02130 0.02129 0.01773   2282     128698.4 0.0209
2  0  25.5 0.02150 0.02148 0.01856   2274     122510.4 0.0210
2  0  25.5 0.02170 0.02168 0.01856   2236     120463.2 0.0211
2  0  25.5 0.02190 0.02188 0.01897   2232     117656.2 0.0212
2  0  25.5 0.02210 0.02207 0.01953   2226     113960.2 0.0212
2  0  25.5 0.02230 0.02227 0.01953   2250     115188.9 0.0211
2  0  25.5 0.02250 0.02246 0.02133   2356     110448.5 0.0206
2  0  25.5 0.02270 0.02266 0.02133   2258     105854.3 0.0210
2  0  25.5 0.02290 0.02285 0.02229   2328     104453.0 0.0207
2  0  25.5 0.02310 0.02314 0.02282   2258      98941.2 0.0210
2  0  25.5 0.02330 0.02334 0.02423   2376      98042.4 0.0205
2  0  25.5 0.02350 0.02354 0.02430   2254      92757.1 0.0211
2  0  25.5 0.02370 0.02373 0.02502   2268      90645.0 0.0210
2  0  25.5 0.02390 0.02393 0.02707   2276      84087.1 0.0210
2  0  25.5 0.02410 0.02412 0.02845   2246      78955.8 0.0211
2  0  25.6 0.02430 0.02432 0.03025   2286      75571.0 0.0209
2  0  25.6 0.02450 0.02451 0.03089   2232      72258.4 0.0212
2  0  25.6 0.02470 0.02471 0.03575   2282      63836.2 0.0209
2  0  25.6 0.02490 0.02490 0.03843   2228      57976.5 0.0212
2  0  25.6 0.02510 0.02510 0.04252   2268      53333.4 0.0210
2  0  25.6 0.02530 0.02529 0.04787   2272      47459.9 0.0210
2  0  25.6 0.02550 0.02549 0.05500   2306      41926.7 0.0208
2  0  25.6 0.02570 0.02568 0.06287   2244      35694.9 0.0211
2  0  25.6 0.02590 0.02588 0.07036   2242      31865.9 0.0211
2  0  25.6 0.02610 0.02607 0.08376   2290      27340.1 0.0209
2  0  25.6 0.02630 0.02627 0.09613   2270      23613.0 0.0210
2  0  25.6 0.02650 0.02646 0.10723   2246      20945.0 0.0211
2  0  25.6 0.02670 0.02666 0.12950   2388      18440.8 0.0205
2  0  25.6 0.02690 0.02686 0.13922   2254      16189.7 0.0211
2  0  25.6 0.02710 0.02715 0.15735   2286      14527.8 0.0209
2  0  25.6 0.02730 0.02734 0.17077   2326      13620.7 0.0207
2  0  25.6 0.02750 0.02754 0.17567   2240      12751.1 0.0211
2  0  25.6 0.02770 0.02773 0.19097   2322      12159.0 0.0208
2  0  25.6 0.02790 0.02793 0.19097   2296      12022.9 0.0209
2  0  25.6 0.02810 0.02813 0.20111   2244      11158.3 0.0211
2  0  25.6 0.02830 0.02832 0.20238   2266      11196.7 0.0210
2  0  25.6 0.02850 0.02852 0.21068   2234      10604.0 0.0212
2  0  25.6 0.02870 0.02871 0.22137   2276      10281.5 0.0210
2  0  25.6 0.02890 0.02891 0.22685   2272      10015.5 0.0210
2  0  25.6 0.02910 0.02910 0.23866   2230       9343.7 0.0212
2  0  25.6 0.02930 0.02930 0.23866   2230       9343.7 0.0212
2  0  25.6 0.02950 0.02949 0.25324   2240       8845.4 0.0211
2  0  25.6 0.02970 0.02969 0.25554   2234       8742.3 0.0212
2  0  25.6 0.02990 0.02988 0.27074   2252       8317.9 0.0211
2  0  25.6 0.03010 0.03008 0.28457   2256       7927.7 0.0211
2  0  25.6 0.03030 0.03027 0.28457   2246       7892.5 0.0211
2  0  25.6 0.03050 0.03047 0.30815   2286       7418.5 0.0209
2  0  25.6 0.03070 0.03066 0.33466   2378       7105.8 0.0205
2  0  25.6 0.03090 0.03086 0.33466   2346       7010.2 0.0206
2  0  25.6 0.03110 0.03105 0.34490   2274       6593.2 0.0210
2  0  25.6 0.03130 0.03135 0.37607   2286       6078.7 0.0209
2  0  25.6 0.03150 0.03154 0.39982   2342       5857.7 0.0207
2  0  25.6 0.03170 0.03174 0.39982   2238       5597.6 0.0211
2  0  25.6 0.03190 0.03193 0.43178   2232       5169.3 0.0212
2  0  25.6 0.03210 0.03213 0.47389   2328       4912.5 0.0207
2  0  25.6 0.03230 0.03232 0.49780   2298       4616.3 0.0209
2  0  25.6 0.03250 0.03252 0.53799   2242       4167.4 0.0211
2  0  25.6 0.03270 0.03271 0.60928   2376       3899.7 0.0205
2  0  25.6 0.03290 0.03291 0.64281   2226       3462.9 0.0212
2  0  25.6 0.03310 0.03311 0.70292   2254       3206.6 0.0211
2  0  25.6 0.03330 0.03330 0.76488   2270       2967.8 0.0210
2  0  25.6 0.03350 0.03350 0.94211   2436       2585.7 0.0203
2  0  25.6 0.03370 0.03369 1.00817   2388       2368.6 0.0205
2  0  25.6 0.03390 0.03389 1.12443   2382       2118.4 0.0205
2  0  25.6 0.03410 0.03408 1.20939   2226       1840.6 0.0212
2  0  25.6 0.03430 0.03428 1.21000   2052       1695.9 0.0221
2  0  25.6 0.03450 0.03447 1.21000   1872       1547.1 0.0231
2  0  25.6 0.03470 0.03467 1.21000   1688       1395.0 0.0243
2  0  25.6 0.03490 0.03486 1.21000   1614       1333.9 0.0249
2  0  25.6 0.03510 0.03506 1.21000   1430       1181.8 0.0264
2  0  25.6 0.03530 0.03525 1.21000   1348       1114.0 0.0272
2  0  25.6 0.03550 0.03555 1.21000   1284       1061.2 0.0279
2  0  25.7 0.03570 0.03574 1.21000   1260       1041.3 0.0282
2  0  25.7 0.03590 0.03594 1.21000   1124        928.9 0.0298
2  0  25.7 0.03610 0.03613 1.21000   1114        920.7 0.0300
2  0  25.7 0.03630 0.03633 1.21000   1152        952.1 0.0295
2  0  25.7 0.03650 0.03652 1.21000   1134        937.2 0.0297
2  0  25.7 0.03670 0.03672 1.21000   1012        836.4 0.0314
2  0  25.7 0.03690 0.03691 1.21000    992        819.8 0.0318
2  0  25.7 0.03710 0.03711 1.21000    986        814.9 0.0318
2  0  25.7 0.03730 0.03730 1.21000    966        798.3 0.0322
2  0  25.7 0.03750 0.03750 1.21000    846        699.2 0.0344
2  0  25.7 0.03770 0.03770 1.21000    902        745.5 0.0333
2  0  25.7 0.03790 0.03789 1.21000    872        720.7 0.0339
2  0  25.7 0.03810 0.03809 1.21000    832        687.6 0.0347
2  0  25.7 0.03830 0.03828 1.21000    820        677.7 0.0349
2  0  25.7 0.03850 0.03848 1.21000    772        638.0 0.0360
2  0  25.7 0.03870 0.03867 1.21000    758        626.4 0.0363
2  0  25.7 0.03890 0.03887 1.21000    698        576.9 0.0379
2  0  25.7 0.03910 0.03906 1.21000    672        555.4 0.0386
2  0  25.7 0.03930 0.03926 1.21000    628        519.0 0.0399
2  0  25.7 0.03950 0.03945 1.21000    658        543.8 0.0390
2  0  25.7 0.03970 0.03975 1.21000    640        528.9 0.0395
2  0  25.7 0.03990 0.03994 1.21000    576        476.0 0.0417
2  1  25.7 0.00010 0.00010 1.21000      6          5.0 0.4082
2  1  25.7 0.00030 0.00029 1.21000      8          6.6 0.3536
2  1  25.7 0.00050 0.00049 1.21000     10          8.3 0.3162
2  1  25.7 0.00070 0.00068 1.21000     24         19.8 0.2041
2  1  25.7 0.00090 0.00088 1.21000     12          9.9 0.2887
2  1  25.7 0.00110 0.00107 1.21000     16         13.2 0.2500
2  1  25.7 0.00130 0.00127 1.21000     12          9.9 0.2887
2  1  25.7 0.00150 0.00146 1.21000      8          6.6 0.3536
2  1  25.7 0.00170 0.00166 1.21000     18         14.9 0.2357
2  1  25.7 0.00190 0.00186 1.21000     12          9.9 0.2887
2  1  25.7 0.00210 0.00215 1.21000     14         11.6 0.2673
2  1  25.7 0.00230 0.00234 1.21000     18         14.9 0.2357
2  1  25.7 0.00250 0.00254 1.21000     26         21.5 0.1961
2  1  25.7 0.00270 0.00273 1.21000     22         18.2 0.2132
2  1  25.7 0.00290 0.00293 1.21000     24         19.8 0.2041
2  1  25.7 0.00310 0.00313 1.21000     22         18.2 0.2132
2  1  25.7 0.00330 0.00332 1.21000     20         16.5 0.2236
2  1  25.7 0.00350 0.00352 1.21000     34         28.1 0.1715
2  1  25.7 0.00370 0.00371 1.21000     44         36.4 0.1508
2  1  25.7 0.00390 0.00391 1.21000     32         26.4 0.1768
2  1  25.7 0.00410 0.00410 1.21000     48         39.7 0.1443
2  1  25.7 0.00430 0.00430 1.21000     96         79.3 0.1021
2  1  25.7 0.00450 0.00449 1.21000    174        143.8 0.0758
2  1  25.7 0.00470 0.00469 1.21000    456        376.9 0.0468
2  1  25.7 0.00490 0.00488 1.21000   1124        928.9 0.0298
2  1  25.7 0.00510 0.00508 1.21000   2856       2360.3 0.0187
2  1  25.7 0.00530 0.00527 1.21000   6904       5705.8 0.0120
2  1  25.8 0.00550 0.00547 1.21000  17210      14223.1 0.0076
2  1  25.8 0.00570 0.00566 1.21000  39408      32568.6 0.0050
2  1  25.8 0.00590 0.00586 0.81953  71548      87303.4 0.0037
2  1  25.8 0.00610 0.00605 0.39303  72006     183209.2 0.0037
2  1  25.8 0.00630 0.00635 0.14531  71930     495018.4 0.0037
2  1  25.8 0.00650 0.00654 0.08145  71826     881836.1 0.0037
2  1  25.8 0.00670 0.00674 0.05070  71654    1413350.5 0.0037
2  1  25.8 0.00690 0.00693 0.03471  72662    2093395.9 0.0037
2  1  25.8 0.00710 0.00713 0.02615  71786    2745250.4 0.0037
2  1  25.8 0.00730 0.00732 0.02171  71952    3314071.2 0.0037
2  1  25.8 0.00750 0.00752 0.01925  71088    3692928.4 0.0038
2  1  25.8 0.00770 0.00771 0.01925  77032    4001711.4 0.0036
2  1  25.8 0.00790 0.00791 0.01715  72658    4236233.5 0.0037
2  1  25.8 0.00810 0.00811 0.01715  74782    4360070.6 0.0037
2  1  25.8 0.00830 0.00830 0.01715  76190    4442162.3 0.0036
2  1  25.8 0.00850 0.00850 0.01715  77164    4498950.2 0.0036
2  1  25.8 0.00870 0.00869 0.01715  77834    4538013.7 0.0036
2  1  25.8 0.00890 0.00889 0.01715  78266    4563200.9 0.0036
2  1  25.8 0.00910 0.00908 0.01715  78546    4579525.9 0.0036
2  1  25.8 0.00930 0.00928 0.01715  78708    4588971.1 0.0036
2  1  25.8 0.00950 0.00947 0.01715  78748    4591303.3 0.0036
2  1  25.8 0.00970 0.00967 0.01715  78716    4589437.6 0.0036
2  1  25.8 0.00990 0.00986 0.01715  78552    4579875.8 0.0036
2  1  25.8 0.01010 0.01006 0.01715  78268    4563317.5 0.0036
2  1  25.8 0.01030 0.01025 0.01715  77794    4535681.5 0.0036
2  1  25.8 0.01050 0.01055 0.01715  76600    4466066.9 0.0036
2  1  25.8 0.01070 0.01074 0.01715  75358    4393653.6 0.0036
2  1  25.8 0.01090 0.01094 0.01715  73208    4268300.6 0.0037
2  1  25.8 0.01110 0.01113 0.01715  70212    4093622.5 0.0038
2  1  25.8 0.01130 0.01133 0.01715  65860    3839884.6 0.0039
2  1  25.8 0.01150 0.01152 0.01715  60004    3498457.9 0.0041
2  1  25.8 0.01170 0.01172 0.01715  52048    3034593.3 0.0044
2  1  25.8 0.01190 0.01191 0.01715  43674    2546357.8 0.0048
2  1  25.8 0.01210 0.01211 0.01715  35638    2077828.9 0.0053
2  1  25.8 0.01230 0.01230 0.01715  29248    1705267.9 0.0058
2  1  25.8 0.01250 0.01250 0.01715  25384    1479982.3 0.0063
2  1  25.8 0.01270 0.01270 0.01715  22704    1323728.2 0.0066
2  1  25.8 0.01290 0.01289 0.01715  21288    1241170.1 0.0069
2  1  25.8 0.01310 0.01309 0.01715  20706    1207237.3 0.0069
2  1  25.8 0.01330 0.01328 0.01715  20450    1192311.6 0.0070
2  1  25.8 0.01350 0.01348 0.01715  20164    1175636.7 0.0070
2  1  25.8 0.01370 0.01367 0.01715  20098    1171788.7 0.0071
2  1  25.8 0.01390 0.01387 0.01715  20066    1169922.9 0.0071
2  1  25.8 0.01410 0.01406 0.01715  19898    1160127.9 0.0071
2  1  25.8 0.01430 0.01426 0.01715  19990    1165491.9 0.0071
2  1  25.8 0.01450 0.01445 0.01715  20190    1177152.6 0.0070
2  1  25.8 0.01470 0.01475 0.01715  20234    1179718.0 0.0070
2  1  25.8 0.01490 0.01494 0.01715  20116    1172838.1 0.0071
2  1  25.8 0.01510 0.01514 0.01715  20230    1179484.8 0.0070
2  1  25.8 0.01530 0.01533 0.01715  19852    1157445.9 0.0071
2  1  25.8 0.01550 0.01553 0.01715  20094    1171555.4 0.0071
2  1  25.8 0.01570 0.01572 0.01715  19914    1161060.8 0.0071
2  1  25.8 0.01590 0.01592 0.01715  20290    1182983.0 0.0070
2  1  25.8 0.01610 0.01611 0.01715  20090    1171322.2 0.0071
2  1  25.8 0.01630 0.01631 0.01715  20088    1171205.6 0.0071
2  1  25.8 0.01650 0.01650 0.01715  19804    1154647.4 0.0071
2  1  25.8 0.01670 0.01670 0.01715  19544    1139488.4 0.0072
2  1  25.8 0.01690 0.01689 0.01715  19084    1112668.7 0.0072
2  1  25.8 0.01710 0.01709 0.01715  18548    1081417.9 0.0073
2  1  25.8 0.01730 0.01729 0.01715  17258    1006206.0 0.0076
2  1  25.8 0.01750 0.01748 0.01715  16418     957230.9 0.0078
2  1  25.8 0.01770 0.01768 0.01715  14796     862662.2 0.0082
2  1  25.8 0.01790 0.01787 0.01715  13192     769143.0 0.0087
2  1  25.8 0.01810 0.01807 0.01715  11614     677139.7 0.0093
2  1  25.8 0.01830 0.01826 0.01715  10004     583270.7 0.0100
2  1  25.8 0.01850 0.01846 0.01715   8380     488585.4 0.0109
2  1  25.8 0.01870 0.01865 0.01715   7196     419553.7 0.0118
2  1  25.8 0.01890 0.01895 0.01715   5346     311691.8 0.0137
2  1  25.8 0.01910 0.01914 0.01715   4510     262949.9 0.0149
2  1  25.8 0.01930 0.01934 0.01715   3926     228900.5 0.0160
2  1  25.8 0.01950 0.01953 0.01715   3510     204646.1 0.0169
2  1  25.8 0.01970 0.01973 0.01715   3098     180625.0 0.0180
2  1  25.8 0.01990 0.01992 0.01715   2830     164999.6 0.0188
2  1  25.8 0.02010 0.02012 0.01715   2792     162784.1 0.0189
2  1  25.8 0.02030 0.02031 0.01715   2570     149840.6 0.0197
2  1  25.8 0.02050 0.02051 0.01715   2542     148208.1 0.0198
2  1  25.8 0.02070 0.02070 0.01715   2472     144126.9 0.0201
2  1  25.8 0.02090 0.02090 0.01715   2364     137830.1 0.0206
2  1  25.8 0.02110 0.02109 0.01715   2422     141211.7 0.0203
2  1  25.8 0.02130 0.02129 0.01715   2404     140162.2 0.0204
2  1  25.8 0.02150 0.02148 0.01715   2398     139812.4 0.0204
2  1  25.8 0.02170 0.02168 0.01715   2364     137830.1 0.0206
2  1  25.8 0.02190 0.02188 0.01715   2236     130367.2 0.0211
2  1  25.8 0.02210 0.02207 0.01806   2302     127450.1 0.0208
2  1  25.8 0.02230 0.02227 0.01849   2300     124359.3 0.0209
2  1  25.8 0.02250 0.02246 0.01849   2252     121764.0 0.0211
2  1  25.8 0.02270 0.02266 0.01901   2240     117844.7 0.0211
2  1  25.8 0.02290 0.02285 0.02011   2224     110578.9 0.0212
2  1  25.8 0.02310 0.02314 0.02050   2292     111805.8 0.0209
2  1  25.8 0.02330 0.02334 0.02151   2262     105177.9 0.0210
2  1  25.8 0.02350 0.02354 0.02315   2380     102795.6 0.0205
2  1  25.8 0.02370 0.02373 0.02315   2328     100549.6 0.0207
2  1  25.8 0.02390 0.02393 0.02315   2256      97439.8 0.0211
2  1  25.8 0.02410 0.02412 0.02377   2286      96158.3 0.0209
2  1  25.8 0.02430 0.02432 0.02497   2248      90019.7 0.0211
2  1  25.8 0.02450 0.02451 0.02683   2336      87060.3 0.0207
2  1  25.8 0.02470 0.02471 0.02781   2272      81702.7 0.0210
2  1  25.8 0.02490 0.02490 0.02989   2314      77417.6 0.0208
2  1  25.8 0.02510 0.02510 0.03083   2264      73439.6 0.0210
2  1  25.8 0.02530 0.02529 0.03488   2342      67148.7 0.0207
2  1  25.8 0.02550 0.02549 0.03708   2290      61764.2 0.0209
2  1  25.8 0.02570 0.02568 0.04352   2372      54506.8 0.0205
2  1  25.9 0.02590 0.02588 0.04721   2266      47993.4 0.0210
2  1  25.9 0.02610 0.02607 0.05369   2224      41425.3 0.0212
2  1  25.9 0.02630 0.02627 0.06246   2346      37558.1 0.0206
2  1  25.9 0.02650 0.02646 0.06933   2230      32166.3 0.0212
2  1  25.9 0.02670 0.02666 0.08305   2382      28680.5 0.0205
2  1  25.9 0.02690 0.02686 0.09163   2236      24402.3 0.0211
2  1  25.9 0.02710 0.02715 0.11385   2296      20166.3 0.0209
2  1  25.9 0.02730 0.02734 0.12511   2226      17791.6 0.0212
2  1  25.9 0.02750 0.02754 0.13379   2230      16668.5 0.0212
2  1  25.9 0.02770 0.02773 0.15631   2370      15162.1 0.0205
2  1  25.9 0.02790 0.02793 0.15902   2240      14086.4 0.0211
2  1  25.9 0.02810 0.02813 0.17458   2374      13598.7 0.0205
2  1  25.9 0.02830 0.02832 0.17458   2226      12750.9 0.0212
2  1  25.9 0.02850 0.02852 0.18419   2228      12096.1 0.0212
2  1  25.9 0.02870 0.02871 0.19342   2240      11581.1 0.0211
2  1  25.9 0.02890 0.02891 0.20059   2226      11097.5 0.0212
2  1  25.9 0.02910 0.02910 0.20750   2300      11084.6 0.0209
2  1  25.9 0.02930 0.02930 0.20750   2230      10747.2 0.0212
2  1  25.9 0.02950 0.02949 0.22238   2274      10225.7 0.0210
2  1  25.9 0.02970 0.02969 0.23047   2248       9753.9 0.0211
2  1  25.9 0.02990 0.02988 0.23797   2294       9640.0 0.0209
2  1  25.9 0.03010 0.03008 0.23797   2276       9564.3 0.0210
2  1  25.9 0.03030 0.03027 0.25203   2222       8816.3 0.0212
2  1  25.9 0.03050 0.03047 0.25203   2240       8887.7 0.0211
2  1  25.9 0.03070 0.03066 0.26235   2222       8469.7 0.0212
2  1  25.9 0.03090 0.03086 0.28188   2304       8173.6 0.0208
2  1  25.9 0.03110 0.03105 0.28418   2240       7882.2 0.0211
2  1  25.9 0.03130 0.03135 0.29507   2248       7618.4 0.0211
2  1  25.9 0.03150 0.03154 0.31431   2292       7292.1 0.0209
2  1  25.9 0.03170 0.03174 0.31920   2276       7130.4 0.0210
2  1  25.9 0.03190 0.03193 0.34801   2282       6557.2 0.0209
2  1  25.9 0.03210 0.03213 0.36753   2304       6268.9 0.0208
2  1  25.9 0.03230 0.03232 0.37222   2310       6206.0 0.0208
2  1  25.9 0.03250 0.03252 0.41543   2382       5733.8 0.0205
2  1  25.9 0.03270 0.03271 0.41543   2240       5392.0 0.0211
2  1  25.9 0.03290 0.03291 0.46175   2244       4859.8 0.0211
2  1  25.9 0.03310 0.03311 0.50007   2358       4715.3 0.0206
2  1  25.9 0.03330 0.03330 0.50007   2250       4499.4 0.0211
2  1  25.9 0.03350 0.03350 0.55600   2226       4003.6 0.0212
2  1  25.9 0.03370 0.03369 0.62522   2222       3554.0 0.0212
2  1  25.9 0.03390 0.03389 0.69338   2352       3392.1 0.0206
2  1  25.9 0.03410 0.03408 0.73190   2254       3079.7 0.0211
2  1  25.9 0.03430 0.03428 0.83484   2228       2668.8 0.0212
2  1  25.9 0.03450 0.03447 0.90400   2300       2544.2 0.0209
2  1  25.9 0.03470 0.03467 0.99244   2234       2251.0 0.0212
2  1  25.9 0.03490 0.03486 1.13087   2232       1973.7 0.0212
2  1  25.9 0.03510 0.03506 1.21000   1986       1641.3 0.0224
2  1  25.9 0.03530 0.03525 1.21000   1846       1525.6 0.0233
2  1  25.9 0.03550 0.03555 1.21000   1666       1376.9 0.0245
2  1  25.9 0.03570 0.03574 1.21000   1484       1226.4 0.0260
2  1  25.9 0.03590 0.03594 1.21000   1352       1117.4 0.0272
2  1  25.9 0.03610 0.03613 1.21000   1320       1090.9 0.0275
2  1  25.9 0.03630 0.03633 1.21000   1280       1057.9 0.0280
2  1  25.9 0.03650 0.03652 1.21000   1218       1006.6 0.0287
2  1  25.9 0.03670 0.03672 1.21000   1184        978.5 0.0291
2  1  25.9 0.03690 0.03691 1.21000   1142        943.8 0.0296
2  1  25.9 0.03710 0.03711 1.21000   1084        895.9 0.0304
2  1  25.9 0.03730 0.03730 1.21000   1072        886.0 0.0305
2  1  25.9 0.03750 0.03750 1.21000    994        821.5 0.0317
2  1  25.9 0.03770 0.03770 1.21000   1000        826.4 0.0316
2  1  25.9 0.03790 0.03789 1.21000    978        808.3 0.0320
2  1  25.9 0.03810 0.03809 1.21000    936        773.6 0.0327
2  1  25.9 0.03830 0.03828 1.21000    946        781.8 0.0325
2  1  25.9 0.03850 0.03848 1.21000    882        728.9 0.0337
2  1  26.0 0.03870 0.03867 1.21000    878        725.6 0.0337
2  1  26.0 0.03890 0.03887 1.21000    854        705.8 0.0342
2  1  26.0 0.03910 0.03906 1.21000    804        664.5 0.0353
2  1  26.0 0.03930 0.03926 1.21000    774        639.7 0.0359
2  1  26.0 0.03950 0.03945 1.21000    736        608.3 0.0369
2  1  26.0 0.03970 0.03975 1.21000    686        566.9 0.0382
2  1  26.0 0.03990 0.03994 1.21000    698        576.9 0.0379
2  2  26.0 0.00010 0.00010 1.21000     38         31.4 0.1622
2  2  26.0 0.00030 0.00029 1.21000     30         24.8 0.1826
2  2  26.0 0.00050 0.00049 1.21000     40         33.1 0.1581
2  2  26.0 0.00070 0.00068 1.21000     32         26.4 0.1768
2  2  26.0 0.00090 0.00088 1.21000     44         36.4 0.1508
2  2  26.0 0.00110 0.00107 1.21000     46         38.0 0.1474
2  2  26.0 0.00130 0.00127 1.21000     34         28.1 0.1715
2  2  26.0 0.00150 0.00146 1.21000     46         38.0 0.1474
2  2  26.0 0.00170 0.00166 1.21000     52         43.0 0.1387
2  2  26.0 0.00190 0.00186 1.21000     50         41.3 0.1414
2  2  26.0 0.00210 0.00215 1.21000     60         49.6 0.1291
2  2  26.0 0.00230 0.00234 1.21000     78         64.5 0.1132
2  2  26.0 0.00250 0.00254 1.21000     68         56.2 0.1213
2  2  26.0 0.00270 0.00273 1.21000     68         56.2 0.1213
2  2  26.0 0.00290 0.00293 1.21000     60         49.6 0.1291
2  2  26.0 0.00310 0.00313 1.21000     70         57.9 0.1195
2  2  26.0 0.00330 0.00332 1.21000     64         52.9 0.1250
2  2  26.0 0.00350 0.00352 1.21000     78         64.5 0.1132
2  2  26.0 0.00370 0.00371 1.21000     96         79.3 0.1021
2  2  26.0 0.00390 0.00391 1.21000    104         86.0 0.0981
2  2  26.0 0.00410 0.00410 1.21000    112         92.6 0.0945
2  2  26.0 0.00430 0.00430 1.21000    160        132.2 0.0791
2  2  26.0 0.00450 0.00449 1.21000    244        201.7 0.0640
2  2  26.0 0.00470 0.00469 1.21000    604        499.2 0.0407
2  2  26.0 0.00490 0.00488 1.21000   1450       1198.3 0.0263
2  2  26.0 0.00510 0.00508 1.21000   3338       2758.7 0.0173
2  2  26.0 0.00530 0.00527 1.21000   8184       6763.6 0.0111
2  2  26.0 0.00550 0.00547 1.21000  19398      16031.4 0.0072
2  2  26.0 0.00570 0.00566 1.21000  43882      36266.1 0.0048
2  2  26.0 0.00590 0.00586 0.75302  71392      94807.6 0.0037
2  2  26.0 0.00610 0.00605 0.36289  72034     198501.8 0.0037
2  2  26.0 0.00630 0.00635 0.13830  71684     518313.7 0.0037
2  2  26.0 0.00650 0.00654 0.07818  71646     916367.7 0.0037
2  2  26.0 0.00670 0.00674 0.04894  72528    1481893.0 0.0037
2  2  26.0 0.00690 0.00693 0.03401  71670    2107013.9 0.0037
2  2  26.0 0.00710 0.00713 0.02578  72294    2804706.1 0.0037
2  2  26.0 0.00730 0.00732 0.02167  71748    3311310.6 0.0037
2  2  26.0 0.00750 0.00752 0.01928  72428    3757559.4 0.0037
2  2  26.0 0.00770 0.00771 0.01928  77894    4041135.1 0.0036
2  2  26.0 0.00790 0.00791 0.01699  71996    4237939.6 0.0037
2  2  26.0 0.00810 0.00811 0.01699  74120    4362965.8 0.0037
2  2  26.0 0.00830 0.00830 0.01699  75538    4446434.3 0.0036
2  2  26.0 0.00850 0.00850 0.01699  76448    4500000.1 0.0036
2  2  26.0 0.00870 0.00869 0.01699  77106    4538732.3 0.0036
2  2  26.0 0.00890 0.00889 0.01699  77562    4565574.1 0.0036
2  2  26.0 0.00910 0.00908 0.01699  77802    4579701.3 0.0036
2  2  26.0 0.00930 0.00928 0.01699  77958    4588884.0 0.0036
2  2  26.0 0.00950 0.00947 0.01699  78012    4592062.7 0.0036
2  2  26.0 0.00970 0.00967 0.01699  77958    4588884.0 0.0036
2  2  26.0 0.00990 0.00986 0.01699  77792    4579112.7 0.0036
2  2  26.0 0.01010 0.01006 0.01699  77490    4561335.9 0.0036
2  2  26.0 0.01030 0.01025 0.01699  77016    4533434.6 0.0036
2  2  26.0 0.01050 0.01055 0.01699  75832    4463740.2 0.0036
2  2  26.0 0.01070 0.01074 0.01699  74516    4386275.7 0.0037
2  2  26.0 0.01090 0.01094 0.01699  72518    4268666.4 0.0037
2  2  26.0 0.01110 0.01113 0.01699  69610    4097491.2 0.0038
2  2  26.0 0.01130 0.01133 0.01699  65406    3850028.9 0.0039
2  2  26.0 0.01150 0.01152 0.01699  59178    3483426.7 0.0041
2  2  26.0 0.01170 0.01172 0.01699  51554    3034651.1 0.0044
2  2  26.0 0.01190 0.01191 0.01699  42670    2511707.4 0.0048
2  2  26.0 0.01210 0.01211 0.01699  34830    2050217.2 0.0054
2  2  26.0 0.01230 0.01230 0.01699  28466    1675609.6 0.0059
2  2  26.0 0.01250 0.01250 0.01699  24206    1424850.9 0.0064
2  2  26.0 0.01270 0.01270 0.01699  21360    1257325.3 0.0068
2  2  26.0 0.01290 0.01289 0.01699  19822    1166793.1 0.0071
2  2  26.0 0.01310 0.01309 0.01699  18938    1114757.8 0.0073
2  2  26.0 0.01330 0.01328 0.01699  18936    1114640.0 0.0073
2  2  26.0 0.01350 0.01348 0.01699  18628    1096510.1 0.0073
2  2  26.0 0.01370 0.01367 0.01699  18794    1106281.4 0.0073
2  2  26.0 0.01390 0.01387 0.01699  18406    1083442.4 0.0074
2  2  26.0 0.01410 0.01406 0.01699  18556    1092271.9 0.0073
2  2  26.0 0.01430 0.01426 0.01699  18578    1093566.9 0.0073
2  2  26.0 0.01450 0.01445 0.01699  18394    1082736.0 0.0074
2  2  26.0 0.01470 0.01475 0.01699  18318    1078262.4 0.0074
2  2  26.0 0.01490 0.01494 0.01699  18522    1090270.5 0.0073
2  2  26.0 0.01510 0.01514 0.01699  18554    1092154.2 0.0073
2  2  26.0 0.01530 0.01533 0.01699  18426    1084619.6 0.0074
2  2  26.0 0.01550 0.01553 0.01699  18404    1083324.6 0.0074
2  2  26.0 0.01570 0.01572 0.01699  18264    1075083.7 0.0074
2  2  26.0 0.01590 0.01592 0.01699  18346    1079910.6 0.0074
2  2  26.0 0.01610 0.01611 0.01699  18188    1070610.1 0.0074
2  2  26.0 0.01630 0.01631 0.01699  18260    1074848.3 0.0074
2  2  26.0 0.01650 0.01650 0.01699  18246    1074024.2 0.0074
2  2  26.0 0.01670 0.01670 0.01699  17906    1054010.6 0.0075
2  2  26.0 0.01690 0.01689 0.01699  17370    1022459.7 0.0076
2  2  26.1 0.01710 0.01709 0.01699  16506     971601.6 0.0078
2  2  26.1 0.01730 0.01729 0.01699  15502     912502.6 0.0080
2  2  26.1 0.01750 0.01748 0.01699  14278     840453.7 0.0084
2  2  26.1 0.01770 0.01768 0.01699  13062     768875.6 0.0087
2  2  26.1 0.01790 0.01787 0.01699  11586     681993.0 0.0093
2  2  26.1 0.01810 0.01807 0.01699   9778     575567.7 0.0101
2  2  26.1 0.01830 0.01826 0.01699   8304     488802.9 0.0110
2  2  26.1 0.01850 0.01846 0.01699   6826     401802.5 0.0121
2  2  26.1 0.01870 0.01865 0.01699   5688     334815.8 0.0133
2  2  26.1 0.01890 0.01895 0.01699   4178     245931.9 0.0155
2  2  26.1 0.01910 0.01914 0.01699   3580     210731.5 0.0167
2  2  26.1 0.01930 0.01934 0.01699   3088     181770.6 0.0180
2  2  26.1 0.01950 0.01953 0.01699   2726     160462.0 0.0192
2  2  26.1 0.01970 0.01973 0.01699   2486     146334.8 0.0201
2  2  26.1 0.01990 0.01992 0.01699   2350     138329.3 0.0206
2  2  26.1 0.02010 0.02012 0.01699   2314     136210.2 0.0208
2  2  26.1 0.02030 0.02031 0.01731   2278     131567.9 0.0210
2  2  26.1 0.02050 0.02051 0.01731   2256     130297.2 0.0211
2  2  26.1 0.02070 0.02070 0.01796   2250     125303.6 0.0211
2  2  26.1 0.02090 0.02090 0.01796   2250     125303.6 0.0211
2  2  26.1 0.02110 0.02109 0.01891   2232     118030.2 0.0212
2  2  26.1 0.02130 0.02129 0.01891   2228     117818.7 0.0212
2  2  26.1 0.02150 0.02148 0.01978   2270     114791.0 0.0210
2  2  26.1 0.02170 0.02168 0.02027   2284     112692.0 0.0209
2  2  26.1 0.02190 0.02188 0.02027   2274     112198.6 0.0210
2  2  26.1 0.02210 0.02207 0.02027   2262     111606.5 0.0210
2  2  26.1 0.02230 0.02227 0.02027   2248     110915.8 0.0211
2  2  26.1 0.02250 0.02246 0.02186   2400     109782.1 0.0204
2  2  26.1 0.02270 0.02266 0.02186   2270     103835.5 0.0210
2  2  26.1 0.02290 0.02285 0.02269   2354     103736.0 0.0206
2  2  26.1 0.02310 0.02314 0.02317   2244      96841.3 0.0211
2  2  26.1 0.02330 0.02334 0.02406   2262      94015.6 0.0210
2  2  26.1 0.02350 0.02354 0.02489   2262      90884.6 0.0210
2  2  26.1 0.02370 0.02373 0.02609   2346      89932.7 0.0206
2  2  26.1 0.02390 0.02393 0.02706   2236      82644.0 0.0211
2  2  26.1 0.02410 0.02412 0.02790   2258      80927.0 0.0210
2  2  26.1 0.02430 0.02432 0.02935   2258      76920.7 0.0210
2  2  26.1 0.02450 0.02451 0.03185   2346      73660.3 0.0206
2  2  26.1 0.02470 0.02471 0.03380   2330      68935.0 0.0207
2  2  26.1 0.02490 0.02490 0.03638   2320      63771.4 0.0208
2  2  26.1 0.02510 0.02510 0.04023   2276      56569.5 0.0210
2  2  26.1 0.02530 0.02529 0.04483   2336      52103.1 0.0207
2  2  26.1 0.02550 0.02549 0.04879   2248      46078.6 0.0211
2  2  26.1 0.02570 0.02568 0.05714   2324      40673.5 0.0207
2  2  26.1 0.02590 0.02588 0.06506   2298      35323.2 0.0209
2  2  26.1 0.02610 0.02607 0.07635   2274      29785.7 0.0210
2  2  26.1 0.02630 0.02627 0.08611   2250      26129.0 0.0211
2  2  26.1 0.02650 0.02646 0.10092   2310      22889.8 0.0208
2  2  26.1 0.02670 0.02666 0.12325   2362      19163.8 0.0206
2  2  26.1 0.02690 0.02686 0.13478   2254      16723.8 0.0211
2  2  26.1 0.02710 0.02715 0.16066   2310      14377.9 0.0208
2  2  26.1 0.02730 0.02734 0.17661   2264      12819.5 0.0210
2  2  26.1 0.02750 0.02754 0.19145   2314      12086.8 0.0208
2  2  26.1 0.02770 0.02773 0.19477   2264      11624.2 0.0210
2  2  26.1 0.02790 0.02793 0.21513   2334      10849.4 0.0207
2  2  26.1 0.02810 0.02813 0.21688   2302      10614.0 0.0208
2  2  26.1 0.02830 0.02832 0.21688   2274      10484.9 0.0210
2  2  26.1 0.02850 0.02852 0.22868   2272       9935.3 0.0210
2  2  26.1 0.02870 0.02871 0.23013   2256       9803.1 0.0211
2  2  26.1 0.02890 0.02891 0.24373   2338       9592.5 0.0207
2  2  26.1 0.02910 0.02910 0.24373   2326       9543.3 0.0207
2  2  26.1 0.02930 0.02930 0.25402   2300       9054.4 0.0209
2  2  26.1 0.02950 0.02949 0.25540   2254       8825.4 0.0211
2  2  26.1 0.02970 0.02969 0.27231   2316       8504.9 0.0208
2  2  26.1 0.02990 0.02988 0.28136   2252       8004.0 0.0211
2  2  26.1 0.03010 0.03008 0.28136   2238       7954.2 0.0211
2  2  26.1 0.03030 0.03027 0.29952   2258       7538.8 0.0210
2  2  26.1 0.03050 0.03047 0.31155   2224       7138.6 0.0212
2  2  26.1 0.03070 0.03066 0.32871   2240       6814.6 0.0211
2  2  26.1 0.03090 0.03086 0.35353   2378       6726.5 0.0205
2  2  26.1 0.03110 0.03105 0.35353   2278       6443.7 0.0210
2  2  26.1 0.03130 0.03135 0.36776   2258       6139.9 0.0210
2  2  26.1 0.03150 0.03154 0.36776   2284       6210.6 0.0209
2  2  26.1 0.03170 0.03174 0.41522   2324       5597.0 0.0207
2  2  26.1 0.03190 0.03193 0.43547   2310       5304.6 0.0208
2  2  26.1 0.03210 0.03213 0.46076   2272       4931.0 0.0210
2  2  26.1 0.03230 0.03232 0.47355   2296       4848.5 0.0209
2  2  26.1 0.03250 0.03252 0.53521   2330       4353.4 0.0207
2  2  26.1 0.03270 0.03271 0.53521   2260       4222.6 0.0210
2  2  26.1 0.03290 0.03291 0.59225   2236       3775.4 0.0211
2  2  26.1 0.03310 0.03311 0.65277   2258       3459.1 0.0210
2  2  26.1 0.03330 0.03330 0.73944   2334       3156.5 0.0207
2  2  26.1 0.03350 0.03350 0.80620   2254       2795.8 0.0211
2  2  26.1 0.03370 0.03369 0.90382   2222       2458.5 0.0212
2  2  26.1 0.03390 0.03389 1.02151   2330       2280.9 0.0207
2  2  26.1 0.03410 0.03408 1.13717   2276       2001.5 0.0210
2  2  26.1 0.03430 0.03428 1.21000   1954       1614.9 0.0226
2  2  26.1 0.03450 0.03447 1.21000   1814       1499.2 0.0235
2  2  26.1 0.03470 0.03467 1.21000   1632       1348.8 0.0248
2  2  26.1 0.03490 0.03486 1.21000   1516       1252.9 0.0257
2  2  26.1 0.03510 0.03506 1.21000   1390       1148.8 0.0268
2  2  26.1 0.03530 0.03525 1.21000   1304       1077.7 0.0277
2  2  26.1 0.03550 0.03555 1.21000   1156        955.4 0.0294
2  2  26.1 0.03570 0.03574 1.21000   1176        971.9 0.0292
2  2  26.1 0.03590 0.03594 1.21000   1078        890.9 0.0305
2  2  26.1 0.03610 0.03613 1.21000   1024        846.3 0.0312
2  2  26.1 0.03630 0.03633 1.21000   1004        829.8 0.0316
2  2  26.1 0.03650 0.03652 1.21000   1016        839.7 0.0314
2  2  26.1 0.03670 0.03672 1.21000    956        790.1 0.0323
2  2  26.1 0.03690 0.03691 1.21000    924        763.6 0.0329
2  2  26.1 0.03710 0.03711 1.21000    922        762.0 0.0329
2  2  26.1 0.03730 0.03730 1.21000    872        720.7 0.0339
2  2  26.1 0.03750 0.03750 1.21000    882        728.9 0.0337
2  2  26.1 0.03770 0.03770 1.21000    796        657.9 0.0354
2  2  26.1 0.03790 0.03789 1.21000    804        664.5 0.0353
2  2  26.1 0.03810 0.03809 1.21000    778        643.0 0.0359
2  2  26.1 0.03830 0.03828 1.21000    752        621.5 0.0365
2  2  26.1 0.03850 0.03848 1.21000    776        641.3 0.0359
2  2  26.1 0.03870 0.03867 1.21000    706        583.5 0.0376
2  2  26.1 0.03890 0.03887 1.21000    676        558.7 0.0385
2  2  26.1 0.03910 0.03906 1.21000    700        578.5 0.0378
2  2  26.1 0.03930 0.03926 1.21000    628        519.0 0.0399
2  2  26.1 0.03950 0.03945 1.21000    632        522.3 0.0398
2  2  26.1 0.03970 0.03975 1.21000    568        469.4 0.0420
2  2  26.1 0.03990 0.03994 1.21000    548        452.9 0.0427
2  3  26.1 0.00010 0.00010 1.21000     22         18.2 0.2132
2  3  26.1 0.00030 0.00029 1.21000     18         14.9 0.2357
2  3  26.2 0.00050 0.00049 1.21000     22         18.2 0.2132
2  3  26.2 0.00070 0.00068 1.21000     18         14.9 0.2357
2  3  26.2 0.00090 0.00088 1.21000     20         16.5 0.2236
2  3  26.2 0.00110 0.00107 1.21000     26         21.5 0.1961
2  3  26.2 0.00130 0.00127 1.21000     18         14.9 0.2357
2  3  26.2 0.00150 0.00146 1.21000     30         24.8 0.1826
2  3  26.2 0.00170 0.00166 1.21000     28         23.1 0.1890
2  3  26.2 0.00190 0.00186 1.21000     26         21.5 0.1961
2  3  26.2 0.00210 0.00215 1.21000     30         24.8 0.1826
2  3  26.2 0.00230 0.00234 1.21000     16         13.2 0.2500
2  3  26.2 0.00250 0.00254 1.21000     30         24.8 0.1826
2  3  26.2 0.00270 0.00273 1.21000     42         34.7 0.1543
2  3  26.2 0.00290 0.00293 1.21000     40         33.1 0.1581
2  3  26.2 0.00310 0.00313 1.21000     48         39.7 0.1443
2  3  26.2 0.00330 0.00332 1.21000     56         46.3 0.1336
2  3  26.2 0.00350 0.00352 1.21000     56         46.3 0.1336
2  3  26.2 0.00370 0.00371 1.21000     48         39.7 0.1443
2  3  26.2 0.00390 0.00391 1.21000     62         51.2 0.1270
2  3  26.2 0.00410 0.00410 1.21000     74         61.2 0.1162
2  3  26.2 0.00430 0.00430 1.21000    110         90.9 0.0953
2  3  26.2 0.00450 0.00449 1.21000    196        162.0 0.0714
2  3  26.2 0.00470 0.00469 1.21000    456        376.9 0.0468
2  3  26.2 0.00490 0.00488 1.21000   1078        890.9 0.0305
2  3  26.2 0.00510 0.00508 1.21000   2706       2236.4 0.0192
2  3  26.2 0.00530 0.00527 1.21000   6964       5755.4 0.0120
2  3  26.2 0.00550 0.00547 1.21000  17018      14064.5 0.0077
2  3  26.2 0.00570 0.00566 1.21000  38824      32086.0 0.0051
2  3  26.2 0.00590 0.00586 0.85873  72592      84534.2 0.0037
2  3  26.2 0.00610 0.00605 0.40398  72088     178445.9 0.0037
2  3  26.2 0.00630 0.00635 0.14986  71832     479316.4 0.0037
2  3  26.2 0.00650 0.00654 0.08443  71904     851666.1 0.0037
2  3  26.2 0.00670 0.00674 0.05142  71868    1397782.9 0.0037
2  3  26.2 0.00690 0.00693 0.03544  71374    2013702.0 0.0037
2  3  26.2 0.00710 0.00713 0.02665  72212    2709781.7 0.0037
2  3  26.2 0.00730 0.00732 0.02185  71138    3255281.9 0.0037
2  3  26.2 0.00750 0.00752 0.01951  72262    3703889.7 0.0037
2  3  26.2 0.00770 0.00771 0.01951  77990    3997486.3 0.0036
2  3  26.2 0.00790 0.00791 0.01715  72258    4213764.3 0.0037
2  3  26.2 0.00810 0.00811 0.01715  74460    4342175.1 0.0037
2  3  26.2 0.00830 0.00830 0.01715  76016    4432914.1 0.0036
2  3  26.2 0.00850 0.00850 0.01715  77014    4491113.0 0.0036
2  3  26.2 0.00870 0.00869 0.01715  77692    4530651.0 0.0036
2  3  26.2 0.00890 0.00889 0.01715  78140    4556776.3 0.0036
2  3  26.2 0.00910 0.00908 0.01715  78426    4573454.6 0.0036
2  3  26.2 0.00930 0.00928 0.01715  78630    4585350.9 0.0036
2  3  26.2 0.00950 0.00947 0.01715  78682    4588383.4 0.0036
2  3  26.2 0.00970 0.00967 0.01715  78662    4587217.0 0.0036
2  3  26.2 0.00990 0.00986 0.01715  78526    4579286.1 0.0036
2  3  26.2 0.01010 0.01006 0.01715  78252    4563307.7 0.0036
2  3  26.2 0.01030 0.01025 0.01715  77788    4536249.3 0.0036
2  3  26.2 0.01050 0.01055 0.01715  76670    4471052.5 0.0036
2  3  26.2 0.01070 0.01074 0.01715  75434    4398974.5 0.0036
2  3  26.2 0.01090 0.01094 0.01715  73530    4287941.7 0.0037
2  3  26.2 0.01110 0.01113 0.01715  70780    4127574.0 0.0038
2  3  26.2 0.01130 0.01133 0.01715  66734    3891629.3 0.0039
2  3  26.2 0.01150 0.01152 0.01715  61042    3559697.2 0.0040
2  3  26.2 0.01170 0.01172 0.01715  53800    3137376.1 0.0043
2  3  26.2 0.01190 0.01191 0.01715  45752    2668052.6 0.0047
2  3  26.2 0.01210 0.01211 0.01715  38630    2252729.3 0.0051
2  3  26.2 0.01230 0.01230 0.01715  32988    1923713.0 0.0055
2  3  26.2 0.01250 0.01250 0.01715  28632    1669690.6 0.0059
2  3  26.2 0.01270 0.01270 0.01715  26282    1532649.0 0.0062
2  3  26.2 0.01290 0.01289 0.01715  25152    1466752.5 0.0063
2  3  26.2 0.01310 0.01309 0.01715  24288    1416367.8 0.0064
2  3  26.2 0.01330 0.01328 0.01715  23910    1394324.6 0.0065
2  3  26.2 0.01350 0.01348 0.01715  23726    1383594.5 0.0065
2  3  26.2 0.01370 0.01367 0.01715  23760    1385577.2 0.0065
2  3  26.2 0.01390 0.01387 0.01715  23898    1393624.8 0.0065
2  3  26.2 0.01410 0.01406 0.01715  23872    1392108.6 0.0065
2  3  26.2 0.01430 0.01426 0.01715  23792    1387443.3 0.0065
2  3  26.2 0.01450 0.01445 0.01715  23628    1377879.6 0.0065
2  3  26.2 0.01470 0.01475 0.01715  23900    1393741.4 0.0065
2  3  26.2 0.01490 0.01494 0.01715  23960    1397240.3 0.0065
2  3  26.2 0.01510 0.01514 0.01715  23618    1377296.4 0.0065
2  3  26.2 0.01530 0.01533 0.01715  23868    1391875.3 0.0065
2  3  26.2 0.01550 0.01553 0.01715  23862    1391525.4 0.0065
2  3  26.2 0.01570 0.01572 0.01715  23720    1383244.6 0.0065
2  3  26.2 0.01590 0.01592 0.01715  23646    1378929.3 0.0065
2  3  26.2 0.01610 0.01611 0.01715  23324    1360151.7 0.0065
2  3  26.2 0.01630 0.01631 0.01715  23066    1345106.3 0.0066
2  3  26.2 0.01650 0.01650 0.01715  22778    1328311.4 0.0066
2  3  26.2 0.01670 0.01670 0.01715  22314    1301253.0 0.0067
2  3  26.2 0.01690 0.01689 0.01715  21400    1247952.6 0.0068
2  3  26.2 0.01710 0.01709 0.01715  20372    1188004.2 0.0070
2  3  26.2 0.01730 0.01729 0.01715  19068    1111960.7 0.0072
2  3  26.2 0.01750 0.01748 0.01715  17266    1006876.1 0.0076
2  3  26.2 0.01770 0.01768 0.01715  15576     908322.9 0.0080
2  3  26.2 0.01790 0.01787 0.01715  13496     787026.5 0.0086
2  3  26.2 0.01810 0.01807 0.01715  11364     662697.8 0.0094
2  3  26.2 0.01830 0.01826 0.01715   9694     565310.8 0.0102
2  3  26.2 0.01850 0.01846 0.01715   8222     479470.4 0.0110
2  3  26.2 0.01870 0.01865 0.01715   6902     402493.9 0.0120
2  3  26.2 0.01890 0.01895 0.01715   5350     311988.1 0.0137
2  3  26.2 0.01910 0.01914 0.01715   4704     274316.3 0.0146
2  3  26.2 0.01930 0.01934 0.01715   4350     253672.6 0.0152
2  3  26.2 0.01950 0.01953 0.01715   3960     230929.5 0.0159
2  3  26.2 0.01970 0.01973 0.01715   3678     214484.6 0.0165
2  3  26.2 0.01990 0.01992 0.01715   3414     199089.3 0.0171
2  3  26.2 0.02010 0.02012 0.01715   3272     190808.4 0.0175
2  3  26.2 0.02030 0.02031 0.01715   3374     196756.6 0.0172
2  3  26.2 0.02050 0.02051 0.01715   3124     182177.7 0.0179
2  3  26.2 0.02070 0.02070 0.01715   3094     180428.3 0.0180
2  3  26.2 0.02090 0.02090 0.01715   3154     183927.2 0.0178
2  3  26.2 0.02110 0.02109 0.01715   2964     172847.3 0.0184
2  3  26.2 0.02130 0.02129 0.01715   2958     172497.4 0.0184
2  3  26.2 0.02150 0.02148 0.01715   2896     168881.8 0.0186
2  3  26.2 0.02170 0.02168 0.01715   2804     163516.8 0.0189
2  3  26.2 0.02190 0.02188 0.01715   2774     161767.3 0.0190
2  3  26.2 0.02210 0.02207 0.01715   2694     157102.1 0.0193
2  3  26.2 0.02230 0.02227 0.01715   2706     157801.9 0.0192
2  3  26.2 0.02250 0.02246 0.01715   2574     150104.2 0.0197
2  3  26.2 0.02270 0.02266 0.01715   2532     147654.9 0.0199
2  3  26.2 0.02290 0.02285 0.01715   2488     145089.1 0.0200
2  3  26.2 0.02310 0.02314 0.01715   2352     137158.2 0.0206
2  3  26.2 0.02330 0.02334 0.01741   2242     128742.9 0.0211
2  3  26.2 0.02350 0.02354 0.01782   2276     127754.3 0.0210
2  3  26.2 0.02370 0.02373 0.01851   2234     120700.7 0.0212
2  3  26.2 0.02390 0.02393 0.01927   2258     117165.9 0.0210
2  3  26.2 0.02410 0.02412 0.02035   2250     110550.7 0.0211
2  3  26.2 0.02430 0.02432 0.02183   2282     104553.9 0.0209
2  3  26.2 0.02450 0.02451 0.02398   2242      93484.5 0.0211
2  3  26.2 0.02470 0.02471 0.02490   2284      91721.3 0.0209
2  3  26.2 0.02490 0.02490 0.02855   2318      81189.0 0.0208
2  3  26.2 0.02510 0.02510 0.03166   2258      71328.2 0.0210
2  3  26.2 0.02530 0.02529 0.03574   2284      63902.0 0.0209
2  3  26.2 0.02550 0.02549 0.04011   2278      56792.8 0.0210
2  3  26.2 0.02570 0.02568 0.04589   2308      50289.9 0.0208
2  3  26.2 0.02590 0.02588 0.05237   2320      44302.6 0.0208
2  3  26.2 0.02610 0.02607 0.06044   2266      37489.8 0.0210
2  3  26.2 0.02630 0.02627 0.06916   2284      33025.8 0.0209
2  3  26.2 0.02650 0.02646 0.07946   2242      28216.7 0.0211
2  3  26.2 0.02670 0.02666 0.08891   2256      25373.1 0.0211
2  3  26.2 0.02690 0.02686 0.09874   2250      22786.1 0.0211
2  3  26.2 0.02710 0.02715 0.11030   2312      20960.9 0.0208
2  3  26.2 0.02730 0.02734 0.11815   2240      18958.6 0.0211
2  3  26.2 0.02750 0.02754 0.12478   2264      18144.1 0.0210
2  3  26.2 0.02770 0.02773 0.13254   2238      16885.1 0.0211
2  3  26.2 0.02790 0.02793 0.14332   2390      16675.7 0.0205
2  3  26.2 0.02810 0.02813 0.14332   2228      15545.3 0.0212
2  3  26.2 0.02830 0.02832 0.14689   2274      15480.7 0.0210
2  3  26.2 0.02850 0.02852 0.14972   2240      14961.0 0.0211
2  3  26.2 0.02870 0.02871 0.15261   2272      14887.9 0.0210
2  3  26.2 0.02890 0.02891 0.16048   2232      13908.5 0.0212
2  3  26.2 0.02910 0.02910 0.16048   2268      14132.9 0.0210
2  3  26.2 0.02930 0.02930 0.16741   2230      13320.7 0.0212
2  3  26.2 0.02950 0.02949 0.18055   2300      12738.6 0.0209
2  3  26.2 0.02970 0.02969 0.18055   2234      12373.1 0.0212
2  3  26.2 0.02990 0.02988 0.18888   2320      12282.7 0.0208
2  3  26.2 0.03010 0.03008 0.20469   2324      11353.6 0.0207
2  3  26.2 0.03030 0.03027 0.20469   2256      11021.4 0.0211
2  3  26.2 0.03050 0.03047 0.20940   2250      10744.8 0.0211
2  3  26.2 0.03070 0.03066 0.21642   2236      10331.9 0.0211
2  3  26.2 0.03090 0.03086 0.23097   2330      10087.9 0.0207
2  3  26.2 0.03110 0.03105 0.23097   2232       9663.6 0.0212
2  3  26.2 0.03130 0.03135 0.25602   2236       8733.6 0.0211
2  3  26.2 0.03150 0.03154 0.27403   2244       8189.0 0.0211
2  3  26.2 0.03170 0.03174 0.29050   2242       7717.7 0.0211
2  3  26.2 0.03190 0.03193 0.31061   2362       7604.3 0.0206
2  3  26.2 0.03210 0.03213 0.33561   2242       6680.4 0.0211
2  3  26.2 0.03230 0.03232 0.35154   2276       6474.3 0.0210
2  3  26.2 0.03250 0.03252 0.39332   2300       5847.7 0.0209
2  3  26.2 0.03270 0.03271 0.41977   2318       5522.1 0.0208
2  3  26.2 0.03290 0.03291 0.46086   2326       5047.1 0.0207
2  3  26.2 0.03310 0.03311 0.51018   2310       4527.8 0.0208
2  3  26.2 0.03330 0.03330 0.56908   2262       3974.8 0.0210
2  3  26.2 0.03350 0.03350 0.66171   2286       3454.7 0.0209
2  3  26.2 0.03370 0.03369 0.74258   2300       3097.3 0.0209
2  3  26.2 0.03390 0.03389 0.82583   2310       2797.2 0.0208
2  3  26.2 0.03410 0.03408 0.91385   2318       2536.5 0.0208
2  3  26.2 0.03430 0.03428 0.99246   2234       2251.0 0.0212
2  3  26.2 0.03450 0.03447 1.09854   2308       2101.0 0.0208
2  3  26.3 0.03470 0.03467 1.14492   2312       2019.4 0.0208
2  3  26.3 0.03490 0.03486 1.21000   2088       1725.6 0.0219
2  3  26.3 0.03510 0.03506 1.21000   1906       1575.2 0.0229
2  3  26.3 0.03530 0.03525 1.21000   1880       1553.7 0.0231
2  3  26.3 0.03550 0.03555 1.21000   1738       1436.4 0.0240
2  3  26.3 0.03570 0.03574 1.21000   1648       1362.0 0.0246
2  3  26.3 0.03590 0.03594 1.21000   1610       1330.6 0.0249
2  3  26.3 0.03610 0.03613 1.21000   1512       1249.6 0.0257
2  3  26.3 0.03630 0.03633 1.21000   1450       1198.3 0.0263
2  3  26.3 0.03650 0.03652 1.21000   1432       1183.5 0.0264
2  3  26.3 0.03670 0.03672 1.21000   1384       1143.8 0.0269
2  3  26.3 0.03690 0.03691 1.21000   1350       1115.7 0.0272
2  3  26.3 0.03710 0.03711 1.21000   1282       1059.5 0.0279
2  3  26.3 0.03730 0.03730 1.21000   1224       1011.6 0.0286
2  3  26.3 0.03750 0.03750 1.21000   1288       1064.5 0.0279
2  3  26.3 0.03770 0.03770 1.21000   1180        975.2 0.0291
2  3  26.3 0.03790 0.03789 1.21000   1186        980.2 0.0290
2  3  26.3 0.03810 0.03809 1.21000   1148        948.8 0.0295
2  3  26.3 0.03830 0.03828 1.21000   1120        925.6 0.0299
2  3  26.3 0.03850 0.03848 1.21000   1068        882.6 0.0306
2  3  26.3 0.03870 0.03867 1.21000   1012        836.4 0.0314
2  3  26.3 0.03890 0.03887 1.21000    986        814.9 0.0318
2  3  26.3 0.03910 0.03906 1.21000    976        806.6 0.0320
2  3  26.3 0.03930 0.03926 1.21000    866        715.7 0.0340
2  3  26.3 0.03950 0.03945 1.21000    842        695.9 0.0345
2  3  26.3 0.03970 0.03975 1.21000    786        649.6 0.0357
2  3  26.3 0.03990 0.03994 1.21000    716        591.7 0.0374
