# Scan Time    : Fri, 18 Mar 2022 07:43:50 +0000 (GMT) +983313000 nsec
# Board Lane   : 6
# Board Loc    : BTOF - Southwest
# SiPM Biases  :  56.857  57.028  57.133  56.714
# SiPM Currents:   1.062   1.154   1.438   1.026
#
0 -1  25.8 0.00010 0.00010 1.21000      0          0.0 999.9990
0 -1  25.8 0.00030 0.00029 1.21000      0          0.0 999.9990
0 -1  25.8 0.00050 0.00049 1.21000      0          0.0 999.9990
0 -1  25.8 0.00070 0.00068 1.21000      0          0.0 999.9990
0 -1  25.8 0.00090 0.00088 1.21000      0          0.0 999.9990
0 -1  25.8 0.00110 0.00107 1.21000      0          0.0 999.9990
0 -1  25.8 0.00130 0.00127 1.21000      0          0.0 999.9990
0 -1  25.8 0.00150 0.00146 1.21000      0          0.0 999.9990
0 -1  25.8 0.00170 0.00166 1.21000      0          0.0 999.9990
0 -1  25.8 0.00190 0.00186 1.21000      0          0.0 999.9990
0 -1  25.8 0.00210 0.00215 1.21000      0          0.0 999.9990
0 -1  25.8 0.00230 0.00234 1.21000      2          1.7 0.7071
0 -1  25.8 0.00250 0.00254 1.21000      0          0.0 999.9990
0 -1  25.8 0.00270 0.00273 1.21000      0          0.0 999.9990
0 -1  25.8 0.00290 0.00293 1.21000      0          0.0 999.9990
0 -1  25.8 0.00310 0.00313 1.21000      4          3.3 0.5000
0 -1  25.8 0.00330 0.00332 1.21000      4          3.3 0.5000
0 -1  25.8 0.00350 0.00352 1.21000      0          0.0 999.9990
0 -1  25.8 0.00370 0.00371 1.21000      2          1.7 0.7071
0 -1  25.8 0.00390 0.00391 1.21000      2          1.7 0.7071
0 -1  25.8 0.00410 0.00410 1.21000      6          5.0 0.4082
0 -1  25.8 0.00430 0.00430 1.21000      6          5.0 0.4082
0 -1  25.8 0.00450 0.00449 1.21000      0          0.0 999.9990
0 -1  25.8 0.00470 0.00469 1.21000     10          8.3 0.3162
0 -1  25.8 0.00490 0.00488 1.21000     14         11.6 0.2673
0 -1  25.8 0.00510 0.00508 1.21000     12          9.9 0.2887
0 -1  25.8 0.00530 0.00527 1.21000     10          8.3 0.3162
0 -1  25.8 0.00550 0.00547 1.21000      8          6.6 0.3536
0 -1  25.8 0.00570 0.00566 1.21000     12          9.9 0.2887
0 -1  25.8 0.00590 0.00586 1.21000     16         13.2 0.2500
0 -1  25.8 0.00610 0.00605 1.21000     18         14.9 0.2357
0 -1  25.8 0.00630 0.00635 1.21000     20         16.5 0.2236
0 -1  25.8 0.00650 0.00654 1.21000     24         19.8 0.2041
0 -1  25.8 0.00670 0.00674 1.21000     28         23.1 0.1890
0 -1  25.8 0.00690 0.00693 1.21000     38         31.4 0.1622
0 -1  25.8 0.00710 0.00713 1.21000     70         57.9 0.1195
0 -1  25.8 0.00730 0.00732 1.21000     76         62.8 0.1147
0 -1  25.8 0.00750 0.00752 1.21000    136        112.4 0.0857
0 -1  25.8 0.00770 0.00771 1.21000    346        286.0 0.0538
0 -1  25.8 0.00790 0.00791 1.21000    866        715.7 0.0340
0 -1  25.8 0.00810 0.00811 1.21000   2076       1715.7 0.0219
0 -1  25.8 0.00830 0.00830 1.21000   5374       4441.3 0.0136
0 -1  25.8 0.00850 0.00850 1.21000  12728      10519.0 0.0089
0 -1  25.8 0.00870 0.00869 1.21000  30222      24976.9 0.0058
0 -1  25.8 0.00890 0.00889 1.21000  65872      54439.7 0.0039
0 -1  25.8 0.00910 0.00908 0.58482  71970     123063.0 0.0037
0 -1  25.8 0.00930 0.00928 0.28401  72200     254214.3 0.0037
0 -1  25.8 0.00950 0.00947 0.15602  76146     488068.5 0.0036
0 -1  25.8 0.00970 0.00967 0.08570  77946     909490.7 0.0036
0 -1  25.8 0.00990 0.00986 0.04708  77894    1654547.6 0.0036
0 -1  25.8 0.01010 0.01006 0.02655  71454    2691781.4 0.0037
0 -1  25.8 0.01030 0.01025 0.01728  70838    4099599.5 0.0038
0 -1  25.8 0.01050 0.01055 0.01082  72050    6658961.2 0.0037
0 -1  25.8 0.01070 0.01074 0.00871  71882    8256312.7 0.0037
0 -1  25.8 0.01090 0.01094 0.00758  72044    9500297.6 0.0037
0 -1  25.8 0.01110 0.01113 0.00680  71556   10527894.7 0.0037
0 -1  25.8 0.01130 0.01133 0.00680  76906   11315029.7 0.0036
0 -1  25.8 0.01150 0.01152 0.00606  73154   12074298.1 0.0037
0 -1  25.8 0.01170 0.01172 0.00606  76000   12544039.3 0.0036
0 -1  25.8 0.01190 0.01191 0.00606  77804   12841795.2 0.0036
0 -1  25.8 0.01210 0.01211 0.00606  79542   13128657.6 0.0035
0 -1  25.8 0.01230 0.01230 0.00541  71940   13299454.0 0.0037
0 -1  25.8 0.01250 0.01250 0.00541  72534   13409266.1 0.0037
0 -1  25.8 0.01270 0.01270 0.00541  72988   13493196.4 0.0037
0 -1  25.8 0.01290 0.01289 0.00541  73144   13522036.0 0.0037
0 -1  25.8 0.01310 0.01309 0.00541  72952   13486541.2 0.0037
0 -1  25.8 0.01330 0.01328 0.00541  72542   13410745.0 0.0037
0 -1  25.8 0.01350 0.01348 0.00541  71744   13263219.8 0.0037
0 -1  25.8 0.01370 0.01367 0.00541  70300   12996269.4 0.0038
0 -1  25.8 0.01390 0.01387 0.00541  68360   12637624.1 0.0038
0 -1  25.8 0.01410 0.01406 0.00541  65474   12104093.1 0.0039
0 -1  25.8 0.01430 0.01426 0.00541  61474   11364618.3 0.0040
0 -1  25.8 0.01450 0.01445 0.00541  56034   10358932.6 0.0042
0 -1  25.8 0.01470 0.01475 0.00541  46404    8578647.0 0.0046
0 -1  25.8 0.01490 0.01494 0.00541  39618    7324128.0 0.0050
0 -1  25.8 0.01510 0.01514 0.00541  34280    6337298.9 0.0054
0 -1  25.8 0.01530 0.01533 0.00541  29896    5526834.6 0.0058
0 -1  25.8 0.01550 0.01553 0.00541  27156    5020294.3 0.0061
0 -1  25.8 0.01570 0.01572 0.00541  25244    4666825.4 0.0063
0 -1  25.8 0.01590 0.01592 0.00541  24310    4494158.0 0.0064
0 -1  25.8 0.01610 0.01611 0.00541  23536    4351069.6 0.0065
0 -1  25.8 0.01630 0.01631 0.00541  23312    4309659.1 0.0065
0 -1  25.8 0.01650 0.01650 0.00541  23370    4320381.4 0.0065
0 -1  25.8 0.01670 0.01670 0.00541  23110    4272315.6 0.0066
0 -1  25.8 0.01690 0.01689 0.00541  23078    4266399.8 0.0066
0 -1  25.8 0.01710 0.01709 0.00541  22942    4241257.6 0.0066
0 -1  25.8 0.01730 0.01729 0.00541  23050    4261223.5 0.0066
0 -1  25.8 0.01750 0.01748 0.00541  22600    4178032.5 0.0067
0 -1  25.8 0.01770 0.01768 0.00541  22658    4188754.9 0.0066
0 -1  25.8 0.01790 0.01787 0.00541  22806    4216115.5 0.0066
0 -1  25.8 0.01810 0.01807 0.00541  22788    4212787.9 0.0066
0 -1  25.8 0.01830 0.01826 0.00541  22630    4183578.6 0.0066
0 -1  25.8 0.01850 0.01846 0.00541  23028    4257156.4 0.0066
0 -1  25.8 0.01870 0.01865 0.00541  23010    4253828.7 0.0066
0 -1  25.8 0.01890 0.01895 0.00541  22922    4237560.3 0.0066
0 -1  25.8 0.01910 0.01914 0.00541  22748    4205393.1 0.0066
0 -1  25.8 0.01930 0.01934 0.00541  22702    4196889.2 0.0066
0 -1  25.8 0.01950 0.01953 0.00541  22388    4138840.4 0.0067
0 -1  25.8 0.01970 0.01973 0.00541  22418    4144386.4 0.0067
0 -1  25.8 0.01990 0.01992 0.00541  21966    4060825.8 0.0067
0 -1  25.8 0.02010 0.02012 0.00541  21128    3905905.8 0.0069
0 -1  25.8 0.02030 0.02031 0.00541  20096    3715121.3 0.0071
0 -1  25.8 0.02050 0.02051 0.00541  19024    3516942.1 0.0073
0 -1  25.8 0.02070 0.02070 0.00541  17590    3251840.4 0.0075
0 -1  25.8 0.02090 0.02090 0.00541  16128    2981562.3 0.0079
0 -1  25.8 0.02110 0.02109 0.00541  14302    2643992.1 0.0084
0 -1  25.8 0.02130 0.02129 0.00541  12924    2389243.0 0.0088
0 -1  25.8 0.02150 0.02148 0.00541  11184    2067571.5 0.0095
0 -1  25.8 0.02170 0.02168 0.00541   9766    1805427.7 0.0101
0 -1  25.8 0.02190 0.02188 0.00541   8556    1581736.6 0.0108
0 -1  25.8 0.02210 0.02207 0.00541   7476    1382078.4 0.0116
0 -1  25.8 0.02230 0.02227 0.00541   6774    1252300.6 0.0122
0 -1  25.8 0.02250 0.02246 0.00541   5788    1070020.0 0.0131
0 -1  25.8 0.02270 0.02266 0.00541   5508    1018256.8 0.0135
0 -1  25.8 0.02290 0.02285 0.00541   5068     936914.6 0.0140
0 -1  25.8 0.02310 0.02314 0.00541   4602     850765.7 0.0147
0 -1  25.8 0.02330 0.02334 0.00541   4510     833757.8 0.0149
0 -1  25.8 0.02350 0.02354 0.00541   4278     790868.3 0.0153
0 -1  25.8 0.02370 0.02373 0.00541   4210     778297.2 0.0154
0 -1  25.8 0.02390 0.02393 0.00541   3990     737626.1 0.0158
0 -1  25.8 0.02410 0.02412 0.00541   3820     706198.4 0.0162
0 -1  25.8 0.02430 0.02432 0.00541   3874     716181.3 0.0161
0 -1  25.8 0.02450 0.02451 0.00541   3708     685493.1 0.0164
0 -1  25.8 0.02470 0.02471 0.00541   3574     660720.7 0.0167
0 -1  25.8 0.02490 0.02490 0.00541   3572     660351.0 0.0167
0 -1  25.8 0.02510 0.02510 0.00541   3480     643343.1 0.0170
0 -1  25.8 0.02530 0.02529 0.00541   3364     621898.3 0.0172
0 -1  25.8 0.02550 0.02549 0.00541   3268     604150.9 0.0175
0 -1  25.8 0.02570 0.02568 0.00541   3208     593058.8 0.0177
0 -1  25.8 0.02590 0.02588 0.00541   3054     564589.0 0.0181
0 -1  25.8 0.02610 0.02607 0.00541   2892     534640.3 0.0186
0 -1  25.8 0.02630 0.02627 0.00541   2844     525766.6 0.0188
0 -1  25.8 0.02650 0.02646 0.00541   2816     520590.3 0.0188
0 -1  25.8 0.02670 0.02666 0.00541   2674     494338.9 0.0193
0 -1  25.8 0.02690 0.02686 0.00541   2510     464020.4 0.0200
0 -1  25.8 0.02710 0.02715 0.00541   2374     438878.3 0.0205
0 -1  25.8 0.02730 0.02734 0.00541   2280     421500.6 0.0209
0 -1  25.8 0.02750 0.02754 0.00568   2332     410738.3 0.0207
0 -1  25.8 0.02770 0.02773 0.00587   2314     393994.6 0.0208
0 -1  25.8 0.02790 0.02793 0.00621   2322     373649.5 0.0208
0 -1  25.8 0.02810 0.02813 0.00682   2302     337422.4 0.0208
0 -1  25.8 0.02830 0.02832 0.00739   2272     307453.8 0.0210
0 -1  25.8 0.02850 0.02852 0.00812   2290     281964.2 0.0209
0 -1  25.8 0.02870 0.02871 0.00910   2318     254752.8 0.0208
0 -1  25.8 0.02890 0.02891 0.00983   2244     228183.1 0.0211
0 -1  25.8 0.02910 0.02910 0.01081   2246     207829.7 0.0211
0 -1  25.8 0.02930 0.02930 0.01205   2290     190097.0 0.0209
0 -1  25.8 0.02950 0.02949 0.01353   2244     165894.2 0.0211
0 -1  25.8 0.02970 0.02969 0.01528   2242     146722.5 0.0211
0 -1  25.8 0.02990 0.02988 0.01668   2248     134759.2 0.0211
0 -1  25.8 0.03010 0.03008 0.01810   2260     124869.5 0.0210
0 -1  25.8 0.03030 0.03027 0.02017   2256     111856.9 0.0211
0 -1  25.8 0.03050 0.03047 0.02157   2264     104978.8 0.0210
0 -1  25.8 0.03070 0.03066 0.02279   2222      97505.3 0.0212
0 -1  25.8 0.03090 0.03086 0.02427   2242      92366.7 0.0211
0 -1  25.8 0.03110 0.03105 0.02660   2396      90068.1 0.0204
0 -1  25.8 0.03130 0.03135 0.02839   2242      78978.3 0.0211
0 -1  25.8 0.03150 0.03154 0.02974   2318      77941.4 0.0208
0 -1  25.8 0.03170 0.03174 0.03057   2262      74004.7 0.0210
0 -1  25.8 0.03190 0.03193 0.03225   2242      69522.9 0.0211
0 -1  25.8 0.03210 0.03213 0.03355   2266      67547.5 0.0210
0 -1  25.8 0.03230 0.03232 0.03560   2320      65173.4 0.0208
0 -1  25.8 0.03250 0.03252 0.03742   2348      62754.0 0.0206
0 -1  25.8 0.03270 0.03271 0.03742   2224      59439.9 0.0212
0 -1  25.8 0.03290 0.03291 0.03986   2260      56695.6 0.0210
0 -1  25.8 0.03310 0.03311 0.04258   2324      54575.3 0.0207
0 -1  25.8 0.03330 0.03330 0.04336   2286      52716.6 0.0209
0 -1  25.8 0.03350 0.03350 0.04606   2252      48890.5 0.0211
0 -1  25.8 0.03370 0.03369 0.04725   2316      49020.4 0.0208
0 -1  25.8 0.03390 0.03389 0.05037   2276      45181.6 0.0210
0 -1  25.8 0.03410 0.03408 0.05270   2304      43720.2 0.0208
0 -1  25.8 0.03430 0.03428 0.05606   2302      41059.8 0.0208
0 -1  25.8 0.03450 0.03447 0.05942   2378      40020.2 0.0205
0 -1  25.8 0.03470 0.03467 0.06040   2298      38047.3 0.0209
0 -1  25.8 0.03490 0.03486 0.06625   2242      33842.8 0.0211
0 -1  25.8 0.03510 0.03506 0.06746   2296      34036.7 0.0209
0 -1  25.8 0.03530 0.03525 0.07041   2226      31616.3 0.0212
0 -1  25.8 0.03550 0.03555 0.07799   2250      28850.6 0.0211
0 -1  25.8 0.03570 0.03574 0.08647   2368      27384.7 0.0205
0 -1  25.8 0.03590 0.03594 0.08920   2238      25089.2 0.0211
0 -1  25.8 0.03610 0.03613 0.09185   2240      24388.4 0.0211
0 -1  25.8 0.03630 0.03633 0.10349   2372      22921.1 0.0205
0 -1  25.8 0.03650 0.03652 0.11136   2278      20456.0 0.0210
0 -1  25.8 0.03670 0.03672 0.11885   2226      18729.6 0.0212
0 -1  25.8 0.03690 0.03691 0.13224   2222      16802.5 0.0212
0 -1  25.8 0.03710 0.03711 0.14603   2282      15627.0 0.0209
0 -1  25.8 0.03730 0.03730 0.15675   2238      14277.3 0.0211
0 -1  25.8 0.03750 0.03750 0.17121   2226      13001.7 0.0212
0 -1  25.8 0.03770 0.03770 0.18612   2284      12271.8 0.0209
0 -1  25.8 0.03790 0.03789 0.19921   2270      11395.2 0.0210
0 -1  25.8 0.03810 0.03809 0.22607   2360      10439.4 0.0206
0 -1  25.8 0.03830 0.03828 0.24696   2310       9353.7 0.0208
0 -1  25.8 0.03850 0.03848 0.26561   2246       8456.0 0.0211
0 -1  25.8 0.03870 0.03867 0.27803   2254       8107.0 0.0211
0 -1  25.8 0.03890 0.03887 0.29279   2326       7944.3 0.0207
0 -1  25.8 0.03910 0.03906 0.31415   2282       7264.0 0.0209
0 -1  25.8 0.03930 0.03926 0.33464   2286       6831.3 0.0209
0 -1  25.8 0.03950 0.03945 0.33464   2230       6664.0 0.0212
0 -1  25.8 0.03970 0.03975 0.36271   2268       6252.9 0.0210
0 -1  25.8 0.03990 0.03994 0.38747   2316       5977.2 0.0208
0  0  25.8 0.00010 0.00010 1.21000    158        130.6 0.0796
0  0  25.8 0.00030 0.00029 1.21000     12          9.9 0.2887
0  0  25.8 0.00050 0.00049 1.21000     18         14.9 0.2357
0  0  25.8 0.00070 0.00068 1.21000     16         13.2 0.2500
0  0  25.8 0.00090 0.00088 1.21000     12          9.9 0.2887
0  0  25.8 0.00110 0.00107 1.21000     12          9.9 0.2887
0  0  25.8 0.00130 0.00127 1.21000     18         14.9 0.2357
0  0  25.8 0.00150 0.00146 1.21000     20         16.5 0.2236
0  0  25.8 0.00170 0.00166 1.21000     30         24.8 0.1826
0  0  25.8 0.00190 0.00186 1.21000     18         14.9 0.2357
0  0  25.8 0.00210 0.00215 1.21000     18         14.9 0.2357
0  0  25.8 0.00230 0.00234 1.21000     28         23.1 0.1890
0  0  25.8 0.00250 0.00254 1.21000     24         19.8 0.2041
0  0  25.8 0.00270 0.00273 1.21000     30         24.8 0.1826
0  0  25.8 0.00290 0.00293 1.21000     32         26.4 0.1768
0  0  25.8 0.00310 0.00313 1.21000     28         23.1 0.1890
0  0  25.8 0.00330 0.00332 1.21000     26         21.5 0.1961
0  0  25.8 0.00350 0.00352 1.21000     28         23.1 0.1890
0  0  25.8 0.00370 0.00371 1.21000     38         31.4 0.1622
0  0  25.8 0.00390 0.00391 1.21000     34         28.1 0.1715
0  0  25.8 0.00410 0.00410 1.21000     38         31.4 0.1622
0  0  25.8 0.00430 0.00430 1.21000     40         33.1 0.1581
0  0  25.8 0.00450 0.00449 1.21000     32         26.4 0.1768
0  0  25.8 0.00470 0.00469 1.21000     54         44.6 0.1361
0  0  25.8 0.00490 0.00488 1.21000     44         36.4 0.1508
0  0  25.8 0.00510 0.00508 1.21000     44         36.4 0.1508
0  0  25.8 0.00530 0.00527 1.21000     44         36.4 0.1508
0  0  25.8 0.00550 0.00547 1.21000     60         49.6 0.1291
0  0  25.8 0.00570 0.00566 1.21000     58         47.9 0.1313
0  0  25.8 0.00590 0.00586 1.21000     66         54.5 0.1231
0  0  25.8 0.00610 0.00605 1.21000     78         64.5 0.1132
0  0  25.8 0.00630 0.00635 1.21000     62         51.2 0.1270
0  0  25.8 0.00650 0.00654 1.21000     64         52.9 0.1250
0  0  25.8 0.00670 0.00674 1.21000     64         52.9 0.1250
0  0  25.8 0.00690 0.00693 1.21000     76         62.8 0.1147
0  0  25.8 0.00710 0.00713 1.21000     96         79.3 0.1021
0  0  25.8 0.00730 0.00732 1.21000    122        100.8 0.0905
0  0  25.8 0.00750 0.00752 1.21000    188        155.4 0.0729
0  0  25.8 0.00770 0.00771 1.21000    404        333.9 0.0498
0  0  25.8 0.00790 0.00791 1.21000    962        795.0 0.0322
0  0  25.8 0.00810 0.00811 1.21000   2334       1928.9 0.0207
0  0  25.8 0.00830 0.00830 1.21000   5872       4852.9 0.0130
0  0  25.8 0.00850 0.00850 1.21000  13762      11373.6 0.0085
0  0  25.8 0.00870 0.00869 1.21000  32550      26900.8 0.0055
0  0  25.8 0.00890 0.00889 1.21000  71102      58762.0 0.0038
0  0  25.8 0.00910 0.00908 0.46167  71070     153939.6 0.0038
0  0  25.8 0.00930 0.00928 0.25361  77896     307149.7 0.0036
0  0  25.8 0.00950 0.00947 0.13931  79170     568285.3 0.0036
0  0  25.8 0.00970 0.00967 0.07653  75394     985174.9 0.0036
0  0  25.8 0.00990 0.00986 0.04556  71944    1579252.9 0.0037
0  0  25.8 0.01010 0.01006 0.03247  71782    2210483.8 0.0037
0  0  25.8 0.01030 0.01025 0.02516  72434    2879097.6 0.0037
0  0  25.8 0.01050 0.01055 0.01984  71608    3609697.6 0.0037
0  0  25.8 0.01070 0.01074 0.01984  77942    3928989.1 0.0036
0  0  25.8 0.01090 0.01094 0.01735  72122    4157216.6 0.0037
0  0  25.8 0.01110 0.01113 0.01735  74602    4300167.4 0.0037
0  0  25.8 0.01130 0.01133 0.01735  76258    4395621.7 0.0036
0  0  25.8 0.01150 0.01152 0.01735  77402    4461563.5 0.0036
0  0  25.8 0.01170 0.01172 0.01735  78172    4505947.4 0.0036
0  0  25.8 0.01190 0.01191 0.01735  78714    4537189.1 0.0036
0  0  25.8 0.01210 0.01211 0.01735  79058    4557017.7 0.0036
0  0  25.8 0.01230 0.01230 0.01735  79274    4569468.3 0.0036
0  0  25.8 0.01250 0.01250 0.01735  79402    4576846.4 0.0035
0  0  25.8 0.01270 0.01270 0.01735  79424    4578114.5 0.0035
0  0  25.8 0.01290 0.01289 0.01735  79330    4572696.2 0.0036
0  0  25.8 0.01310 0.01309 0.01735  79162    4563012.4 0.0036
0  0  25.8 0.01330 0.01328 0.01735  78826    4543644.9 0.0036
0  0  25.8 0.01350 0.01348 0.01735  78336    4515400.6 0.0036
0  0  25.8 0.01370 0.01367 0.01735  77600    4472976.5 0.0036
0  0  25.8 0.01390 0.01387 0.01735  76438    4405997.1 0.0036
0  0  25.8 0.01410 0.01406 0.01735  74844    4314116.7 0.0037
0  0  25.8 0.01430 0.01426 0.01735  72384    4172318.7 0.0037
0  0  25.8 0.01450 0.01445 0.01735  68596    3953972.9 0.0038
0  0  25.8 0.01470 0.01475 0.01735  59956    3455950.8 0.0041
0  0  25.8 0.01490 0.01494 0.01735  51806    2986172.9 0.0044
0  0  25.8 0.01510 0.01514 0.01735  43170    2488381.4 0.0048
0  0  25.8 0.01530 0.01533 0.01735  34436    1984941.0 0.0054
0  0  25.8 0.01550 0.01553 0.01735  27920    1609349.3 0.0060
0  0  25.8 0.01570 0.01572 0.01735  23678    1364834.2 0.0065
0  0  25.8 0.01590 0.01592 0.01735  20936    1206781.4 0.0069
0  0  25.8 0.01610 0.01611 0.01735  19350    1115362.1 0.0072
0  0  25.8 0.01630 0.01631 0.01735  18784    1082737.0 0.0073
0  0  25.8 0.01650 0.01650 0.01735  18298    1054723.2 0.0074
0  0  25.8 0.01670 0.01670 0.01735  18226    1050573.1 0.0074
0  0  25.8 0.01690 0.01689 0.01735  18050    1040428.2 0.0074
0  0  25.8 0.01710 0.01709 0.01735  17974    1036047.4 0.0075
0  0  25.8 0.01730 0.01729 0.01735  17876    1030398.6 0.0075
0  0  25.8 0.01750 0.01748 0.01735  18196    1048843.8 0.0074
0  0  25.8 0.01770 0.01768 0.01735  17990    1036969.7 0.0075
0  0  25.8 0.01790 0.01787 0.01735  18214    1049881.4 0.0074
0  0  25.8 0.01810 0.01807 0.01735  18082    1042272.7 0.0074
0  0  25.8 0.01830 0.01826 0.01735  18172    1047460.4 0.0074
0  0  25.8 0.01850 0.01846 0.01735  17916    1032704.2 0.0075
0  0  25.8 0.01870 0.01865 0.01735  18210    1049650.8 0.0074
0  0  25.8 0.01890 0.01895 0.01735  18032    1039390.6 0.0074
0  0  25.8 0.01910 0.01914 0.01735  17960    1035240.4 0.0075
0  0  25.8 0.01930 0.01934 0.01735  17944    1034318.2 0.0075
0  0  25.8 0.01950 0.01953 0.01735  17706    1020599.5 0.0075
0  0  25.8 0.01970 0.01973 0.01735  17406    1003307.1 0.0076
0  0  25.8 0.01990 0.01992 0.01735  17372    1001347.3 0.0076
0  0  25.8 0.02010 0.02012 0.01735  16688     961920.5 0.0077
0  0  25.8 0.02030 0.02031 0.01735  15962     920072.8 0.0079
0  0  25.8 0.02050 0.02051 0.01735  14956     862085.5 0.0082
0  0  25.8 0.02070 0.02070 0.01735  13822     796720.1 0.0085
0  0  25.8 0.02090 0.02090 0.01735  12212     703917.4 0.0090
0  0  25.8 0.02110 0.02109 0.01735  10630     612728.6 0.0097
0  0  25.8 0.02130 0.02129 0.01735   9424     543213.0 0.0103
0  0  25.8 0.02150 0.02148 0.01735   7630     439804.3 0.0114
0  0  25.8 0.02170 0.02168 0.01735   6466     372709.6 0.0124
0  0  25.8 0.02190 0.02188 0.01735   5238     301925.9 0.0138
0  0  25.8 0.02210 0.02207 0.01735   4368     251777.9 0.0151
0  0  25.8 0.02230 0.02227 0.01735   3772     217423.5 0.0163
0  0  25.8 0.02250 0.02246 0.01735   3026     174423.0 0.0182
0  0  25.8 0.02270 0.02266 0.01735   2770     159666.8 0.0190
0  0  25.8 0.02290 0.02285 0.01735   2526     145602.3 0.0199
0  0  25.8 0.02310 0.02314 0.01735   2224     128194.6 0.0212
0  0  25.8 0.02330 0.02334 0.01900   2376     125021.7 0.0205
0  0  25.8 0.02350 0.02354 0.01919   2286     119095.1 0.0209
0  0  25.8 0.02370 0.02373 0.01926   2244     116486.1 0.0211
0  0  25.9 0.02390 0.02393 0.02066   2356     114043.9 0.0206
0  0  25.9 0.02410 0.02412 0.02066   2312     111914.1 0.0208
0  0  25.9 0.02430 0.02432 0.02066   2222     107557.6 0.0212
0  0  25.9 0.02450 0.02451 0.02239   2356     105216.0 0.0206
0  0  25.9 0.02470 0.02471 0.02239   2430     108520.8 0.0203
0  0  25.8 0.02490 0.02490 0.02247   2302     102434.7 0.0208
0  0  25.8 0.02510 0.02510 0.02303   2356     102301.6 0.0206
0  0  25.8 0.02530 0.02529 0.02303   2228      96743.7 0.0212
0  0  25.8 0.02550 0.02549 0.02324   2276      97938.4 0.0210
0  0  25.8 0.02570 0.02568 0.02433   2290      94106.0 0.0209
0  0  25.8 0.02590 0.02588 0.02478   2230      89997.4 0.0212
0  0  25.8 0.02610 0.02607 0.02521   2270      90045.0 0.0210
0  0  25.8 0.02630 0.02627 0.02675   2322      86811.0 0.0208
0  0  25.8 0.02650 0.02646 0.02675   2260      84493.1 0.0210
0  0  25.8 0.02670 0.02666 0.02822   2328      82495.7 0.0207
0  0  25.8 0.02690 0.02686 0.02948   2308      78300.7 0.0208
0  0  25.8 0.02710 0.02715 0.03046   2228      73137.3 0.0212
0  0  25.9 0.02730 0.02734 0.03237   2350      72597.3 0.0206
0  0  25.9 0.02750 0.02754 0.03390   2270      66969.9 0.0210
0  0  25.9 0.02770 0.02773 0.03646   2256      61884.1 0.0211
0  0  25.9 0.02790 0.02793 0.03785   2228      58860.6 0.0212
0  0  25.9 0.02810 0.02813 0.04164   2260      54278.2 0.0210
0  0  25.9 0.02830 0.02832 0.04558   2288      50202.5 0.0209
0  0  25.9 0.02850 0.02852 0.05162   2404      46575.6 0.0204
0  0  25.9 0.02870 0.02871 0.05795   2318      39998.3 0.0208
0  0  25.9 0.02890 0.02891 0.06533   2266      34683.0 0.0210
0  0  25.9 0.02910 0.02910 0.07310   2272      31081.4 0.0210
0  0  25.9 0.02930 0.02930 0.08770   2260      25769.0 0.0210
0  0  25.9 0.02950 0.02949 0.09822   2236      22764.5 0.0211
0  0  25.9 0.02970 0.02969 0.11391   2312      20296.7 0.0208
0  0  25.9 0.02990 0.02988 0.13227   2246      16980.2 0.0211
0  0  25.9 0.03010 0.03008 0.15584   2294      14720.6 0.0209
0  0  25.9 0.03030 0.03027 0.17080   2332      13653.2 0.0207
0  0  25.9 0.03050 0.03047 0.19279   2246      11650.3 0.0211
0  0  25.9 0.03070 0.03066 0.21016   2244      10677.6 0.0211
0  0  25.9 0.03090 0.03086 0.22998   2276       9896.5 0.0210
0  0  25.9 0.03110 0.03105 0.23680   2258       9535.4 0.0210
0  0  25.9 0.03130 0.03135 0.25818   2252       8722.6 0.0211
0  0  25.9 0.03150 0.03154 0.27133   2268       8358.7 0.0210
0  0  25.9 0.03170 0.03174 0.28035   2256       8047.0 0.0211
0  0  25.9 0.03190 0.03193 0.28035   2240       7989.9 0.0211
0  0  25.9 0.03210 0.03213 0.30036   2306       7677.5 0.0208
0  0  25.9 0.03230 0.03232 0.30036   2284       7604.2 0.0209
0  0  25.9 0.03250 0.03252 0.30036   2246       7477.7 0.0211
0  0  25.9 0.03270 0.03271 0.31245   2258       7226.7 0.0210
0  0  25.9 0.03290 0.03291 0.33507   2288       6828.4 0.0209
0  0  25.9 0.03310 0.03311 0.35301   2288       6481.4 0.0209
0  0  25.9 0.03330 0.03330 0.35301   2262       6407.7 0.0210
0  0  25.9 0.03350 0.03350 0.37359   2316       6199.2 0.0208
0  0  25.9 0.03370 0.03369 0.37802   2244       5936.2 0.0211
0  0  25.9 0.03390 0.03389 0.39960   2246       5620.7 0.0211
0  0  25.9 0.03410 0.03408 0.41254   2286       5541.3 0.0209
0  0  25.9 0.03430 0.03428 0.43116   2302       5339.0 0.0208
0  0  25.9 0.03450 0.03447 0.45319   2230       4920.7 0.0212
0  0  25.9 0.03470 0.03467 0.45689   2234       4889.6 0.0212
0  0  25.9 0.03490 0.03486 0.50167   2328       4640.5 0.0207
0  0  25.9 0.03510 0.03506 0.51559   2276       4414.4 0.0210
0  0  25.9 0.03530 0.03525 0.54461   2288       4201.2 0.0209
0  0  25.9 0.03550 0.03555 0.60285   2296       3808.6 0.0209
0  0  25.9 0.03570 0.03574 0.62595   2244       3585.0 0.0211
0  0  25.9 0.03590 0.03594 0.70849   2330       3288.7 0.0207
0  0  25.9 0.03610 0.03613 0.74965   2230       2974.7 0.0212
0  0  25.9 0.03630 0.03633 0.80265   2230       2778.3 0.0212
0  0  25.9 0.03650 0.03652 0.85498   2264       2648.0 0.0210
0  0  25.9 0.03670 0.03672 0.96142   2256       2346.5 0.0211
0  0  25.9 0.03690 0.03691 1.07350   2234       2081.0 0.0212
0  0  25.9 0.03710 0.03711 1.18786   2280       1919.4 0.0209
0  0  25.9 0.03730 0.03730 1.21000   2002       1654.5 0.0223
0  0  25.9 0.03750 0.03750 1.21000   1850       1528.9 0.0232
0  0  25.9 0.03770 0.03770 1.21000   1674       1383.5 0.0244
0  0  25.9 0.03790 0.03789 1.21000   1486       1228.1 0.0259
0  0  25.9 0.03810 0.03809 1.21000   1352       1117.4 0.0272
0  0  25.9 0.03830 0.03828 1.21000   1222       1009.9 0.0286
0  0  25.9 0.03850 0.03848 1.21000   1078        890.9 0.0305
0  0  25.9 0.03870 0.03867 1.21000   1066        881.0 0.0306
0  0  25.9 0.03890 0.03887 1.21000   1024        846.3 0.0312
0  0  25.9 0.03910 0.03906 1.21000    982        811.6 0.0319
0  0  25.9 0.03930 0.03926 1.21000    938        775.2 0.0327
0  0  25.9 0.03950 0.03945 1.21000    916        757.0 0.0330
0  0  25.9 0.03970 0.03975 1.21000    820        677.7 0.0349
0  0  25.9 0.03990 0.03994 1.21000    836        690.9 0.0346
0  1  25.9 0.00010 0.00010 1.21000      8          6.6 0.3536
0  1  25.9 0.00030 0.00029 1.21000     16         13.2 0.2500
0  1  25.9 0.00050 0.00049 1.21000     18         14.9 0.2357
0  1  25.9 0.00070 0.00068 1.21000     12          9.9 0.2887
0  1  25.9 0.00090 0.00088 1.21000      8          6.6 0.3536
0  1  25.9 0.00110 0.00107 1.21000     16         13.2 0.2500
0  1  25.9 0.00130 0.00127 1.21000     16         13.2 0.2500
0  1  25.9 0.00150 0.00146 1.21000     22         18.2 0.2132
0  1  25.9 0.00170 0.00166 1.21000     12          9.9 0.2887
0  1  25.9 0.00190 0.00186 1.21000     12          9.9 0.2887
0  1  25.9 0.00210 0.00215 1.21000     18         14.9 0.2357
0  1  25.9 0.00230 0.00234 1.21000     32         26.4 0.1768
0  1  25.9 0.00250 0.00254 1.21000     20         16.5 0.2236
0  1  25.9 0.00270 0.00273 1.21000     14         11.6 0.2673
0  1  25.9 0.00290 0.00293 1.21000     22         18.2 0.2132
0  1  25.9 0.00310 0.00313 1.21000     18         14.9 0.2357
0  1  25.9 0.00330 0.00332 1.21000     30         24.8 0.1826
0  1  25.9 0.00350 0.00352 1.21000     24         19.8 0.2041
0  1  25.9 0.00370 0.00371 1.21000     36         29.8 0.1667
0  1  25.9 0.00390 0.00391 1.21000     32         26.4 0.1768
0  1  25.9 0.00410 0.00410 1.21000     38         31.4 0.1622
0  1  25.9 0.00430 0.00430 1.21000     44         36.4 0.1508
0  1  25.9 0.00450 0.00449 1.21000     32         26.4 0.1768
0  1  25.9 0.00470 0.00469 1.21000     44         36.4 0.1508
0  1  25.9 0.00490 0.00488 1.21000     42         34.7 0.1543
0  1  25.9 0.00510 0.00508 1.21000     40         33.1 0.1581
0  1  25.9 0.00530 0.00527 1.21000     42         34.7 0.1543
0  1  25.9 0.00550 0.00547 1.21000     52         43.0 0.1387
0  1  25.9 0.00570 0.00566 1.21000     56         46.3 0.1336
0  1  25.9 0.00590 0.00586 1.21000     56         46.3 0.1336
0  1  25.9 0.00610 0.00605 1.21000     48         39.7 0.1443
0  1  25.9 0.00630 0.00635 1.21000     46         38.0 0.1474
0  1  25.9 0.00650 0.00654 1.21000     88         72.7 0.1066
0  1  25.9 0.00670 0.00674 1.21000     60         49.6 0.1291
0  1  25.9 0.00690 0.00693 1.21000     58         47.9 0.1313
0  1  25.9 0.00710 0.00713 1.21000     98         81.0 0.1010
0  1  25.9 0.00730 0.00732 1.21000    108         89.3 0.0962
0  1  25.9 0.00750 0.00752 1.21000    200        165.3 0.0707
0  1  25.9 0.00770 0.00771 1.21000    404        333.9 0.0498
0  1  25.9 0.00790 0.00791 1.21000    960        793.4 0.0323
0  1  25.9 0.00810 0.00811 1.21000   2244       1854.5 0.0211
0  1  25.9 0.00830 0.00830 1.21000   5574       4606.6 0.0134
0  1  25.9 0.00850 0.00850 1.21000  13388      11064.5 0.0086
0  1  25.9 0.00870 0.00869 1.21000  31144      25738.8 0.0057
0  1  25.9 0.00890 0.00889 1.21000  67758      55998.3 0.0038
0  1  25.9 0.00910 0.00908 0.48034  71928     149744.1 0.0037
0  1  25.9 0.00930 0.00928 0.26386  77872     295123.6 0.0036
0  1  25.9 0.00950 0.00947 0.14495  79886     551142.7 0.0035
0  1  25.9 0.00970 0.00967 0.07962  75968     954102.2 0.0036
0  1  25.9 0.00990 0.00986 0.04669  71480    1531014.3 0.0037
0  1  25.9 0.01010 0.01006 0.03298  71898    2180123.2 0.0037
0  1  25.9 0.01030 0.01025 0.02544  71872    2825083.8 0.0037
0  1  25.9 0.01050 0.01055 0.02003  72038    3596851.1 0.0037
0  1  25.9 0.01070 0.01074 0.02003  78256    3907315.3 0.0036
0  1  25.9 0.01090 0.01094 0.01743  71868    4123427.8 0.0037
0  1  25.9 0.01110 0.01113 0.01743  74408    4269160.3 0.0037
0  1  25.9 0.01130 0.01133 0.01743  76252    4374959.9 0.0036
0  1  25.9 0.01150 0.01152 0.01743  77346    4437728.1 0.0036
0  1  25.9 0.01170 0.01172 0.01743  78140    4483283.9 0.0036
0  1  25.9 0.01190 0.01191 0.01743  78676    4514036.9 0.0036
0  1  25.9 0.01210 0.01211 0.01743  79032    4534462.4 0.0036
0  1  25.9 0.01230 0.01230 0.01743  79250    4546970.2 0.0036
0  1  25.9 0.01250 0.01250 0.01743  79380    4554428.9 0.0035
0  1  25.9 0.01270 0.01270 0.01743  79404    4555805.9 0.0035
0  1  25.9 0.01290 0.01289 0.01743  79328    4551445.4 0.0036
0  1  25.9 0.01310 0.01309 0.01743  79164    4542035.9 0.0036
0  1  25.9 0.01330 0.01328 0.01743  78852    4524134.9 0.0036
0  1  26.0 0.01350 0.01348 0.01743  78368    4496365.4 0.0036
0  1  26.0 0.01370 0.01367 0.01743  77626    4453793.1 0.0036
0  1  26.0 0.01390 0.01387 0.01743  76570    4393205.1 0.0036
0  1  26.0 0.01410 0.01406 0.01743  74952    4300372.3 0.0037
0  1  26.0 0.01430 0.01426 0.01743  72544    4162213.3 0.0037
0  1  26.0 0.01450 0.01445 0.01743  68798    3947286.5 0.0038
0  1  26.0 0.01470 0.01475 0.01743  60384    3464533.1 0.0041
0  1  26.0 0.01490 0.01494 0.01743  52304    3000942.9 0.0044
0  1  26.0 0.01510 0.01514 0.01743  43708    2507747.3 0.0048
0  1  26.0 0.01530 0.01533 0.01743  35136    2015928.6 0.0053
0  1  26.0 0.01550 0.01553 0.01743  28856    1655613.5 0.0059
0  1  26.0 0.01570 0.01572 0.01743  24290    1393639.2 0.0064
0  1  26.0 0.01590 0.01592 0.01743  21616    1240218.4 0.0068
0  1  26.0 0.01610 0.01611 0.01743  20408    1170909.4 0.0070
0  1  26.0 0.01630 0.01631 0.01743  19466    1116862.1 0.0072
0  1  26.0 0.01650 0.01650 0.01743  18956    1087600.8 0.0073
0  1  26.0 0.01670 0.01670 0.01743  18824    1080027.3 0.0073
0  1  26.0 0.01690 0.01689 0.01743  18878    1083125.6 0.0073
0  1  26.0 0.01710 0.01709 0.01743  18886    1083584.6 0.0073
0  1  26.0 0.01730 0.01729 0.01743  18604    1067404.8 0.0073
0  1  26.0 0.01750 0.01748 0.01743  18754    1076011.1 0.0073
0  1  26.0 0.01770 0.01768 0.01743  18474    1059946.1 0.0074
0  1  26.0 0.01790 0.01787 0.01743  18532    1063273.8 0.0073
0  1  26.0 0.01810 0.01807 0.01743  18948    1087141.8 0.0073
0  1  26.0 0.01830 0.01826 0.01743  18678    1071650.6 0.0073
0  1  26.0 0.01850 0.01846 0.01743  18514    1062241.1 0.0073
0  1  26.0 0.01870 0.01865 0.01743  18766    1076699.6 0.0073
0  1  26.0 0.01890 0.01895 0.01743  18664    1070847.3 0.0073
0  1  26.0 0.01910 0.01914 0.01743  18804    1078879.8 0.0073
0  1  26.0 0.01930 0.01934 0.01743  18638    1069355.6 0.0073
0  1  26.0 0.01950 0.01953 0.01743  18488    1060749.3 0.0074
0  1  26.0 0.01970 0.01973 0.01743  18366    1053749.6 0.0074
0  1  26.0 0.01990 0.01992 0.01743  18330    1051684.1 0.0074
0  1  26.0 0.02010 0.02012 0.01743  17488    1003374.3 0.0076
0  1  26.0 0.02030 0.02031 0.01743  17064     979047.3 0.0077
0  1  26.0 0.02050 0.02051 0.01743  16096     923508.3 0.0079
0  1  26.0 0.02070 0.02070 0.01743  14894     854543.5 0.0082
0  1  26.0 0.02090 0.02090 0.01743  13360     766530.2 0.0087
0  1  26.0 0.02110 0.02109 0.01743  11882     681730.0 0.0092
0  1  26.0 0.02130 0.02129 0.01743  10484     601519.7 0.0098
0  1  26.0 0.02150 0.02148 0.01743   8748     501916.7 0.0107
0  1  26.0 0.02170 0.02168 0.01743   7358     422165.4 0.0117
0  1  26.0 0.02190 0.02188 0.01743   6076     348610.6 0.0128
0  1  26.0 0.02210 0.02207 0.01743   5054     289973.3 0.0141
0  1  26.0 0.02230 0.02227 0.01743   4360     250155.1 0.0151
0  1  26.0 0.02250 0.02246 0.01743   3666     210336.8 0.0165
0  1  26.0 0.02270 0.02266 0.01743   3128     179469.1 0.0179
0  1  26.0 0.02290 0.02285 0.01743   2760     158355.0 0.0190
0  1  26.0 0.02310 0.02314 0.01743   2434     139650.8 0.0203
0  1  26.0 0.02330 0.02334 0.01743   2326     133454.3 0.0207
0  1  26.0 0.02350 0.02354 0.01743   2272     130356.0 0.0210
0  1  26.0 0.02370 0.02373 0.01809   2378     131439.2 0.0205
0  1  26.0 0.02390 0.02393 0.01809   2246     124143.2 0.0211
0  1  26.0 0.02410 0.02412 0.01898   2398     126341.0 0.0204
0  1  26.0 0.02430 0.02432 0.01976   2298     116277.4 0.0209
0  1  26.0 0.02450 0.02451 0.01976   2262     114455.8 0.0210
0  1  26.0 0.02470 0.02471 0.02020   2250     111389.3 0.0211
0  1  26.0 0.02490 0.02490 0.02132   2404     112738.1 0.0204
0  1  26.0 0.02510 0.02510 0.02132   2282     107016.7 0.0209
0  1  26.0 0.02530 0.02529 0.02132   2268     106360.2 0.0210
0  1  26.0 0.02550 0.02549 0.02220   2266     102057.8 0.0210
0  1  26.0 0.02570 0.02568 0.02220   2226     100256.3 0.0212
0  1  26.0 0.02590 0.02588 0.02251   2226      98907.1 0.0212
0  1  26.0 0.02610 0.02607 0.02356   2312      98153.0 0.0208
0  1  26.0 0.02630 0.02627 0.02418   2296      94935.6 0.0209
0  1  26.0 0.02650 0.02646 0.02465   2336      94763.8 0.0207
0  1  26.0 0.02670 0.02666 0.02568   2260      88001.7 0.0210
0  1  26.0 0.02690 0.02686 0.02608   2314      88725.7 0.0208
0  1  26.0 0.02710 0.02715 0.02775   2270      81789.6 0.0210
0  1  26.0 0.02730 0.02734 0.02858   2234      78174.1 0.0212
0  1  26.0 0.02750 0.02754 0.03126   2268      72549.4 0.0210
0  1  26.0 0.02770 0.02773 0.03126   2270      72613.4 0.0210
0  1  26.0 0.02790 0.02793 0.03324   2268      68239.6 0.0210
0  1  26.0 0.02810 0.02813 0.03667   2262      61688.1 0.0210
0  1  26.0 0.02830 0.02832 0.03860   2268      58755.3 0.0210
0  1  26.0 0.02850 0.02852 0.04267   2264      53055.7 0.0210
0  1  26.0 0.02870 0.02871 0.04774   2258      47295.0 0.0210
0  1  26.0 0.02890 0.02891 0.05369   2274      42356.9 0.0210
0  1  26.0 0.02910 0.02910 0.06149   2262      36786.1 0.0210
0  1  26.0 0.02930 0.02930 0.06929   2276      32849.3 0.0210
0  1  26.0 0.02950 0.02949 0.08078   2320      28721.4 0.0208
0  1  26.0 0.02970 0.02969 0.09065   2234      24644.6 0.0212
0  1  26.0 0.02990 0.02988 0.10864   2360      21722.8 0.0206
0  1  26.0 0.03010 0.03008 0.12273   2306      18789.1 0.0208
0  1  26.0 0.03030 0.03027 0.14043   2256      16065.4 0.0211
0  1  26.0 0.03050 0.03047 0.15743   2232      14177.7 0.0212
0  1  26.0 0.03070 0.03066 0.17426   2282      13095.6 0.0209
0  1  26.0 0.03090 0.03086 0.18651   2340      12546.1 0.0207
0  1  26.0 0.03110 0.03105 0.20295   2272      11194.7 0.0210
0  1  26.0 0.03130 0.03135 0.21618   2236      10343.0 0.0211
0  1  26.0 0.03150 0.03154 0.23429   2278       9723.2 0.0210
0  1  26.0 0.03170 0.03174 0.23429   2282       9740.2 0.0209
0  1  26.0 0.03190 0.03193 0.24168   2226       9210.4 0.0212
0  1  26.0 0.03210 0.03213 0.25621   2228       8696.0 0.0212
0  1  26.0 0.03230 0.03232 0.26211   2252       8591.9 0.0211
0  1  26.0 0.03250 0.03252 0.27306   2266       8298.6 0.0210
0  1  26.0 0.03270 0.03271 0.28620   2344       8190.2 0.0207
0  1  26.0 0.03290 0.03291 0.29275   2278       7781.4 0.0210
0  1  26.0 0.03310 0.03311 0.29275   2240       7651.6 0.0211
0  1  26.0 0.03330 0.03330 0.30829   2276       7382.7 0.0210
0  1  26.0 0.03350 0.03350 0.32404   2360       7283.1 0.0206
0  1  26.0 0.03370 0.03369 0.33520   2266       6760.1 0.0210
0  1  26.0 0.03390 0.03389 0.33520   2260       6742.2 0.0210
0  1  26.0 0.03410 0.03408 0.35824   2234       6236.1 0.0212
0  1  26.0 0.03430 0.03428 0.35824   2270       6336.6 0.0210
0  1  26.0 0.03450 0.03447 0.38943   2398       6157.7 0.0204
0  1  26.0 0.03470 0.03467 0.40436   2368       5856.2 0.0205
0  1  26.0 0.03490 0.03486 0.41550   2228       5362.2 0.0212
0  1  26.0 0.03510 0.03506 0.44344   2278       5137.1 0.0210
0  1  26.0 0.03530 0.03525 0.46043   2258       4904.1 0.0210
0  1  26.0 0.03550 0.03555 0.48735   2222       4559.3 0.0212
0  1  26.0 0.03570 0.03574 0.54145   2326       4295.9 0.0207
0  1  26.0 0.03590 0.03594 0.57897   2262       3907.0 0.0210
0  1  26.0 0.03610 0.03613 0.61436   2276       3704.7 0.0210
0  1  26.0 0.03630 0.03633 0.65254   2256       3457.3 0.0211
0  1  26.0 0.03650 0.03652 0.68587   2242       3268.8 0.0211
0  1  26.0 0.03670 0.03672 0.75866   2230       2939.4 0.0212
0  1  26.0 0.03690 0.03691 0.85157   2306       2707.9 0.0208
0  1  26.0 0.03710 0.03711 0.92015   2340       2543.1 0.0207
0  1  26.0 0.03730 0.03730 1.00323   2282       2274.7 0.0209
0  1  26.0 0.03750 0.03750 1.16224   2386       2052.9 0.0205
0  1  26.0 0.03770 0.03770 1.21000   2052       1695.9 0.0221
0  1  26.0 0.03790 0.03789 1.21000   1824       1507.4 0.0234
0  1  26.0 0.03810 0.03809 1.21000   1724       1424.8 0.0241
0  1  26.0 0.03830 0.03828 1.21000   1502       1241.3 0.0258
0  1  26.0 0.03850 0.03848 1.21000   1464       1209.9 0.0261
0  1  26.0 0.03870 0.03867 1.21000   1354       1119.0 0.0272
0  1  26.0 0.03890 0.03887 1.21000   1290       1066.1 0.0278
0  1  26.0 0.03910 0.03906 1.21000   1132        935.5 0.0297
0  1  26.0 0.03930 0.03926 1.21000   1086        897.5 0.0303
0  1  26.0 0.03950 0.03945 1.21000   1012        836.4 0.0314
0  1  26.0 0.03970 0.03975 1.21000   1020        843.0 0.0313
0  1  26.0 0.03990 0.03994 1.21000    972        803.3 0.0321
0  2  26.0 0.00010 0.00010 1.21000      2          1.7 0.7071
0  2  26.0 0.00030 0.00029 1.21000      2          1.7 0.7071
0  2  26.0 0.00050 0.00049 1.21000      2          1.7 0.7071
0  2  26.0 0.00070 0.00068 1.21000      2          1.7 0.7071
0  2  26.0 0.00090 0.00088 1.21000      0          0.0 999.9990
0  2  26.0 0.00110 0.00107 1.21000      2          1.7 0.7071
0  2  26.0 0.00130 0.00127 1.21000      2          1.7 0.7071
0  2  26.0 0.00150 0.00146 1.21000      4          3.3 0.5000
0  2  26.0 0.00170 0.00166 1.21000      0          0.0 999.9990
0  2  26.0 0.00190 0.00186 1.21000      2          1.7 0.7071
0  2  26.0 0.00210 0.00215 1.21000      2          1.7 0.7071
0  2  26.0 0.00230 0.00234 1.21000      0          0.0 999.9990
0  2  26.1 0.00250 0.00254 1.21000      2          1.7 0.7071
0  2  26.1 0.00270 0.00273 1.21000      4          3.3 0.5000
0  2  26.1 0.00290 0.00293 1.21000      2          1.7 0.7071
0  2  26.1 0.00310 0.00313 1.21000      4          3.3 0.5000
0  2  26.1 0.00330 0.00332 1.21000      4          3.3 0.5000
0  2  26.1 0.00350 0.00352 1.21000      8          6.6 0.3536
0  2  26.1 0.00370 0.00371 1.21000      4          3.3 0.5000
0  2  26.1 0.00390 0.00391 1.21000      6          5.0 0.4082
0  2  26.1 0.00410 0.00410 1.21000      8          6.6 0.3536
0  2  26.1 0.00430 0.00430 1.21000      8          6.6 0.3536
0  2  26.1 0.00450 0.00449 1.21000      6          5.0 0.4082
0  2  26.1 0.00470 0.00469 1.21000      6          5.0 0.4082
0  2  26.1 0.00490 0.00488 1.21000     12          9.9 0.2887
0  2  26.1 0.00510 0.00508 1.21000     14         11.6 0.2673
0  2  26.1 0.00530 0.00527 1.21000     12          9.9 0.2887
0  2  26.1 0.00550 0.00547 1.21000     12          9.9 0.2887
0  2  26.1 0.00570 0.00566 1.21000     10          8.3 0.3162
0  2  26.1 0.00590 0.00586 1.21000     14         11.6 0.2673
0  2  26.1 0.00610 0.00605 1.21000     14         11.6 0.2673
0  2  26.1 0.00630 0.00635 1.21000     24         19.8 0.2041
0  2  26.1 0.00650 0.00654 1.21000     14         11.6 0.2673
0  2  26.1 0.00670 0.00674 1.21000     22         18.2 0.2132
0  2  26.1 0.00690 0.00693 1.21000     26         21.5 0.1961
0  2  26.1 0.00710 0.00713 1.21000     30         24.8 0.1826
0  2  26.1 0.00730 0.00732 1.21000     54         44.6 0.1361
0  2  26.1 0.00750 0.00752 1.21000    122        100.8 0.0905
0  2  26.1 0.00770 0.00771 1.21000    286        236.4 0.0591
0  2  26.1 0.00790 0.00791 1.21000    742        613.2 0.0367
0  2  26.1 0.00810 0.00811 1.21000   1876       1550.4 0.0231
0  2  26.1 0.00830 0.00830 1.21000   4794       3962.0 0.0144
0  2  26.1 0.00850 0.00850 1.21000  11600       9586.8 0.0093
0  2  26.1 0.00870 0.00869 1.21000  27056      22360.3 0.0061
0  2  26.1 0.00890 0.00889 1.21000  59176      48905.8 0.0041
0  2  26.1 0.00910 0.00908 0.54344  70798     130278.4 0.0038
0  2  26.1 0.00930 0.00928 0.29852  79466     266197.2 0.0035
0  2  26.1 0.00950 0.00947 0.14400  71900     499311.3 0.0037
0  2  26.1 0.00970 0.00967 0.08184  72032     880192.9 0.0037
0  2  26.1 0.00990 0.00986 0.04984  72378    1452120.7 0.0037
0  2  26.1 0.01010 0.01006 0.03473  72268    2080827.6 0.0037
0  2  26.1 0.01030 0.01025 0.02624  71862    2738446.1 0.0037
0  2  26.1 0.01050 0.01055 0.02043  72224    3535024.0 0.0037
0  2  26.1 0.01070 0.01074 0.02043  79310    3881850.2 0.0036
0  2  26.1 0.01090 0.01094 0.01747  71982    4119281.6 0.0037
0  2  26.1 0.01110 0.01113 0.01747  74700    4274823.3 0.0037
0  2  26.1 0.01130 0.01133 0.01747  76604    4383782.7 0.0036
0  2  26.1 0.01150 0.01152 0.01747  77822    4453484.6 0.0036
0  2  26.1 0.01170 0.01172 0.01747  78686    4502928.4 0.0036
0  2  26.1 0.01190 0.01191 0.01747  79288    4537378.8 0.0036
0  2  26.1 0.01210 0.01211 0.01747  79672    4559353.7 0.0035
0  2  26.1 0.01230 0.01230 0.01747  79924    4573774.8 0.0035
0  2  26.1 0.01250 0.01250 0.01571  71844    4572087.8 0.0037
0  2  26.1 0.01270 0.01270 0.01571  71868    4573615.1 0.0037
0  2  26.1 0.01290 0.01289 0.01571  71838    4571705.9 0.0037
0  2  26.1 0.01310 0.01309 0.01571  71706    4563305.6 0.0037
0  2  26.1 0.01330 0.01328 0.01571  71452    4547141.2 0.0037
0  2  26.1 0.01350 0.01348 0.01571  71056    4521940.1 0.0038
0  2  26.1 0.01370 0.01367 0.01571  70426    4481847.5 0.0038
0  2  26.1 0.01390 0.01387 0.01571  69542    4425590.5 0.0038
0  2  26.1 0.01410 0.01406 0.01571  68204    4340441.4 0.0038
0  2  26.1 0.01430 0.01426 0.01571  66212    4213672.3 0.0039
0  2  26.1 0.01450 0.01445 0.01571  62934    4005063.3 0.0040
0  2  26.1 0.01470 0.01475 0.01571  55812    3551825.7 0.0042
0  2  26.1 0.01490 0.01494 0.01571  49120    3125952.8 0.0045
0  2  26.1 0.01510 0.01514 0.01571  42194    2685188.3 0.0049
0  2  26.1 0.01530 0.01533 0.01571  34476    2194021.7 0.0054
0  2  26.1 0.01550 0.01553 0.01571  29504    1877608.1 0.0058
0  2  26.1 0.01570 0.01572 0.01571  25498    1622669.9 0.0063
0  2  26.1 0.01590 0.01592 0.01571  23178    1475027.1 0.0066
0  2  26.1 0.01610 0.01611 0.01571  21822    1388732.5 0.0068
0  2  26.1 0.01630 0.01631 0.01571  21154    1346221.6 0.0069
0  2  26.1 0.01650 0.01650 0.01571  21164    1346858.0 0.0069
0  2  26.1 0.01670 0.01670 0.01571  21314    1356403.9 0.0068
0  2  26.1 0.01690 0.01689 0.01571  20638    1313383.8 0.0070
0  2  26.1 0.01710 0.01709 0.01571  20478    1303201.6 0.0070
0  2  26.1 0.01730 0.01729 0.01571  20464    1302310.6 0.0070
0  2  26.1 0.01750 0.01748 0.01571  20446    1301165.1 0.0070
0  2  26.1 0.01770 0.01768 0.01571  20630    1312874.7 0.0070
0  2  26.1 0.01790 0.01787 0.01571  20492    1304092.5 0.0070
0  2  26.1 0.01810 0.01807 0.01571  20428    1300019.6 0.0070
0  2  26.1 0.01830 0.01826 0.01571  20372    1296455.8 0.0070
0  2  26.1 0.01850 0.01846 0.01571  20462    1302183.3 0.0070
0  2  26.1 0.01870 0.01865 0.01571  20348    1294928.5 0.0070
0  2  26.1 0.01890 0.01895 0.01571  20434    1300401.4 0.0070
0  2  26.1 0.01910 0.01914 0.01571  20428    1300019.6 0.0070
0  2  26.1 0.01930 0.01934 0.01571  20490    1303965.2 0.0070
0  2  26.1 0.01950 0.01953 0.01571  20524    1306129.0 0.0070
0  2  26.1 0.01970 0.01973 0.01571  20470    1302692.5 0.0070
0  2  26.1 0.01990 0.01992 0.01571  19568    1245290.0 0.0071
0  2  26.1 0.02010 0.02012 0.01571  19042    1211815.8 0.0072
0  2  26.1 0.02030 0.02031 0.01571  18014    1146394.8 0.0075
0  2  26.1 0.02050 0.02051 0.01571  16872    1073719.0 0.0077
0  2  26.1 0.02070 0.02070 0.01571  15546     989333.5 0.0080
0  2  26.1 0.02090 0.02090 0.01571  14184     902657.0 0.0084
0  2  26.1 0.02110 0.02109 0.01571  12608     802361.8 0.0089
0  2  26.1 0.02130 0.02129 0.01571  11180     711485.2 0.0095
0  2  26.1 0.02150 0.02148 0.01571   9154     582552.4 0.0105
0  2  26.1 0.02170 0.02168 0.01571   7824     497912.3 0.0113
0  2  26.1 0.02190 0.02188 0.01571   6524     415181.5 0.0124
0  2  26.1 0.02210 0.02207 0.01571   5566     354215.3 0.0134
0  2  26.1 0.02230 0.02227 0.01571   4774     303813.1 0.0145
0  2  26.1 0.02250 0.02246 0.01571   4226     268938.9 0.0154
0  2  26.1 0.02270 0.02266 0.01571   3632     231137.2 0.0166
0  2  26.1 0.02290 0.02285 0.01571   3354     213445.6 0.0173
0  2  26.1 0.02310 0.02314 0.01571   2984     189899.1 0.0183
0  2  26.1 0.02330 0.02334 0.01571   2808     178698.6 0.0189
0  2  26.1 0.02350 0.02354 0.01571   2664     169534.6 0.0194
0  2  26.1 0.02370 0.02373 0.01571   2574     163807.1 0.0197
0  2  26.1 0.02390 0.02393 0.01571   2492     158588.6 0.0200
0  2  26.1 0.02410 0.02412 0.01571   2548     162152.4 0.0198
0  2  26.1 0.02430 0.02432 0.01571   2428     154515.7 0.0203
0  2  26.1 0.02450 0.02451 0.01571   2398     152606.6 0.0204
0  2  26.1 0.02470 0.02471 0.01571   2270     144460.8 0.0210
0  2  26.1 0.02490 0.02490 0.01571   2324     147897.3 0.0207
0  2  26.1 0.02510 0.02510 0.01571   2272     144588.0 0.0210
0  2  26.1 0.02530 0.02529 0.01635   2242     137084.1 0.0211
0  2  26.1 0.02550 0.02549 0.01644   2268     137925.4 0.0210
0  2  26.1 0.02570 0.02568 0.01807   2352     130159.5 0.0206
0  2  26.1 0.02590 0.02588 0.01807   2264     125289.5 0.0210
0  2  26.1 0.02610 0.02607 0.01847   2332     126264.8 0.0207
0  2  26.1 0.02630 0.02627 0.01864   2258     121157.7 0.0210
0  2  26.1 0.02650 0.02646 0.01919   2276     118626.5 0.0210
0  2  26.1 0.02670 0.02666 0.01952   2254     115472.5 0.0211
0  2  26.1 0.02690 0.02686 0.02038   2252     110489.4 0.0211
0  2  26.1 0.02710 0.02715 0.02142   2298     107266.2 0.0209
0  2  26.1 0.02730 0.02734 0.02270   2332     102738.0 0.0207
0  2  26.1 0.02750 0.02754 0.02416   2388      98860.6 0.0205
0  2  26.1 0.02770 0.02773 0.02416   2304      95383.1 0.0208
0  2  26.1 0.02790 0.02793 0.02689   2270      84426.0 0.0210
0  2  26.1 0.02810 0.02813 0.02852   2242      78617.7 0.0211
0  2  26.1 0.02830 0.02832 0.03171   2322      73214.7 0.0208
0  2  26.1 0.02850 0.02852 0.03475   2288      65837.3 0.0209
0  2  26.1 0.02870 0.02871 0.03884   2318      59676.3 0.0208
0  2  26.1 0.02890 0.02891 0.04239   2236      52746.5 0.0211
0  2  26.1 0.02910 0.02910 0.05105   2308      45207.7 0.0208
0  2  26.1 0.02930 0.02930 0.05884   2268      38546.3 0.0210
0  2  26.1 0.02950 0.02949 0.06670   2264      33941.2 0.0210
0  2  26.1 0.02970 0.02969 0.07664   2246      29307.1 0.0211
0  2  26.1 0.02990 0.02988 0.08751   2240      25598.3 0.0211
0  2  26.1 0.03010 0.03008 0.10034   2358      23500.2 0.0206
0  2  26.1 0.03030 0.03027 0.11159   2262      20270.9 0.0210
0  2  26.1 0.03050 0.03047 0.13060   2266      17350.8 0.0210
0  2  26.1 0.03070 0.03066 0.14183   2398      16907.1 0.0204
0  2  26.1 0.03090 0.03086 0.14768   2240      15167.7 0.0211
0  2  26.1 0.03110 0.03105 0.15895   2254      14180.5 0.0211
0  2  26.1 0.03130 0.03135 0.16535   2360      14272.7 0.0206
0  2  26.2 0.03150 0.03154 0.17368   2238      12885.9 0.0211
0  2  26.2 0.03170 0.03174 0.18329   2234      12188.6 0.0212
0  2  26.2 0.03190 0.03193 0.19302   2332      12081.9 0.0207
0  2  26.2 0.03210 0.03213 0.19691   2304      11700.5 0.0208
0  2  26.2 0.03230 0.03232 0.20126   2248      11169.5 0.0211
0  2  26.2 0.03250 0.03252 0.21128   2284      10810.3 0.0209
0  2  26.2 0.03270 0.03271 0.21128   2260      10696.7 0.0210
0  2  26.2 0.03290 0.03291 0.22207   2262      10185.8 0.0210
0  2  26.2 0.03310 0.03311 0.22207   2250      10131.8 0.0211
0  2  26.2 0.03330 0.03330 0.23987   2276       9488.3 0.0210
0  2  26.2 0.03350 0.03350 0.24837   2286       9204.0 0.0209
0  2  26.2 0.03370 0.03369 0.25782   2268       8796.9 0.0210
0  2  26.2 0.03390 0.03389 0.26720   2270       8495.5 0.0210
0  2  26.2 0.03410 0.03408 0.28068   2286       8144.5 0.0209
0  2  26.2 0.03430 0.03428 0.29143   2292       7864.6 0.0209
0  2  26.2 0.03450 0.03447 0.30807   2252       7310.0 0.0211
0  2  26.2 0.03470 0.03467 0.30807   2242       7277.5 0.0211
0  2  26.2 0.03490 0.03486 0.33133   2250       6790.7 0.0211
0  2  26.2 0.03510 0.03506 0.34487   2322       6733.0 0.0208
0  2  26.2 0.03530 0.03525 0.37620   2270       6034.1 0.0210
0  2  26.2 0.03550 0.03555 0.41423   2386       5760.1 0.0205
0  2  26.2 0.03570 0.03574 0.41423   2226       5373.9 0.0212
0  2  26.2 0.03590 0.03594 0.44998   2330       5178.0 0.0207
0  2  26.2 0.03610 0.03613 0.50143   2270       4527.1 0.0210
0  2  26.2 0.03630 0.03633 0.52113   2224       4267.6 0.0212
0  2  26.2 0.03650 0.03652 0.59590   2364       3967.1 0.0206
0  2  26.2 0.03670 0.03672 0.65875   2322       3524.8 0.0208
0  2  26.2 0.03690 0.03691 0.67392   2266       3362.4 0.0210
0  2  26.2 0.03710 0.03711 0.79907   2258       2825.8 0.0210
0  2  26.2 0.03730 0.03730 0.87550   2262       2583.7 0.0210
0  2  26.2 0.03750 0.03750 0.98951   2340       2364.8 0.0207
0  2  26.2 0.03770 0.03770 1.06217   2228       2097.6 0.0212
0  2  26.2 0.03790 0.03789 1.19044   2260       1898.5 0.0210
0  2  26.2 0.03810 0.03809 1.21000   2104       1738.8 0.0218
0  2  26.2 0.03830 0.03828 1.21000   1918       1585.1 0.0228
0  2  26.2 0.03850 0.03848 1.21000   1684       1391.7 0.0244
0  2  26.2 0.03870 0.03867 1.21000   1600       1322.3 0.0250
0  2  26.2 0.03890 0.03887 1.21000   1594       1317.4 0.0250
0  2  26.2 0.03910 0.03906 1.21000   1456       1203.3 0.0262
0  2  26.2 0.03930 0.03926 1.21000   1334       1102.5 0.0274
0  2  26.2 0.03950 0.03945 1.21000   1262       1043.0 0.0281
0  2  26.2 0.03970 0.03975 1.21000   1246       1029.8 0.0283
0  2  26.2 0.03990 0.03994 1.21000   1170        966.9 0.0292
0  3  26.2 0.00010 0.00010 1.21000      8          6.6 0.3536
0  3  26.2 0.00030 0.00029 1.21000     10          8.3 0.3162
0  3  26.2 0.00050 0.00049 1.21000      6          5.0 0.4082
0  3  26.2 0.00070 0.00068 1.21000      6          5.0 0.4082
0  3  26.2 0.00090 0.00088 1.21000      8          6.6 0.3536
0  3  26.2 0.00110 0.00107 1.21000     12          9.9 0.2887
0  3  26.2 0.00130 0.00127 1.21000     10          8.3 0.3162
0  3  26.2 0.00150 0.00146 1.21000     18         14.9 0.2357
0  3  26.2 0.00170 0.00166 1.21000     14         11.6 0.2673
0  3  26.2 0.00190 0.00186 1.21000     16         13.2 0.2500
0  3  26.2 0.00210 0.00215 1.21000     16         13.2 0.2500
0  3  26.2 0.00230 0.00234 1.21000     18         14.9 0.2357
0  3  26.2 0.00250 0.00254 1.21000     18         14.9 0.2357
0  3  26.2 0.00270 0.00273 1.21000     12          9.9 0.2887
0  3  26.2 0.00290 0.00293 1.21000     14         11.6 0.2673
0  3  26.2 0.00310 0.00313 1.21000     12          9.9 0.2887
0  3  26.2 0.00330 0.00332 1.21000     22         18.2 0.2132
0  3  26.2 0.00350 0.00352 1.21000     22         18.2 0.2132
0  3  26.2 0.00370 0.00371 1.21000     24         19.8 0.2041
0  3  26.2 0.00390 0.00391 1.21000     18         14.9 0.2357
0  3  26.2 0.00410 0.00410 1.21000     28         23.1 0.1890
0  3  26.2 0.00430 0.00430 1.21000     22         18.2 0.2132
0  3  26.2 0.00450 0.00449 1.21000     40         33.1 0.1581
0  3  26.2 0.00470 0.00469 1.21000     26         21.5 0.1961
0  3  26.2 0.00490 0.00488 1.21000     28         23.1 0.1890
0  3  26.2 0.00510 0.00508 1.21000     34         28.1 0.1715
0  3  26.2 0.00530 0.00527 1.21000     24         19.8 0.2041
0  3  26.2 0.00550 0.00547 1.21000     32         26.4 0.1768
0  3  26.2 0.00570 0.00566 1.21000     36         29.8 0.1667
0  3  26.2 0.00590 0.00586 1.21000     30         24.8 0.1826
0  3  26.2 0.00610 0.00605 1.21000     44         36.4 0.1508
0  3  26.2 0.00630 0.00635 1.21000     48         39.7 0.1443
0  3  26.2 0.00650 0.00654 1.21000     58         47.9 0.1313
0  3  26.2 0.00670 0.00674 1.21000     42         34.7 0.1543
0  3  26.2 0.00690 0.00693 1.21000     68         56.2 0.1213
0  3  26.2 0.00710 0.00713 1.21000     74         61.2 0.1162
0  3  26.2 0.00730 0.00732 1.21000    112         92.6 0.0945
0  3  26.2 0.00750 0.00752 1.21000    164        135.5 0.0781
0  3  26.2 0.00770 0.00771 1.21000    338        279.3 0.0544
0  3  26.2 0.00790 0.00791 1.21000    780        644.6 0.0358
0  3  26.2 0.00810 0.00811 1.21000   2020       1669.4 0.0222
0  3  26.2 0.00830 0.00830 1.21000   5078       4196.7 0.0140
0  3  26.2 0.00850 0.00850 1.21000  12158      10047.9 0.0091
0  3  26.2 0.00870 0.00869 1.21000  28710      23727.3 0.0059
0  3  26.2 0.00890 0.00889 1.21000  63262      52282.6 0.0040
0  3  26.2 0.00910 0.00908 0.52098  72732     139606.3 0.0037
0  3  26.2 0.00930 0.00928 0.25619  71570     279361.6 0.0037
0  3  26.2 0.00950 0.00947 0.14073  73670     523476.5 0.0037
0  3  26.2 0.00970 0.00967 0.07941  72452     912392.9 0.0037
0  3  26.2 0.00990 0.00986 0.04830  72040    1491545.2 0.0037
0  3  26.2 0.01010 0.01006 0.03380  71898    2127464.8 0.0037
0  3  26.2 0.01030 0.01025 0.02580  72026    2791467.0 0.0037
0  3  26.2 0.01050 0.01055 0.02023  72414    3578761.0 0.0037
0  3  26.2 0.01070 0.01074 0.02023  79186    3913438.9 0.0036
0  3  26.2 0.01090 0.01094 0.01738  71670    4123272.1 0.0037
0  3  26.2 0.01110 0.01113 0.01738  74264    4272508.4 0.0037
0  3  26.2 0.01130 0.01133 0.01738  76140    4380437.2 0.0036
0  3  26.2 0.01150 0.01152 0.01738  77274    4445677.8 0.0036
0  3  26.2 0.01170 0.01172 0.01738  78090    4492623.3 0.0036
0  3  26.2 0.01190 0.01191 0.01738  78656    4525186.1 0.0036
0  3  26.2 0.01210 0.01211 0.01738  79024    4546357.6 0.0036
0  3  26.2 0.01230 0.01230 0.01738  79254    4559589.8 0.0036
0  3  26.2 0.01250 0.01250 0.01738  79390    4567414.1 0.0035
0  3  26.2 0.01270 0.01270 0.01738  79420    4569140.0 0.0035
0  3  26.2 0.01290 0.01289 0.01738  79352    4565227.9 0.0035
0  3  26.2 0.01310 0.01309 0.01738  79190    4555907.8 0.0036
0  3  26.2 0.01330 0.01328 0.01738  78890    4538648.4 0.0036
0  3  26.2 0.01350 0.01348 0.01738  78422    4511723.8 0.0036
0  3  26.2 0.01370 0.01367 0.01738  77714    4470991.6 0.0036
0  3  26.3 0.01390 0.01387 0.01738  76652    4409893.3 0.0036
0  3  26.3 0.01410 0.01406 0.01738  75096    4320374.5 0.0036
0  3  26.3 0.01430 0.01426 0.01738  72782    4187246.9 0.0037
0  3  26.3 0.01450 0.01445 0.01738  69096    3975186.4 0.0038
0  3  26.3 0.01470 0.01475 0.01738  60880    3502508.8 0.0041
0  3  26.3 0.01490 0.01494 0.01738  53142    3057331.2 0.0043
0  3  26.3 0.01510 0.01514 0.01738  44440    2556693.3 0.0047
0  3  26.3 0.01530 0.01533 0.01738  35630    2049842.1 0.0053
0  3  26.3 0.01550 0.01553 0.01738  28930    1664382.0 0.0059
0  3  26.3 0.01570 0.01572 0.01738  24406    1404110.2 0.0064
0  3  26.3 0.01590 0.01592 0.01738  21524    1238304.8 0.0068
0  3  26.3 0.01610 0.01611 0.01738  19854    1142227.5 0.0071
0  3  26.3 0.01630 0.01631 0.01738  19262    1108168.9 0.0072
0  3  26.3 0.01650 0.01650 0.01738  18792    1081129.2 0.0073
0  3  26.3 0.01670 0.01670 0.01738  18452    1061568.5 0.0074
0  3  26.3 0.01690 0.01689 0.01738  18392    1058116.6 0.0074
0  3  26.3 0.01710 0.01709 0.01738  18558    1067666.8 0.0073
0  3  26.3 0.01730 0.01729 0.01738  18478    1063064.3 0.0074
0  3  26.3 0.01750 0.01748 0.01738  18616    1071003.7 0.0073
0  3  26.3 0.01770 0.01768 0.01738  18408    1059037.1 0.0074
0  3  26.3 0.01790 0.01787 0.01738  18450    1061453.5 0.0074
0  3  26.3 0.01810 0.01807 0.01738  18408    1059037.1 0.0074
0  3  26.3 0.01830 0.01826 0.01738  18318    1053859.3 0.0074
0  3  26.3 0.01850 0.01846 0.01738  18320    1053974.4 0.0074
0  3  26.3 0.01870 0.01865 0.01738  18340    1055125.0 0.0074
0  3  26.3 0.01890 0.01895 0.01738  18556    1067551.8 0.0073
0  3  26.3 0.01910 0.01914 0.01738  18394    1058231.7 0.0074
0  3  26.3 0.01930 0.01934 0.01738  18244    1049602.0 0.0074
0  3  26.3 0.01950 0.01953 0.01738  18248    1049832.1 0.0074
0  3  26.3 0.01970 0.01973 0.01738  17834    1026014.1 0.0075
0  3  26.3 0.01990 0.01992 0.01738  17356     998514.2 0.0076
0  3  26.3 0.02010 0.02012 0.01738  16822     967792.4 0.0077
0  3  26.3 0.02030 0.02031 0.01738  15898     914633.4 0.0079
0  3  26.3 0.02050 0.02051 0.01738  14922     858482.8 0.0082
0  3  26.3 0.02070 0.02070 0.01738  13528     778284.1 0.0086
0  3  26.3 0.02090 0.02090 0.01738  11986     689570.8 0.0091
0  3  26.3 0.02110 0.02109 0.01738  10624     611213.1 0.0097
0  3  26.3 0.02130 0.02129 0.01738   8908     512489.3 0.0106
0  3  26.3 0.02150 0.02148 0.01738   7414     426537.5 0.0116
0  3  26.3 0.02170 0.02168 0.01738   6100     350941.3 0.0128
0  3  26.3 0.02190 0.02188 0.01738   5044     290188.1 0.0141
0  3  26.3 0.02210 0.02207 0.01738   4308     247845.1 0.0152
0  3  26.3 0.02230 0.02227 0.01738   3624     208493.6 0.0166
0  3  26.3 0.02250 0.02246 0.01738   3080     177196.6 0.0180
0  3  26.3 0.02270 0.02266 0.01738   2812     161778.2 0.0189
0  3  26.3 0.02290 0.02285 0.01738   2544     146359.8 0.0198
0  3  26.3 0.02310 0.02314 0.01738   2256     129790.7 0.0211
0  3  26.3 0.02330 0.02334 0.01775   2250     126765.8 0.0211
0  3  26.3 0.02350 0.02354 0.01814   2252     124137.6 0.0211
0  3  26.3 0.02370 0.02373 0.01852   2230     120390.2 0.0212
0  3  26.3 0.02390 0.02393 0.01916   2342     122251.8 0.0207
0  3  26.3 0.02410 0.02412 0.01967   2298     116823.9 0.0209
0  3  26.3 0.02430 0.02432 0.01998   2270     113637.4 0.0210
0  3  26.3 0.02450 0.02451 0.02074   2234     107708.1 0.0212
0  3  26.3 0.02470 0.02471 0.02074   2258     108865.2 0.0210
0  3  26.3 0.02490 0.02490 0.02074   2286     110215.2 0.0209
0  3  26.3 0.02510 0.02510 0.02162   2330     107786.5 0.0207
0  3  26.3 0.02530 0.02529 0.02233   2288     102448.1 0.0209
0  3  26.3 0.02550 0.02549 0.02252   2352     104460.7 0.0206
0  3  26.3 0.02570 0.02568 0.02299   2282      99253.5 0.0209
0  3  26.3 0.02590 0.02588 0.02407   2270      94317.8 0.0210
0  3  26.3 0.02610 0.02607 0.02407   2252      93569.9 0.0211
0  3  26.3 0.02630 0.02627 0.02515   2232      88732.2 0.0212
0  3  26.3 0.02650 0.02646 0.02515   2252      89527.2 0.0211
0  3  26.3 0.02670 0.02666 0.02646   2230      84275.1 0.0212
0  3  26.3 0.02690 0.02686 0.02819   2342      83090.5 0.0207
0  3  26.3 0.02710 0.02715 0.03043   2344      77023.6 0.0207
0  3  26.3 0.02730 0.02734 0.03175   2232      70306.5 0.0212
0  3  26.3 0.02750 0.02754 0.03349   2286      68263.8 0.0209
0  3  26.3 0.02770 0.02773 0.03505   2240      63907.1 0.0211
0  3  26.3 0.02790 0.02793 0.03795   2262      59597.4 0.0210
0  3  26.3 0.02810 0.02813 0.04024   2266      56317.3 0.0210
0  3  26.3 0.02830 0.02832 0.04504   2278      50582.5 0.0210
0  3  26.3 0.02850 0.02852 0.05206   2240      43023.3 0.0211
0  3  26.3 0.02870 0.02871 0.05578   2228      39942.5 0.0212
0  3  26.3 0.02890 0.02891 0.06818   2278      33413.7 0.0210
0  3  26.3 0.02910 0.02910 0.07522   2244      29833.8 0.0211
0  3  26.3 0.02930 0.02930 0.08806   2264      25710.7 0.0210
0  3  26.3 0.02950 0.02949 0.10055   2228      22159.1 0.0212
0  3  26.3 0.02970 0.02969 0.11858   2300      19395.5 0.0209
0  3  26.3 0.02990 0.02988 0.13582   2228      16403.9 0.0212
0  3  26.3 0.03010 0.03008 0.15166   2250      14836.3 0.0211
0  3  26.3 0.03030 0.03027 0.17212   2288      13293.0 0.0209
0  3  26.3 0.03050 0.03047 0.18905   2232      11806.1 0.0212
0  3  26.3 0.03070 0.03066 0.20042   2304      11495.9 0.0208
0  3  26.3 0.03090 0.03086 0.21046   2230      10595.9 0.0212
0  3  26.3 0.03110 0.03105 0.22946   2308      10058.4 0.0208
0  3  26.3 0.03130 0.03135 0.23518   2248       9558.8 0.0211
0  3  26.3 0.03150 0.03154 0.24464   2284       9336.0 0.0209
0  3  26.3 0.03170 0.03174 0.25820   2310       8946.7 0.0208
0  3  26.3 0.03190 0.03193 0.27769   2390       8606.6 0.0205
0  3  26.3 0.03210 0.03213 0.27769   2290       8246.5 0.0209
0  3  26.3 0.03230 0.03232 0.28487   2264       7947.4 0.0210
0  3  26.3 0.03250 0.03252 0.28539   2254       7898.1 0.0211
0  3  26.3 0.03270 0.03271 0.30532   2298       7526.4 0.0209
0  3  26.3 0.03290 0.03291 0.30532   2278       7460.9 0.0210
0  3  26.3 0.03310 0.03311 0.32249   2222       6890.1 0.0212
0  3  26.3 0.03330 0.03330 0.32249   2286       7088.5 0.0209
0  3  26.3 0.03350 0.03350 0.34205   2252       6583.9 0.0211
0  3  26.3 0.03370 0.03369 0.35186   2256       6411.6 0.0211
0  3  26.3 0.03390 0.03389 0.36672   2240       6108.2 0.0211
0  3  26.3 0.03410 0.03408 0.36672   2298       6266.4 0.0209
0  3  26.3 0.03430 0.03428 0.40073   2296       5729.5 0.0209
0  3  26.3 0.03450 0.03447 0.42920   2276       5302.9 0.0210
0  3  26.3 0.03470 0.03467 0.45155   2302       5097.9 0.0208
0  3  26.3 0.03490 0.03486 0.46886   2366       5046.3 0.0206
0  3  26.3 0.03510 0.03506 0.48728   2226       4568.2 0.0212
0  3  26.3 0.03530 0.03525 0.52882   2368       4477.9 0.0205
0  3  26.3 0.03550 0.03555 0.54754   2278       4160.4 0.0210
0  3  26.3 0.03570 0.03574 0.59175   2238       3782.0 0.0211
0  3  26.3 0.03590 0.03594 0.66475   2310       3475.0 0.0208
0  3  26.3 0.03610 0.03613 0.70741   2330       3293.7 0.0207
0  3  26.3 0.03630 0.03633 0.77508   2308       2977.7 0.0208
0  3  26.3 0.03650 0.03652 0.84341   2284       2708.1 0.0209
0  3  26.3 0.03670 0.03672 0.96700   2254       2330.9 0.0211
0  3  26.3 0.03690 0.03691 1.03302   2232       2160.7 0.0212
0  3  26.3 0.03710 0.03711 1.21000   1890       1562.0 0.0230
0  3  26.3 0.03730 0.03730 1.21000   1752       1447.9 0.0239
0  3  26.3 0.03750 0.03750 1.21000   1628       1345.5 0.0248
0  3  26.3 0.03770 0.03770 1.21000   1394       1152.1 0.0268
0  3  26.3 0.03790 0.03789 1.21000   1298       1072.7 0.0278
0  3  26.3 0.03810 0.03809 1.21000   1126        930.6 0.0298
0  3  26.3 0.03830 0.03828 1.21000   1146        947.1 0.0295
0  3  26.3 0.03850 0.03848 1.21000   1050        867.8 0.0309
0  3  26.3 0.03870 0.03867 1.21000    934        771.9 0.0327
0  3  26.3 0.03890 0.03887 1.21000    956        790.1 0.0323
0  3  26.3 0.03910 0.03906 1.21000    924        763.6 0.0329
0  3  26.3 0.03930 0.03926 1.21000    868        717.4 0.0339
0  3  26.3 0.03950 0.03945 1.21000    898        742.1 0.0334
0  3  26.3 0.03970 0.03975 1.21000    854        705.8 0.0342
0  3  26.3 0.03990 0.03994 1.21000    788        651.2 0.0356
