# Scan Time    : Fri, 18 Mar 2022 17:26:14 +0000 (GMT) +865035000 nsec
# Board Lane   : 8
# Board Loc    : BTOF - Northeast
# SiPM Biases  :  56.747  57.028  57.023  57.104
# SiPM Currents:   1.006   1.093   1.139   1.359
#
6 -1  25.5 0.00010 0.00010 1.21000      0          0.0 999.9990
6 -1  25.5 0.00030 0.00029 1.21000      0          0.0 999.9990
6 -1  25.5 0.00050 0.00049 1.21000      0          0.0 999.9990
6 -1  25.5 0.00070 0.00068 1.21000      0          0.0 999.9990
6 -1  25.5 0.00090 0.00088 1.21000      2          1.7 0.7071
6 -1  25.5 0.00110 0.00107 1.21000      2          1.7 0.7071
6 -1  25.5 0.00130 0.00127 1.21000      4          3.3 0.5000
6 -1  25.5 0.00150 0.00146 1.21000      2          1.7 0.7071
6 -1  25.5 0.00170 0.00166 1.21000      0          0.0 999.9990
6 -1  25.5 0.00190 0.00186 1.21000      2          1.7 0.7071
6 -1  25.5 0.00210 0.00215 1.21000      8          6.6 0.3536
6 -1  25.5 0.00230 0.00234 1.21000      4          3.3 0.5000
6 -1  25.5 0.00250 0.00254 1.21000      6          5.0 0.4082
6 -1  25.5 0.00270 0.00273 1.21000      4          3.3 0.5000
6 -1  25.5 0.00290 0.00293 1.21000      6          5.0 0.4082
6 -1  25.5 0.00310 0.00313 1.21000      6          5.0 0.4082
6 -1  25.5 0.00330 0.00332 1.21000     12          9.9 0.2887
6 -1  25.5 0.00350 0.00352 1.21000     16         13.2 0.2500
6 -1  25.5 0.00370 0.00371 1.21000     18         14.9 0.2357
6 -1  25.5 0.00390 0.00391 1.21000     24         19.8 0.2041
6 -1  25.5 0.00410 0.00410 1.21000     16         13.2 0.2500
6 -1  25.5 0.00430 0.00430 1.21000     10          8.3 0.3162
6 -1  25.5 0.00450 0.00449 1.21000     20         16.5 0.2236
6 -1  25.5 0.00470 0.00469 1.21000     30         24.8 0.1826
6 -1  25.5 0.00490 0.00488 1.21000     22         18.2 0.2132
6 -1  25.5 0.00510 0.00508 1.21000     18         14.9 0.2357
6 -1  25.5 0.00530 0.00527 1.21000     18         14.9 0.2357
6 -1  25.5 0.00550 0.00547 1.21000     32         26.4 0.1768
6 -1  25.5 0.00570 0.00566 1.21000     28         23.1 0.1890
6 -1  25.5 0.00590 0.00586 1.21000     30         24.8 0.1826
6 -1  25.5 0.00610 0.00605 1.21000     38         31.4 0.1622
6 -1  25.5 0.00630 0.00635 1.21000     38         31.4 0.1622
6 -1  25.5 0.00650 0.00654 1.21000     42         34.7 0.1543
6 -1  25.5 0.00670 0.00674 1.21000     34         28.1 0.1715
6 -1  25.5 0.00690 0.00693 1.21000     52         43.0 0.1387
6 -1  25.5 0.00710 0.00713 1.21000     50         41.3 0.1414
6 -1  25.5 0.00730 0.00732 1.21000     60         49.6 0.1291
6 -1  25.5 0.00750 0.00752 1.21000     58         47.9 0.1313
6 -1  25.5 0.00770 0.00771 1.21000     56         46.3 0.1336
6 -1  25.5 0.00790 0.00791 1.21000     84         69.4 0.1091
6 -1  25.5 0.00810 0.00811 1.21000     86         71.1 0.1078
6 -1  25.5 0.00830 0.00830 1.21000     82         67.8 0.1104
6 -1  25.5 0.00850 0.00850 1.21000     78         64.5 0.1132
6 -1  25.5 0.00870 0.00869 1.21000    106         87.6 0.0971
6 -1  25.5 0.00890 0.00889 1.21000     92         76.0 0.1043
6 -1  25.5 0.00910 0.00908 1.21000    112         92.6 0.0945
6 -1  25.5 0.00930 0.00928 1.21000     90         74.4 0.1054
6 -1  25.5 0.00950 0.00947 1.21000    108         89.3 0.0962
6 -1  25.5 0.00970 0.00967 1.21000    132        109.1 0.0870
6 -1  25.5 0.00990 0.00986 1.21000    180        148.8 0.0745
6 -1  25.5 0.01010 0.01006 1.21000    266        219.8 0.0613
6 -1  25.5 0.01030 0.01025 1.21000    636        525.6 0.0397
6 -1  25.5 0.01050 0.01055 1.21000   2412       1993.4 0.0204
6 -1  25.5 0.01070 0.01074 1.21000   6464       5342.1 0.0124
6 -1  25.5 0.01090 0.01094 1.21000  15070      12454.5 0.0081
6 -1  25.5 0.01110 0.01113 1.21000  37344      30862.8 0.0052
6 -1  25.5 0.01130 0.01133 0.97800  73698      75356.0 0.0037
6 -1  25.5 0.01150 0.01152 0.42320  71794     169646.3 0.0037
6 -1  25.5 0.01170 0.01172 0.18827  71908     381938.3 0.0037
6 -1  25.5 0.01190 0.01191 0.09299  72058     774907.2 0.0037
6 -1  25.5 0.01210 0.01211 0.05108  73592    1440684.5 0.0037
6 -1  25.5 0.01230 0.01230 0.02838  70922    2499223.9 0.0038
6 -1  25.5 0.01250 0.01250 0.01859  73236    3938680.7 0.0037
6 -1  25.5 0.01270 0.01270 0.01282  71012    5539776.8 0.0038
6 -1  25.5 0.01290 0.01289 0.00965  72362    7500760.2 0.0037
6 -1  25.5 0.01310 0.01309 0.00796  72772    9145363.6 0.0037
6 -1  25.5 0.01330 0.01328 0.00688  71552   10393304.7 0.0037
6 -1  25.5 0.01350 0.01348 0.00688  78064   11339207.0 0.0036
6 -1  25.5 0.01370 0.01367 0.00599  72832   12157006.3 0.0037
6 -1  25.5 0.01390 0.01387 0.00599  75814   12654757.2 0.0036
6 -1  25.5 0.01410 0.01406 0.00599  77910   13004618.3 0.0036
6 -1  25.5 0.01430 0.01426 0.00599  79554   13279032.3 0.0035
6 -1  25.5 0.01450 0.01445 0.00535  71890   13442074.7 0.0037
6 -1  25.5 0.01470 0.01475 0.00535  72698   13593155.4 0.0037
6 -1  25.5 0.01490 0.01494 0.00535  72714   13596147.1 0.0037
6 -1  25.5 0.01510 0.01514 0.00535  72202   13500412.8 0.0037
6 -1  25.5 0.01530 0.01533 0.00535  71202   13313431.6 0.0037
6 -1  25.5 0.01550 0.01553 0.00535  69624   13018375.4 0.0038
6 -1  25.5 0.01570 0.01572 0.00535  67544   12629454.6 0.0038
6 -1  25.5 0.01590 0.01592 0.00535  64390   12039716.1 0.0039
6 -1  25.5 0.01610 0.01611 0.00535  59142   11058439.0 0.0041
6 -1  25.5 0.01630 0.01631 0.00535  52712    9856150.2 0.0044
6 -1  25.5 0.01650 0.01650 0.00535  45622    8530453.9 0.0047
6 -1  25.5 0.01670 0.01670 0.00535  38272    7156142.5 0.0051
6 -1  25.5 0.01690 0.01689 0.00535  32472    6071651.8 0.0055
6 -1  25.6 0.01710 0.01709 0.00535  28412    5312508.3 0.0059
6 -1  25.6 0.01730 0.01729 0.00535  25524    4772506.8 0.0063
6 -1  25.6 0.01750 0.01748 0.00535  24226    4529805.3 0.0064
6 -1  25.6 0.01770 0.01768 0.00535  23436    4382090.2 0.0065
6 -1  25.6 0.01790 0.01787 0.00535  22900    4281868.3 0.0066
6 -1  25.6 0.01810 0.01807 0.00535  22670    4238862.6 0.0066
6 -1  25.6 0.01830 0.01826 0.00535  22550    4216424.9 0.0067
6 -1  25.6 0.01850 0.01846 0.00535  22580    4222034.3 0.0067
6 -1  25.6 0.01870 0.01865 0.00535  22542    4214929.0 0.0067
6 -1  25.6 0.01890 0.01895 0.00535  22274    4164818.1 0.0067
6 -1  25.6 0.01910 0.01914 0.00535  22236    4157712.8 0.0067
6 -1  25.6 0.01930 0.01934 0.00535  22244    4159208.6 0.0067
6 -1  25.6 0.01950 0.01953 0.00535  22254    4161078.4 0.0067
6 -1  25.6 0.01970 0.01973 0.00535  22200    4150981.5 0.0067
6 -1  25.6 0.01990 0.01992 0.00535  22096    4131535.4 0.0067
6 -1  25.6 0.02010 0.02012 0.00535  22310    4171549.4 0.0067
6 -1  25.6 0.02030 0.02031 0.00535  22164    4144250.1 0.0067
6 -1  25.6 0.02050 0.02051 0.00535  21970    4107975.8 0.0067
6 -1  25.6 0.02070 0.02070 0.00535  21994    4112463.3 0.0067
6 -1  25.6 0.02090 0.02090 0.00535  21794    4075067.1 0.0068
6 -1  25.6 0.02110 0.02109 0.00535  21882    4091521.5 0.0068
6 -1  25.6 0.02130 0.02129 0.00535  21796    4075441.1 0.0068
6 -1  25.6 0.02150 0.02148 0.00535  21750    4066839.9 0.0068
6 -1  25.6 0.02170 0.02168 0.00535  21404    4002144.5 0.0068
6 -1  25.6 0.02190 0.02188 0.00535  20704    3871257.7 0.0069
6 -1  25.6 0.02210 0.02207 0.00535  19802    3702600.7 0.0071
6 -1  25.6 0.02230 0.02227 0.00535  18956    3544414.6 0.0073
6 -1  25.6 0.02250 0.02246 0.00535  17792    3326768.6 0.0075
6 -1  25.6 0.02270 0.02266 0.00535  16132    3016379.9 0.0079
6 -1  25.6 0.02290 0.02285 0.00535  14442    2700381.7 0.0083
6 -1  25.6 0.02310 0.02314 0.00535  12048    2252748.9 0.0091
6 -1  25.6 0.02330 0.02334 0.00535  10438    1951709.2 0.0098
6 -1  25.6 0.02350 0.02354 0.00535   9190    1718356.7 0.0104
6 -1  25.6 0.02370 0.02373 0.00535   8076    1510059.7 0.0111
6 -1  25.6 0.02390 0.02393 0.00535   6948    1299145.0 0.0120
6 -1  25.6 0.02410 0.02412 0.00535   6240    1166762.4 0.0127
6 -1  25.6 0.02430 0.02432 0.00535   5594    1045972.5 0.0134
6 -1  25.6 0.02450 0.02451 0.00535   5122     957717.4 0.0140
6 -1  25.6 0.02470 0.02471 0.00535   4986     932288.0 0.0142
6 -1  25.6 0.02490 0.02490 0.00535   4608     861609.1 0.0147
6 -1  25.6 0.02510 0.02510 0.00535   4378     818603.5 0.0151
6 -1  25.6 0.02530 0.02529 0.00535   4228     790556.3 0.0154
6 -1  25.6 0.02550 0.02549 0.00535   4208     786816.7 0.0154
6 -1  25.6 0.02570 0.02568 0.00535   4044     756151.8 0.0157
6 -1  25.6 0.02590 0.02588 0.00535   3902     729600.4 0.0160
6 -1  25.6 0.02610 0.02607 0.00535   3826     715389.9 0.0162
6 -1  25.6 0.02630 0.02627 0.00535   3638     680237.4 0.0166
6 -1  25.6 0.02650 0.02646 0.00535   3708     693326.1 0.0164
6 -1  25.6 0.02670 0.02666 0.00535   3580     669392.5 0.0167
6 -1  25.6 0.02690 0.02686 0.00535   3580     669392.5 0.0167
6 -1  25.6 0.02710 0.02715 0.00535   3404     636483.8 0.0171
6 -1  25.6 0.02730 0.02734 0.00535   3226     603201.2 0.0176
6 -1  25.6 0.02750 0.02754 0.00535   3214     600957.4 0.0176
6 -1  25.6 0.02770 0.02773 0.00535   2994     559821.6 0.0183
6 -1  25.6 0.02790 0.02793 0.00535   2910     544115.1 0.0185
6 -1  25.6 0.02810 0.02813 0.00535   2802     523921.2 0.0189
6 -1  25.6 0.02830 0.02832 0.00535   2836     530278.5 0.0188
6 -1  25.6 0.02850 0.02852 0.00535   2704     505597.0 0.0192
6 -1  25.6 0.02870 0.02871 0.00535   2636     492882.3 0.0195
6 -1  25.6 0.02890 0.02891 0.00535   2446     457355.9 0.0202
6 -1  25.6 0.02910 0.02910 0.00535   2414     451372.5 0.0204
6 -1  25.6 0.02930 0.02930 0.00535   2320     433796.3 0.0208
6 -1  25.6 0.02950 0.02949 0.00561   2228     397095.4 0.0212
6 -1  25.6 0.02970 0.02969 0.00622   2296     369271.9 0.0209
6 -1  25.6 0.02990 0.02988 0.00652   2244     344016.4 0.0211
6 -1  25.6 0.03010 0.03008 0.00721   2370     328847.2 0.0205
6 -1  25.6 0.03030 0.03027 0.00774   2332     301439.8 0.0207
6 -1  25.6 0.03050 0.03047 0.00844   2252     266731.4 0.0211
6 -1  25.6 0.03070 0.03066 0.00921   2242     243557.5 0.0211
6 -1  25.6 0.03090 0.03086 0.01063   2260     212586.4 0.0210
6 -1  25.6 0.03110 0.03105 0.01199   2270     189310.6 0.0210
6 -1  25.6 0.03130 0.03135 0.01352   2300     170058.8 0.0209
6 -1  25.6 0.03150 0.03154 0.01554   2252     144904.4 0.0211
6 -1  25.6 0.03170 0.03174 0.01681   2244     133472.7 0.0211
6 -1  25.6 0.03190 0.03193 0.01828   2268     124081.6 0.0210
6 -1  25.6 0.03210 0.03213 0.02037   2272     111545.9 0.0210
6 -1  25.6 0.03230 0.03232 0.02084   2254     108172.1 0.0211
6 -1  25.6 0.03250 0.03252 0.02254   2276     100969.4 0.0210
6 -1  25.6 0.03270 0.03271 0.02401   2264      94289.7 0.0210
6 -1  25.6 0.03290 0.03291 0.02491   2232      89610.2 0.0212
6 -1  25.6 0.03310 0.03311 0.02586   2228      86148.6 0.0212
6 -1  25.6 0.03330 0.03330 0.02868   2352      82020.8 0.0206
6 -1  25.6 0.03350 0.03350 0.02936   2272      77376.8 0.0210
6 -1  25.6 0.03370 0.03369 0.03140   2354      74973.9 0.0206
6 -1  25.6 0.03390 0.03389 0.03191   2336      73195.2 0.0207
6 -1  25.6 0.03410 0.03408 0.03279   2304      70254.8 0.0208
6 -1  25.6 0.03430 0.03428 0.03470   2354      67834.9 0.0206
6 -1  25.6 0.03450 0.03447 0.03524   2274      64526.9 0.0210
6 -1  25.6 0.03470 0.03467 0.03683   2280      61901.9 0.0209
6 -1  25.6 0.03490 0.03486 0.03734   2278      61012.6 0.0210
6 -1  25.6 0.03510 0.03506 0.03958   2296      58007.6 0.0209
6 -1  25.6 0.03530 0.03525 0.04114   2274      55279.9 0.0210
6 -1  25.6 0.03550 0.03555 0.04378   2260      51626.4 0.0210
6 -1  25.6 0.03570 0.03574 0.04655   2268      48721.7 0.0210
6 -1  25.6 0.03590 0.03594 0.04818   2256      46820.1 0.0211
6 -1  25.6 0.03610 0.03613 0.04818   2222      46114.5 0.0212
6 -1  25.6 0.03630 0.03633 0.05457   2334      42771.0 0.0207
6 -1  25.6 0.03650 0.03652 0.05562   2262      40668.1 0.0210
6 -1  25.6 0.03670 0.03672 0.05998   2376      39613.0 0.0205
6 -1  25.6 0.03690 0.03691 0.06379   2292      35932.6 0.0209
6 -1  25.6 0.03710 0.03711 0.06829   2270      33238.7 0.0210
6 -1  25.6 0.03730 0.03730 0.07071   2238      31649.3 0.0211
6 -1  25.6 0.03750 0.03750 0.07717   2374      30762.3 0.0205
6 -1  25.6 0.03770 0.03770 0.07888   2228      28246.7 0.0212
6 -1  25.6 0.03790 0.03789 0.08724   2258      25881.8 0.0210
6 -1  25.6 0.03810 0.03809 0.09438   2362      25026.9 0.0206
6 -1  25.6 0.03830 0.03828 0.10330   2292      22186.8 0.0209
6 -1  25.6 0.03850 0.03848 0.11385   2282      20043.5 0.0209
6 -1  25.6 0.03870 0.03867 0.12012   2260      18814.0 0.0210
6 -1  25.6 0.03890 0.03887 0.13909   2326      16722.7 0.0207
6 -1  25.6 0.03910 0.03906 0.14578   2310      15845.3 0.0208
6 -1  25.6 0.03930 0.03926 0.16294   2294      14078.5 0.0209
6 -1  25.6 0.03950 0.03945 0.17719   2420      13658.0 0.0203
6 -1  25.6 0.03970 0.03975 0.19549   2302      11775.4 0.0208
6 -1  25.6 0.03990 0.03994 0.20940   2278      10878.5 0.0210
6  0  25.6 0.00010 0.00010 1.21000    152        125.6 0.0811
6  0  25.6 0.00030 0.00029 1.21000     18         14.9 0.2357
6  0  25.6 0.00050 0.00049 1.21000     16         13.2 0.2500
6  0  25.6 0.00070 0.00068 1.21000     14         11.6 0.2673
6  0  25.6 0.00090 0.00088 1.21000     16         13.2 0.2500
6  0  25.6 0.00110 0.00107 1.21000     20         16.5 0.2236
6  0  25.6 0.00130 0.00127 1.21000     22         18.2 0.2132
6  0  25.6 0.00150 0.00146 1.21000     24         19.8 0.2041
6  0  25.6 0.00170 0.00166 1.21000     22         18.2 0.2132
6  0  25.6 0.00190 0.00186 1.21000     24         19.8 0.2041
6  0  25.6 0.00210 0.00215 1.21000     28         23.1 0.1890
6  0  25.6 0.00230 0.00234 1.21000     20         16.5 0.2236
6  0  25.6 0.00250 0.00254 1.21000     34         28.1 0.1715
6  0  25.6 0.00270 0.00273 1.21000     30         24.8 0.1826
6  0  25.6 0.00290 0.00293 1.21000     26         21.5 0.1961
6  0  25.6 0.00310 0.00313 1.21000     20         16.5 0.2236
6  0  25.6 0.00330 0.00332 1.21000     24         19.8 0.2041
6  0  25.6 0.00350 0.00352 1.21000     34         28.1 0.1715
6  0  25.6 0.00370 0.00371 1.21000     28         23.1 0.1890
6  0  25.6 0.00390 0.00391 1.21000     30         24.8 0.1826
6  0  25.6 0.00410 0.00410 1.21000     28         23.1 0.1890
6  0  25.6 0.00430 0.00430 1.21000     36         29.8 0.1667
6  0  25.6 0.00450 0.00449 1.21000     34         28.1 0.1715
6  0  25.6 0.00470 0.00469 1.21000     36         29.8 0.1667
6  0  25.6 0.00490 0.00488 1.21000     32         26.4 0.1768
6  0  25.6 0.00510 0.00508 1.21000     38         31.4 0.1622
6  0  25.6 0.00530 0.00527 1.21000     50         41.3 0.1414
6  0  25.6 0.00550 0.00547 1.21000     46         38.0 0.1474
6  0  25.6 0.00570 0.00566 1.21000     50         41.3 0.1414
6  0  25.6 0.00590 0.00586 1.21000     34         28.1 0.1715
6  0  25.6 0.00610 0.00605 1.21000     48         39.7 0.1443
6  0  25.6 0.00630 0.00635 1.21000     62         51.2 0.1270
6  0  25.6 0.00650 0.00654 1.21000     52         43.0 0.1387
6  0  25.6 0.00670 0.00674 1.21000     64         52.9 0.1250
6  0  25.6 0.00690 0.00693 1.21000     58         47.9 0.1313
6  0  25.6 0.00710 0.00713 1.21000     60         49.6 0.1291
6  0  25.6 0.00730 0.00732 1.21000     74         61.2 0.1162
6  0  25.6 0.00750 0.00752 1.21000     78         64.5 0.1132
6  0  25.6 0.00770 0.00771 1.21000     72         59.5 0.1179
6  0  25.6 0.00790 0.00791 1.21000     74         61.2 0.1162
6  0  25.7 0.00810 0.00811 1.21000     66         54.5 0.1231
6  0  25.7 0.00830 0.00830 1.21000     82         67.8 0.1104
6  0  25.7 0.00850 0.00850 1.21000    102         84.3 0.0990
6  0  25.7 0.00870 0.00869 1.21000     98         81.0 0.1010
6  0  25.7 0.00890 0.00889 1.21000     80         66.1 0.1118
6  0  25.7 0.00910 0.00908 1.21000     98         81.0 0.1010
6  0  25.7 0.00930 0.00928 1.21000    100         82.6 0.1000
6  0  25.7 0.00950 0.00947 1.21000    116         95.9 0.0928
6  0  25.7 0.00970 0.00967 1.21000    118         97.5 0.0921
6  0  25.7 0.00990 0.00986 1.21000    166        137.2 0.0776
6  0  25.7 0.01010 0.01006 1.21000    296        244.6 0.0581
6  0  25.7 0.01030 0.01025 1.21000    626        517.4 0.0400
6  0  25.7 0.01050 0.01055 1.21000   2680       2214.9 0.0193
6  0  25.7 0.01070 0.01074 1.21000   7032       5811.6 0.0119
6  0  25.7 0.01090 0.01094 1.21000  16002      13224.8 0.0079
6  0  25.7 0.01110 0.01113 1.21000  38614      31912.4 0.0051
6  0  25.7 0.01130 0.01133 0.78831  72718      92245.7 0.0037
6  0  25.7 0.01150 0.01152 0.35392  72082     203664.6 0.0037
6  0  25.7 0.01170 0.01172 0.16524  71756     434250.7 0.0037
6  0  25.7 0.01190 0.01191 0.09077  74178     817199.7 0.0037
6  0  25.7 0.01210 0.01211 0.05198  71438    1374301.1 0.0037
6  0  25.7 0.01230 0.01230 0.03519  72554    2061746.6 0.0037
6  0  25.7 0.01250 0.01250 0.02655  71674    2699246.1 0.0037
6  0  25.7 0.01270 0.01270 0.02184  71908    3292096.5 0.0037
6  0  25.7 0.01290 0.01289 0.01928  72096    3739697.1 0.0037
6  0  25.7 0.01310 0.01309 0.01928  78018    4046877.6 0.0036
6  0  25.7 0.01330 0.01328 0.01695  71530    4219582.0 0.0037
6  0  25.7 0.01350 0.01348 0.01695  73574    4340158.3 0.0037
6  0  25.7 0.01370 0.01367 0.01695  74926    4419913.3 0.0037
6  0  25.7 0.01390 0.01387 0.01695  75770    4469701.2 0.0036
6  0  25.7 0.01410 0.01406 0.01695  76270    4499196.4 0.0036
6  0  25.7 0.01430 0.01426 0.01695  76618    4519725.0 0.0036
6  0  25.7 0.01450 0.01445 0.01695  76814    4531287.2 0.0036
6  0  25.7 0.01470 0.01475 0.01695  76842    4532938.9 0.0036
6  0  25.7 0.01490 0.01494 0.01695  76696    4524326.3 0.0036
6  0  25.7 0.01510 0.01514 0.01695  76370    4505095.4 0.0036
6  0  25.7 0.01530 0.01533 0.01695  75842    4473948.5 0.0036
6  0  25.7 0.01550 0.01553 0.01695  74990    4423688.7 0.0037
6  0  25.7 0.01570 0.01572 0.01695  73884    4358445.3 0.0037
6  0  25.7 0.01590 0.01592 0.01695  71954    4244593.9 0.0037
6  0  25.7 0.01610 0.01611 0.01695  69016    4071280.2 0.0038
6  0  25.7 0.01630 0.01631 0.01695  64514    3805705.5 0.0039
6  0  25.7 0.01650 0.01650 0.01695  57722    3405042.8 0.0042
6  0  25.7 0.01670 0.01670 0.01695  49736    2933945.6 0.0045
6  0  25.7 0.01690 0.01689 0.01695  40500    2389110.4 0.0050
6  0  25.7 0.01710 0.01709 0.01695  31776    1874478.4 0.0056
6  0  25.7 0.01730 0.01729 0.01695  25560    1507794.1 0.0063
6  0  25.7 0.01750 0.01748 0.01695  21172    1248944.4 0.0069
6  0  25.7 0.01770 0.01768 0.01695  18918    1115980.0 0.0073
6  0  25.7 0.01790 0.01787 0.01695  17616    1039174.6 0.0075
6  0  25.7 0.01810 0.01807 0.01695  17218    1015696.4 0.0076
6  0  25.7 0.01830 0.01826 0.01695  16918     997999.3 0.0077
6  0  25.7 0.01850 0.01846 0.01695  16944     999533.0 0.0077
6  0  25.7 0.01870 0.01865 0.01695  16818     992100.2 0.0077
6  0  25.7 0.01890 0.01895 0.01695  16826     992572.2 0.0077
6  0  25.7 0.01910 0.01914 0.01695  16686     984313.5 0.0077
6  0  25.7 0.01930 0.01934 0.01695  16600     979240.3 0.0078
6  0  25.7 0.01950 0.01953 0.01695  16834     993044.1 0.0077
6  0  25.7 0.01970 0.01973 0.01695  16896     996701.5 0.0077
6  0  25.7 0.01990 0.01992 0.01695  16918     997999.3 0.0077
6  0  25.7 0.02010 0.02012 0.01695  16630     981010.0 0.0078
6  0  25.7 0.02030 0.02031 0.01695  16668     983251.7 0.0077
6  0  25.7 0.02050 0.02051 0.01695  16558     976762.7 0.0078
6  0  25.7 0.02070 0.02070 0.01695  16902     997055.4 0.0077
6  0  25.7 0.02090 0.02090 0.01695  16730     986909.1 0.0077
6  0  25.7 0.02110 0.02109 0.01695  16692     984667.4 0.0077
6  0  25.7 0.02130 0.02129 0.01695  16674     983605.6 0.0077
6  0  25.7 0.02150 0.02148 0.01695  16496     973105.3 0.0078
6  0  25.7 0.02170 0.02168 0.01695  16230     957413.9 0.0078
6  0  25.7 0.02190 0.02188 0.01695  15788     931340.1 0.0080
6  0  25.7 0.02210 0.02207 0.01695  15086     889928.9 0.0081
6  0  25.7 0.02230 0.02227 0.01695  14096     831528.4 0.0084
6  0  25.7 0.02250 0.02246 0.01695  13140     775133.6 0.0087
6  0  25.7 0.02270 0.02266 0.01695  11530     680159.1 0.0093
6  0  25.7 0.02290 0.02285 0.01695  10142     598280.4 0.0099
6  0  25.7 0.02310 0.02314 0.01695   8234     485726.8 0.0110
6  0  25.7 0.02330 0.02334 0.01695   6554     386623.0 0.0124
6  0  25.7 0.02350 0.02354 0.01695   5346     315362.6 0.0137
6  0  25.7 0.02370 0.02373 0.01695   4616     272299.6 0.0147
6  0  25.7 0.02390 0.02393 0.01695   3712     218972.3 0.0164
6  0  25.7 0.02410 0.02412 0.01695   3028     178622.9 0.0182
6  0  25.7 0.02430 0.02432 0.01695   2646     156088.5 0.0194
6  0  25.7 0.02450 0.02451 0.01695   2430     143346.6 0.0203
6  0  25.7 0.02470 0.02471 0.01733   2286     131938.9 0.0209
6  0  25.7 0.02490 0.02490 0.01807   2258     124952.3 0.0210
6  0  25.7 0.02510 0.02510 0.01885   2230     118293.5 0.0212
6  0  25.7 0.02530 0.02529 0.01913   2288     119622.2 0.0209
6  0  25.7 0.02550 0.02549 0.02020   2354     116542.2 0.0206
6  0  25.7 0.02570 0.02568 0.02064   2302     111518.3 0.0208
6  0  25.7 0.02590 0.02588 0.02064   2274     110161.8 0.0210
6  0  25.7 0.02610 0.02607 0.02064   2242     108611.6 0.0211
6  0  25.7 0.02630 0.02627 0.02137   2274     106393.9 0.0210
6  0  25.7 0.02650 0.02646 0.02165   2310     106716.3 0.0208
6  0  25.7 0.02670 0.02666 0.02165   2226     102835.7 0.0212
6  0  25.7 0.02690 0.02686 0.02264   2264     100018.8 0.0210
6  0  25.7 0.02710 0.02715 0.02264   2260      99842.1 0.0210
6  0  25.7 0.02730 0.02734 0.02382   2252      94533.2 0.0211
6  0  25.7 0.02750 0.02754 0.02382   2230      93609.7 0.0212
6  0  25.7 0.02770 0.02773 0.02582   2412      93412.1 0.0204
6  0  25.7 0.02790 0.02793 0.02582   2352      91088.4 0.0206
6  0  25.7 0.02810 0.02813 0.02582   2320      89849.1 0.0208
6  0  25.7 0.02830 0.02832 0.02714   2330      85850.4 0.0207
6  0  25.7 0.02850 0.02852 0.02714   2256      83123.9 0.0211
6  0  25.7 0.02870 0.02871 0.02858   2244      78514.1 0.0211
6  0  25.7 0.02890 0.02891 0.03042   2358      77527.4 0.0206
6  0  25.7 0.02910 0.02910 0.03176   2316      72925.2 0.0208
6  0  25.7 0.02930 0.02930 0.03222   2244      69640.5 0.0211
6  0  25.7 0.02950 0.02949 0.03390   2222      65544.0 0.0212
6  0  25.7 0.02970 0.02969 0.03711   2332      62844.8 0.0207
6  0  25.7 0.02990 0.02988 0.04030   2266      56223.2 0.0210
6  0  25.7 0.03010 0.03008 0.04505   2244      49813.9 0.0211
6  0  25.7 0.03030 0.03027 0.04965   2264      45598.5 0.0210
6  0  25.7 0.03050 0.03047 0.05716   2318      40550.9 0.0208
6  0  25.7 0.03070 0.03066 0.06454   2242      34738.0 0.0211
6  0  25.7 0.03090 0.03086 0.07572   2248      29687.0 0.0211
6  0  25.7 0.03110 0.03105 0.08879   2276      25634.9 0.0210
6  0  25.7 0.03130 0.03135 0.11093   2316      20878.2 0.0208
6  0  25.7 0.03150 0.03154 0.12784   2318      18131.4 0.0208
6  0  25.7 0.03170 0.03174 0.14658   2248      15336.4 0.0211
6  0  25.7 0.03190 0.03193 0.16416   2264      13791.2 0.0210
6  0  25.7 0.03210 0.03213 0.18369   2254      12270.5 0.0211
6  0  25.7 0.03230 0.03232 0.20677   2320      11220.2 0.0208
6  0  25.7 0.03250 0.03252 0.21510   2270      10553.5 0.0210
6  0  25.7 0.03270 0.03271 0.21510   2254      10479.1 0.0211
6  0  25.7 0.03290 0.03291 0.22523   2268      10069.6 0.0210
6  0  25.7 0.03310 0.03311 0.24414   2294       9396.2 0.0209
6  0  25.7 0.03330 0.03330 0.24726   2252       9108.0 0.0211
6  0  25.7 0.03350 0.03350 0.25365   2278       8980.9 0.0210
6  0  25.7 0.03370 0.03369 0.25365   2224       8768.0 0.0212
6  0  25.7 0.03390 0.03389 0.26141   2280       8721.8 0.0209
6  0  25.7 0.03410 0.03408 0.27899   2324       8330.0 0.0207
6  0  25.7 0.03430 0.03428 0.27975   2276       8135.9 0.0210
6  0  25.7 0.03450 0.03447 0.29488   2350       7969.5 0.0206
6  0  25.7 0.03470 0.03467 0.29891   2270       7594.2 0.0210
6  0  25.7 0.03490 0.03486 0.30411   2294       7543.3 0.0209
6  0  25.7 0.03510 0.03506 0.32456   2366       7289.8 0.0206
6  0  25.7 0.03530 0.03525 0.32811   2246       6845.4 0.0211
6  0  25.7 0.03550 0.03555 0.35579   2304       6475.7 0.0208
6  0  25.7 0.03570 0.03574 0.37186   2296       6174.4 0.0209
6  0  25.7 0.03590 0.03594 0.37456   2242       5985.7 0.0211
6  0  25.7 0.03610 0.03613 0.38638   2326       6020.0 0.0207
6  0  25.7 0.03630 0.03633 0.42044   2308       5489.5 0.0208
6  0  25.7 0.03650 0.03652 0.42044   2242       5332.5 0.0211
6  0  25.7 0.03670 0.03672 0.44253   2226       5030.2 0.0212
6  0  25.7 0.03690 0.03691 0.46164   2242       4856.6 0.0211
6  0  25.7 0.03710 0.03711 0.51232   2232       4356.6 0.0212
6  0  25.7 0.03730 0.03730 0.51232   2224       4341.0 0.0212
6  0  25.7 0.03750 0.03750 0.56749   2254       3971.9 0.0211
6  0  25.7 0.03770 0.03770 0.60914   2302       3779.1 0.0208
6  0  25.7 0.03790 0.03789 0.66940   2224       3322.4 0.0212
6  0  25.7 0.03810 0.03809 0.76277   2334       3059.9 0.0207
6  0  25.7 0.03830 0.03828 0.83244   2348       2820.6 0.0206
6  0  25.7 0.03850 0.03848 0.89123   2240       2513.4 0.0211
6  0  25.7 0.03870 0.03867 1.02364   2322       2268.4 0.0208
6  0  25.7 0.03890 0.03887 1.10845   2240       2020.8 0.0211
6  0  25.7 0.03910 0.03906 1.21000   2102       1737.2 0.0218
6  0  25.7 0.03930 0.03926 1.21000   1960       1619.8 0.0226
6  0  25.7 0.03950 0.03945 1.21000   1806       1492.6 0.0235
6  0  25.7 0.03970 0.03975 1.21000   1514       1251.2 0.0257
6  0  25.7 0.03990 0.03994 1.21000   1382       1142.1 0.0269
6  1  25.7 0.00010 0.00010 1.21000     10          8.3 0.3162
6  1  25.7 0.00030 0.00029 1.21000     12          9.9 0.2887
6  1  25.7 0.00050 0.00049 1.21000     10          8.3 0.3162
6  1  25.7 0.00070 0.00068 1.21000     20         16.5 0.2236
6  1  25.7 0.00090 0.00088 1.21000     16         13.2 0.2500
6  1  25.7 0.00110 0.00107 1.21000     14         11.6 0.2673
6  1  25.7 0.00130 0.00127 1.21000     14         11.6 0.2673
6  1  25.7 0.00150 0.00146 1.21000     16         13.2 0.2500
6  1  25.7 0.00170 0.00166 1.21000     10          8.3 0.3162
6  1  25.7 0.00190 0.00186 1.21000     16         13.2 0.2500
6  1  25.7 0.00210 0.00215 1.21000     20         16.5 0.2236
6  1  25.7 0.00230 0.00234 1.21000     14         11.6 0.2673
6  1  25.7 0.00250 0.00254 1.21000     26         21.5 0.1961
6  1  25.7 0.00270 0.00273 1.21000     14         11.6 0.2673
6  1  25.7 0.00290 0.00293 1.21000     18         14.9 0.2357
6  1  25.7 0.00310 0.00313 1.21000     22         18.2 0.2132
6  1  25.7 0.00330 0.00332 1.21000     24         19.8 0.2041
6  1  25.7 0.00350 0.00352 1.21000     20         16.5 0.2236
6  1  25.7 0.00370 0.00371 1.21000     24         19.8 0.2041
6  1  25.7 0.00390 0.00391 1.21000     26         21.5 0.1961
6  1  25.7 0.00410 0.00410 1.21000     22         18.2 0.2132
6  1  25.7 0.00430 0.00430 1.21000     34         28.1 0.1715
6  1  25.7 0.00450 0.00449 1.21000     16         13.2 0.2500
6  1  25.7 0.00470 0.00469 1.21000     30         24.8 0.1826
6  1  25.7 0.00490 0.00488 1.21000     22         18.2 0.2132
6  1  25.7 0.00510 0.00508 1.21000     34         28.1 0.1715
6  1  25.7 0.00530 0.00527 1.21000     24         19.8 0.2041
6  1  25.7 0.00550 0.00547 1.21000     42         34.7 0.1543
6  1  25.7 0.00570 0.00566 1.21000     40         33.1 0.1581
6  1  25.7 0.00590 0.00586 1.21000     28         23.1 0.1890
6  1  25.7 0.00610 0.00605 1.21000     46         38.0 0.1474
6  1  25.7 0.00630 0.00635 1.21000     40         33.1 0.1581
6  1  25.7 0.00650 0.00654 1.21000     50         41.3 0.1414
6  1  25.7 0.00670 0.00674 1.21000     50         41.3 0.1414
6  1  25.7 0.00690 0.00693 1.21000     46         38.0 0.1474
6  1  25.7 0.00710 0.00713 1.21000     66         54.5 0.1231
6  1  25.7 0.00730 0.00732 1.21000     50         41.3 0.1414
6  1  25.7 0.00750 0.00752 1.21000     64         52.9 0.1250
6  1  25.7 0.00770 0.00771 1.21000     68         56.2 0.1213
6  1  25.7 0.00790 0.00791 1.21000     56         46.3 0.1336
6  1  25.7 0.00810 0.00811 1.21000     66         54.5 0.1231
6  1  25.7 0.00830 0.00830 1.21000     74         61.2 0.1162
6  1  25.7 0.00850 0.00850 1.21000     86         71.1 0.1078
6  1  25.7 0.00870 0.00869 1.21000     70         57.9 0.1195
6  1  25.7 0.00890 0.00889 1.21000     92         76.0 0.1043
6  1  25.7 0.00910 0.00908 1.21000     88         72.7 0.1066
6  1  25.7 0.00930 0.00928 1.21000     98         81.0 0.1010
6  1  25.7 0.00950 0.00947 1.21000     94         77.7 0.1031
6  1  25.7 0.00970 0.00967 1.21000    114         94.2 0.0937
6  1  25.7 0.00990 0.00986 1.21000    158        130.6 0.0796
6  1  25.7 0.01010 0.01006 1.21000    254        209.9 0.0627
6  1  25.7 0.01030 0.01025 1.21000    552        456.2 0.0426
6  1  25.7 0.01050 0.01055 1.21000   2434       2011.6 0.0203
6  1  25.7 0.01070 0.01074 1.21000   6414       5300.8 0.0125
6  1  25.7 0.01090 0.01094 1.21000  15300      12644.6 0.0081
6  1  25.7 0.01110 0.01113 1.21000  37412      30919.0 0.0052
6  1  25.7 0.01130 0.01133 0.83470  72966      87415.7 0.0037
6  1  25.7 0.01150 0.01152 0.37105  71722     193295.9 0.0037
6  1  25.7 0.01170 0.01172 0.17231  71812     416766.0 0.0037
6  1  25.7 0.01190 0.01191 0.09465  74838     790657.2 0.0037
6  1  25.7 0.01210 0.01211 0.05322  72354    1359616.3 0.0037
6  1  25.7 0.01230 0.01230 0.03579  71858    2007965.0 0.0037
6  1  25.7 0.01250 0.01250 0.02687  71998    2679932.1 0.0037
6  1  25.7 0.01270 0.01270 0.02195  71876    3274307.0 0.0037
6  1  25.7 0.01290 0.01289 0.01932  72056    3729201.4 0.0037
6  1  25.7 0.01310 0.01309 0.01932  77854    4029272.3 0.0036
6  1  25.7 0.01330 0.01328 0.01700  72014    4235352.9 0.0037
6  1  25.7 0.01350 0.01348 0.01700  74192    4363447.4 0.0037
6  1  25.7 0.01370 0.01367 0.01700  75570    4444491.6 0.0036
6  1  25.7 0.01390 0.01387 0.01700  76454    4496482.2 0.0036
6  1  25.8 0.01410 0.01406 0.01700  76968    4526712.0 0.0036
6  1  25.8 0.01430 0.01426 0.01700  77326    4547767.0 0.0036
6  1  25.8 0.01450 0.01445 0.01700  77532    4559882.5 0.0036
6  1  25.8 0.01470 0.01475 0.01700  77578    4562587.9 0.0036
6  1  25.8 0.01490 0.01494 0.01700  77434    4554118.8 0.0036
6  1  25.8 0.01510 0.01514 0.01700  77122    4535769.2 0.0036
6  1  25.8 0.01530 0.01533 0.01700  76626    4506598.0 0.0036
6  1  25.8 0.01550 0.01553 0.01700  75782    4456959.9 0.0036
6  1  25.8 0.01570 0.01572 0.01700  74706    4393677.2 0.0037
6  1  25.8 0.01590 0.01592 0.01700  72838    4283814.7 0.0037
6  1  25.8 0.01610 0.01611 0.01700  69840    4107493.6 0.0038
6  1  25.8 0.01630 0.01631 0.01700  65464    3850128.3 0.0039
6  1  25.8 0.01650 0.01650 0.01700  58650    3449377.1 0.0041
6  1  25.8 0.01670 0.01670 0.01700  50440    2966523.1 0.0045
6  1  25.8 0.01690 0.01689 0.01700  41152    2420268.8 0.0049
6  1  25.8 0.01710 0.01709 0.01700  32558    1914830.7 0.0055
6  1  25.8 0.01730 0.01729 0.01700  26240    1543250.7 0.0062
6  1  25.8 0.01750 0.01748 0.01700  22214    1306470.0 0.0067
6  1  25.8 0.01770 0.01768 0.01700  19832    1166377.6 0.0071
6  1  25.8 0.01790 0.01787 0.01700  18670    1098037.0 0.0073
6  1  25.8 0.01810 0.01807 0.01700  18134    1066513.3 0.0074
6  1  25.8 0.01830 0.01826 0.01700  17976    1057220.9 0.0075
6  1  25.8 0.01850 0.01846 0.01700  17734    1042988.1 0.0075
6  1  25.8 0.01870 0.01865 0.01700  17624    1036518.7 0.0075
6  1  25.8 0.01890 0.01895 0.01700  17600    1035107.2 0.0075
6  1  25.8 0.01910 0.01914 0.01700  17542    1031696.1 0.0076
6  1  25.8 0.01930 0.01934 0.01700  17570    1033342.8 0.0075
6  1  25.8 0.01950 0.01953 0.01700  17646    1037812.6 0.0075
6  1  25.8 0.01970 0.01973 0.01700  17546    1031931.3 0.0075
6  1  25.8 0.01990 0.01992 0.01700  17680    1039812.2 0.0075
6  1  25.8 0.02010 0.02012 0.01700  17568    1033225.2 0.0075
6  1  25.8 0.02030 0.02031 0.01700  17436    1025461.9 0.0076
6  1  25.8 0.02050 0.02051 0.01700  17684    1040047.5 0.0075
6  1  25.8 0.02070 0.02070 0.01700  17630    1036871.6 0.0075
6  1  25.8 0.02090 0.02090 0.01700  17552    1032284.2 0.0075
6  1  25.8 0.02110 0.02109 0.01700  17792    1046399.3 0.0075
6  1  25.8 0.02130 0.02129 0.01700  17486    1028402.5 0.0076
6  1  25.8 0.02150 0.02148 0.01700  17372    1021697.9 0.0076
6  1  25.8 0.02170 0.02168 0.01700  16876     992526.7 0.0077
6  1  25.8 0.02190 0.02188 0.01700  16722     983469.5 0.0077
6  1  25.8 0.02210 0.02207 0.01700  16200     952769.1 0.0079
6  1  25.8 0.02230 0.02227 0.01700  15144     890662.7 0.0081
6  1  25.8 0.02250 0.02246 0.01700  14178     833849.4 0.0084
6  1  25.8 0.02270 0.02266 0.01700  12724     748335.5 0.0089
6  1  25.8 0.02290 0.02285 0.01700  11274     663056.7 0.0094
6  1  25.8 0.02310 0.02314 0.01700   8734     513672.0 0.0107
6  1  25.8 0.02330 0.02334 0.01700   7274     427805.1 0.0117
6  1  25.8 0.02350 0.02354 0.01700   6328     372168.1 0.0126
6  1  25.8 0.02370 0.02373 0.01700   5096     299710.6 0.0140
6  1  25.8 0.02390 0.02393 0.01700   4208     247484.7 0.0154
6  1  25.8 0.02410 0.02412 0.01700   3572     210079.7 0.0167
6  1  25.8 0.02430 0.02432 0.01700   3000     176438.7 0.0183
6  1  25.8 0.02450 0.02451 0.01700   2758     162206.0 0.0190
6  1  25.8 0.02470 0.02471 0.01700   2536     149149.5 0.0199
6  1  25.8 0.02490 0.02490 0.01700   2318     136328.3 0.0208
6  1  25.8 0.02510 0.02510 0.01700   2224     130799.9 0.0212
6  1  25.8 0.02530 0.02529 0.01808   2320     128340.2 0.0208
6  1  25.8 0.02550 0.02549 0.01808   2260     125021.1 0.0210
6  1  25.8 0.02570 0.02568 0.01808   2236     123693.4 0.0211
6  1  25.8 0.02590 0.02588 0.01909   2284     119639.0 0.0209
6  1  25.8 0.02610 0.02607 0.01909   2276     119219.9 0.0210
6  1  25.8 0.02630 0.02627 0.01966   2314     117719.2 0.0208
6  1  25.8 0.02650 0.02646 0.01966   2238     113852.9 0.0211
6  1  25.8 0.02670 0.02666 0.01966   2222     113038.9 0.0212
6  1  25.8 0.02690 0.02686 0.02065   2268     109839.2 0.0210
6  1  25.8 0.02710 0.02715 0.02255   2274     100836.2 0.0210
6  1  25.8 0.02730 0.02734 0.02255   2272     100747.6 0.0210
6  1  25.8 0.02750 0.02754 0.02255   2226      98707.8 0.0212
6  1  25.8 0.02770 0.02773 0.02255   2252      99860.7 0.0211
6  1  25.8 0.02790 0.02793 0.02402   2296      95585.8 0.0209
6  1  25.8 0.02810 0.02813 0.02446   2292      93701.6 0.0209
6  1  25.8 0.02830 0.02832 0.02526   2318      91779.1 0.0208
6  1  25.8 0.02850 0.02852 0.02647   2292      86583.9 0.0209
6  1  25.8 0.02870 0.02871 0.02769   2256      81465.1 0.0211
6  1  25.8 0.02890 0.02891 0.02828   2250      79566.5 0.0211
6  1  25.8 0.02910 0.02910 0.03018   2250      74553.3 0.0211
6  1  25.8 0.02930 0.02930 0.03034   2266      74677.9 0.0210
6  1  25.8 0.02950 0.02949 0.03302   2226      67417.0 0.0212
6  1  25.8 0.02970 0.02969 0.03494   2256      64574.1 0.0211
6  1  25.8 0.02990 0.02988 0.03850   2306      59889.8 0.0208
6  1  25.8 0.03010 0.03008 0.04188   2244      53579.9 0.0211
6  1  25.8 0.03030 0.03027 0.04535   2240      49395.4 0.0211
6  1  25.8 0.03050 0.03047 0.05089   2222      43662.0 0.0212
6  1  25.8 0.03070 0.03066 0.05752   2222      38631.6 0.0212
6  1  25.8 0.03090 0.03086 0.06705   2260      33704.4 0.0210
6  1  25.8 0.03110 0.03105 0.07809   2290      29325.6 0.0209
6  1  25.8 0.03130 0.03135 0.09128   2222      24342.3 0.0212
6  1  25.8 0.03150 0.03154 0.11379   2232      19615.2 0.0212
6  1  25.8 0.03170 0.03174 0.12742   2296      18019.4 0.0209
6  1  25.8 0.03190 0.03193 0.14383   2224      15462.6 0.0212
6  1  25.8 0.03210 0.03213 0.16698   2286      13690.6 0.0209
6  1  25.8 0.03230 0.03232 0.17305   2236      12921.1 0.0211
6  1  25.8 0.03250 0.03252 0.18522   2232      12050.5 0.0212
6  1  25.8 0.03270 0.03271 0.20675   2350      11366.4 0.0206
6  1  25.8 0.03290 0.03291 0.20675   2238      10824.7 0.0211
6  1  25.8 0.03310 0.03311 0.21447   2232      10407.0 0.0212
6  1  25.8 0.03330 0.03330 0.22628   2240       9899.0 0.0211
6  1  25.8 0.03350 0.03350 0.23784   2290       9628.1 0.0209
6  1  25.8 0.03370 0.03369 0.23784   2242       9426.3 0.0211
6  1  25.8 0.03390 0.03389 0.25074   2284       9109.0 0.0209
6  1  25.8 0.03410 0.03408 0.25074   2248       8965.4 0.0211
6  1  25.8 0.03430 0.03428 0.26905   2282       8481.6 0.0209
6  1  25.8 0.03450 0.03447 0.27550   2322       8428.3 0.0208
6  1  25.8 0.03470 0.03467 0.28499   2232       7831.8 0.0212
6  1  25.8 0.03490 0.03486 0.29955   2228       7437.8 0.0212
6  1  25.8 0.03510 0.03506 0.30063   2280       7584.0 0.0209
6  1  25.8 0.03530 0.03525 0.31092   2228       7165.9 0.0212
6  1  25.8 0.03550 0.03555 0.33150   2230       6726.9 0.0212
6  1  25.8 0.03570 0.03574 0.36457   2398       6577.5 0.0204
6  1  25.8 0.03590 0.03594 0.36457   2250       6171.6 0.0211
6  1  25.8 0.03610 0.03613 0.36457   2258       6193.5 0.0210
6  1  25.8 0.03630 0.03633 0.38785   2262       5832.2 0.0210
6  1  25.8 0.03650 0.03652 0.41515   2254       5429.4 0.0211
6  1  25.8 0.03670 0.03672 0.44425   2276       5123.3 0.0210
6  1  25.8 0.03690 0.03691 0.45870   2244       4892.1 0.0211
6  1  25.8 0.03710 0.03711 0.49286   2276       4618.0 0.0210
6  1  25.8 0.03730 0.03730 0.51706   2250       4351.5 0.0211
6  1  25.8 0.03750 0.03750 0.54421   2264       4160.2 0.0210
6  1  25.8 0.03770 0.03770 0.59953   2242       3739.6 0.0211
6  1  25.8 0.03790 0.03789 0.64294   2254       3505.8 0.0211
6  1  25.8 0.03810 0.03809 0.70167   2286       3257.9 0.0209
6  1  25.8 0.03830 0.03828 0.70167   2222       3166.7 0.0212
6  1  25.8 0.03850 0.03848 0.88133   2306       2616.5 0.0208
6  1  25.8 0.03870 0.03867 0.94971   2310       2432.3 0.0208
6  1  25.8 0.03890 0.03887 1.06152   2260       2129.0 0.0210
6  1  25.8 0.03910 0.03906 1.14228   2270       1987.3 0.0210
6  1  25.8 0.03930 0.03926 1.21000   1968       1626.4 0.0225
6  1  25.8 0.03950 0.03945 1.21000   1752       1447.9 0.0239
6  1  25.8 0.03970 0.03975 1.21000   1610       1330.6 0.0249
6  1  25.8 0.03990 0.03994 1.21000   1426       1178.5 0.0265
6  2  25.8 0.00010 0.00010 1.21000     12          9.9 0.2887
6  2  25.8 0.00030 0.00029 1.21000     14         11.6 0.2673
6  2  25.8 0.00050 0.00049 1.21000     16         13.2 0.2500
6  2  25.8 0.00070 0.00068 1.21000     18         14.9 0.2357
6  2  25.8 0.00090 0.00088 1.21000     14         11.6 0.2673
6  2  25.8 0.00110 0.00107 1.21000     12          9.9 0.2887
6  2  25.8 0.00130 0.00127 1.21000     22         18.2 0.2132
6  2  25.8 0.00150 0.00146 1.21000     14         11.6 0.2673
6  2  25.8 0.00170 0.00166 1.21000     28         23.1 0.1890
6  2  25.8 0.00190 0.00186 1.21000     22         18.2 0.2132
6  2  25.8 0.00210 0.00215 1.21000     28         23.1 0.1890
6  2  25.8 0.00230 0.00234 1.21000     20         16.5 0.2236
6  2  25.8 0.00250 0.00254 1.21000     20         16.5 0.2236
6  2  25.8 0.00270 0.00273 1.21000     30         24.8 0.1826
6  2  25.8 0.00290 0.00293 1.21000     24         19.8 0.2041
6  2  25.8 0.00310 0.00313 1.21000     26         21.5 0.1961
6  2  25.8 0.00330 0.00332 1.21000     24         19.8 0.2041
6  2  25.8 0.00350 0.00352 1.21000     28         23.1 0.1890
6  2  25.8 0.00370 0.00371 1.21000     22         18.2 0.2132
6  2  25.8 0.00390 0.00391 1.21000     30         24.8 0.1826
6  2  25.8 0.00410 0.00410 1.21000     28         23.1 0.1890
6  2  25.8 0.00430 0.00430 1.21000     30         24.8 0.1826
6  2  25.8 0.00450 0.00449 1.21000     40         33.1 0.1581
6  2  25.8 0.00470 0.00469 1.21000     44         36.4 0.1508
6  2  25.8 0.00490 0.00488 1.21000     38         31.4 0.1622
6  2  25.8 0.00510 0.00508 1.21000     46         38.0 0.1474
6  2  25.8 0.00530 0.00527 1.21000     44         36.4 0.1508
6  2  25.8 0.00550 0.00547 1.21000     32         26.4 0.1768
6  2  25.8 0.00570 0.00566 1.21000     54         44.6 0.1361
6  2  25.8 0.00590 0.00586 1.21000     42         34.7 0.1543
6  2  25.8 0.00610 0.00605 1.21000     48         39.7 0.1443
6  2  25.8 0.00630 0.00635 1.21000     58         47.9 0.1313
6  2  25.8 0.00650 0.00654 1.21000     66         54.5 0.1231
6  2  25.8 0.00670 0.00674 1.21000     62         51.2 0.1270
6  2  25.8 0.00690 0.00693 1.21000     58         47.9 0.1313
6  2  25.8 0.00710 0.00713 1.21000     64         52.9 0.1250
6  2  25.8 0.00730 0.00732 1.21000     70         57.9 0.1195
6  2  25.8 0.00750 0.00752 1.21000     62         51.2 0.1270
6  2  25.8 0.00770 0.00771 1.21000     94         77.7 0.1031
6  2  25.8 0.00790 0.00791 1.21000     80         66.1 0.1118
6  2  25.8 0.00810 0.00811 1.21000     74         61.2 0.1162
6  2  25.8 0.00830 0.00830 1.21000     98         81.0 0.1010
6  2  25.8 0.00850 0.00850 1.21000     88         72.7 0.1066
6  2  25.8 0.00870 0.00869 1.21000     84         69.4 0.1091
6  2  25.8 0.00890 0.00889 1.21000     88         72.7 0.1066
6  2  25.8 0.00910 0.00908 1.21000    118         97.5 0.0921
6  2  25.8 0.00930 0.00928 1.21000    102         84.3 0.0990
6  2  25.8 0.00950 0.00947 1.21000    120         99.2 0.0913
6  2  25.8 0.00970 0.00967 1.21000    140        115.7 0.0845
6  2  25.8 0.00990 0.00986 1.21000    160        132.2 0.0791
6  2  25.8 0.01010 0.01006 1.21000    286        236.4 0.0591
6  2  25.8 0.01030 0.01025 1.21000    668        552.1 0.0387
6  2  25.8 0.01050 0.01055 1.21000   2674       2209.9 0.0193
6  2  25.8 0.01070 0.01074 1.21000   7036       5814.9 0.0119
6  2  25.8 0.01090 0.01094 1.21000  16038      13254.5 0.0079
6  2  25.8 0.01110 0.01113 1.21000  38658      31948.8 0.0051
6  2  25.8 0.01130 0.01133 0.79319  71892      90636.5 0.0037
6  2  25.8 0.01150 0.01152 0.36075  72552     201112.8 0.0037
6  2  25.8 0.01170 0.01172 0.16758  71106     424315.5 0.0038
6  2  25.8 0.01190 0.01191 0.09205  73420     797568.2 0.0037
6  2  25.8 0.01210 0.01211 0.05292  72758    1374750.8 0.0037
6  2  25.8 0.01230 0.01230 0.03545  72092    2033790.8 0.0037
6  2  25.8 0.01250 0.01250 0.02683  72528    2702942.8 0.0037
6  2  25.8 0.01270 0.01270 0.02187  72190    3300457.1 0.0037
6  2  25.8 0.01290 0.01289 0.01925  72026    3741167.5 0.0037
6  2  25.8 0.01310 0.01309 0.01925  77920    4047313.1 0.0036
6  2  25.8 0.01330 0.01328 0.01694  71466    4217851.0 0.0037
6  2  25.8 0.01350 0.01348 0.01694  73506    4338249.7 0.0037
6  2  25.8 0.01370 0.01367 0.01694  74814    4415446.5 0.0037
6  2  25.8 0.01390 0.01387 0.01694  75682    4466675.0 0.0036
6  2  25.8 0.01410 0.01406 0.01694  76212    4497955.1 0.0036
6  2  25.8 0.01430 0.01426 0.01694  76576    4519438.0 0.0036
6  2  25.8 0.01450 0.01445 0.01694  76778    4531359.8 0.0036
6  2  25.8 0.01470 0.01475 0.01694  76818    4533720.6 0.0036
6  2  25.8 0.01490 0.01494 0.01694  76674    4525221.8 0.0036
6  2  25.8 0.01510 0.01514 0.01694  76370    4507280.1 0.0036
6  2  25.8 0.01530 0.01533 0.01694  75840    4476000.0 0.0036
6  2  25.8 0.01550 0.01553 0.01694  75056    4429729.1 0.0037
6  2  25.8 0.01570 0.01572 0.01694  73898    4361385.1 0.0037
6  2  25.8 0.01590 0.01592 0.01694  72104    4255505.1 0.0037
6  2  25.8 0.01610 0.01611 0.01694  69162    4081871.2 0.0038
6  2  25.8 0.01630 0.01631 0.01694  64834    3826437.0 0.0039
6  2  25.8 0.01650 0.01650 0.01694  58260    3438446.2 0.0041
6  2  25.8 0.01670 0.01670 0.01694  51808    3057655.7 0.0044
6  2  25.8 0.01690 0.01689 0.01694  41048    2422611.4 0.0049
6  2  25.8 0.01710 0.01709 0.01694  33068    1951639.9 0.0055
6  2  25.8 0.01730 0.01729 0.01694  26610    1570495.3 0.0061
6  2  25.8 0.01750 0.01748 0.01694  22682    1338668.7 0.0066
6  2  25.8 0.01770 0.01768 0.01694  20182    1191121.2 0.0070
6  2  25.8 0.01790 0.01787 0.01694  19132    1129151.3 0.0072
6  2  25.8 0.01810 0.01807 0.01694  18414    1086775.6 0.0074
6  2  25.8 0.01830 0.01826 0.01694  18216    1075089.9 0.0074
6  2  25.8 0.01850 0.01846 0.01694  18246    1076860.4 0.0074
6  2  25.8 0.01870 0.01865 0.01694  18250    1077096.5 0.0074
6  2  25.8 0.01890 0.01895 0.01694  17998    1062223.7 0.0075
6  2  25.8 0.01910 0.01914 0.01694  17862    1054197.2 0.0075
6  2  25.8 0.01930 0.01934 0.01694  18216    1075089.9 0.0074
6  2  25.8 0.01950 0.01953 0.01694  18008    1062813.9 0.0075
6  2  25.8 0.01970 0.01973 0.01694  18098    1068125.6 0.0074
6  2  25.8 0.01990 0.01992 0.01694  18192    1073673.4 0.0074
6  2  25.8 0.02010 0.02012 0.01694  18008    1062813.9 0.0075
6  2  25.8 0.02030 0.02031 0.01694  18134    1070250.3 0.0074
6  2  25.8 0.02050 0.02051 0.01694  17912    1057148.1 0.0075
6  2  25.8 0.02070 0.02070 0.01694  17896    1056203.8 0.0075
6  2  25.8 0.02090 0.02090 0.01694  17936    1058564.6 0.0075
6  2  25.8 0.02110 0.02109 0.01694  18040    1064702.5 0.0074
6  2  25.8 0.02130 0.02129 0.01694  17962    1060099.1 0.0075
6  2  25.8 0.02150 0.02148 0.01694  17886    1055613.6 0.0075
6  2  25.8 0.02170 0.02168 0.01694  17878    1055141.5 0.0075
6  2  25.8 0.02190 0.02188 0.01694  17522    1034130.7 0.0076
6  2  25.8 0.02210 0.02207 0.01694  17174    1013592.1 0.0076
6  2  25.8 0.02230 0.02227 0.01694  16418     968973.7 0.0078
6  2  25.8 0.02250 0.02246 0.01694  15396     908656.3 0.0081
6  2  25.8 0.02270 0.02266 0.01694  14338     846214.2 0.0084
6  2  25.8 0.02290 0.02285 0.01694  12816     756387.3 0.0088
6  2  25.8 0.02310 0.02314 0.01694  10600     625601.3 0.0097
6  2  25.8 0.02330 0.02334 0.01694   8914     526095.3 0.0106
6  2  25.8 0.02350 0.02354 0.01694   7696     454210.1 0.0114
6  2  25.8 0.02370 0.02373 0.01694   6176     364501.3 0.0127
6  2  25.8 0.02390 0.02393 0.01694   5106     301350.9 0.0140
6  2  25.8 0.02410 0.02412 0.01694   4226     249414.2 0.0154
6  2  25.8 0.02430 0.02432 0.01694   3388     199956.3 0.0172
6  2  25.8 0.02450 0.02451 0.01694   3082     181896.5 0.0180
6  2  25.8 0.02470 0.02471 0.01694   2760     162892.4 0.0190
6  2  25.8 0.02490 0.02490 0.01694   2532     149436.1 0.0199
6  2  25.8 0.02510 0.02510 0.01694   2324     137160.1 0.0207
6  2  25.8 0.02530 0.02529 0.01694   2264     133619.0 0.0210
6  2  25.8 0.02550 0.02549 0.01694   2290     135153.5 0.0209
6  2  25.8 0.02570 0.02568 0.01786   2340     131019.0 0.0207
6  2  25.8 0.02590 0.02588 0.01786   2268     126987.6 0.0210
6  2  25.8 0.02610 0.02607 0.01786   2294     128443.4 0.0209
6  2  25.8 0.02630 0.02627 0.01856   2252     121325.0 0.0211
6  2  25.8 0.02650 0.02646 0.01880   2284     121498.4 0.0209
6  2  25.8 0.02670 0.02666 0.01920   2256     117524.5 0.0211
6  2  25.8 0.02690 0.02686 0.02023   2286     112977.5 0.0209
6  2  25.8 0.02710 0.02715 0.02023   2282     112779.9 0.0209
6  2  25.8 0.02730 0.02734 0.02023   2302     113768.3 0.0208
6  2  25.8 0.02750 0.02754 0.02089   2242     107312.4 0.0211
6  2  25.8 0.02770 0.02773 0.02093   2228     106450.3 0.0212
6  2  25.8 0.02790 0.02793 0.02233   2306     103288.7 0.0208
6  2  25.8 0.02810 0.02813 0.02233   2292     102661.6 0.0209
6  2  25.8 0.02830 0.02832 0.02309   2260      97857.1 0.0210
6  2  25.8 0.02850 0.02852 0.02309   2238      96904.5 0.0211
6  2  25.8 0.02870 0.02871 0.02529   2334      92300.0 0.0207
6  2  25.8 0.02890 0.02891 0.02529   2226      88029.1 0.0212
6  2  25.8 0.02910 0.02910 0.02552   2250      88177.3 0.0211
6  2  25.8 0.02930 0.02930 0.02722   2290      84135.7 0.0209
6  2  25.8 0.02950 0.02949 0.02822   2242      79435.0 0.0211
6  2  25.8 0.02970 0.02969 0.02929   2250      76806.4 0.0211
6  2  25.8 0.02990 0.02988 0.03111   2342      75269.5 0.0207
6  2  25.8 0.03010 0.03008 0.03379   2298      68015.5 0.0209
6  2  25.8 0.03030 0.03027 0.03684   2306      62600.4 0.0208
6  2  25.8 0.03050 0.03047 0.03894   2266      58192.4 0.0210
6  2  25.8 0.03070 0.03066 0.04348   2326      53496.5 0.0207
6  2  25.8 0.03090 0.03086 0.04913   2324      47302.7 0.0207
6  2  25.8 0.03110 0.03105 0.05772   2278      39468.8 0.0210
6  2  25.8 0.03130 0.03135 0.07039   2292      32562.6 0.0209
6  2  25.8 0.03150 0.03154 0.07954   2222      27935.9 0.0212
6  2  25.8 0.03170 0.03174 0.09381   2226      23729.1 0.0212
6  2  25.8 0.03190 0.03193 0.10971   2294      20910.2 0.0209
6  2  25.8 0.03210 0.03213 0.12836   2298      17902.6 0.0209
6  2  25.8 0.03230 0.03232 0.14600   2298      15739.3 0.0209
6  2  25.8 0.03250 0.03252 0.16013   2236      13963.8 0.0211
6  2  25.8 0.03270 0.03271 0.17073   2256      13213.7 0.0211
6  2  25.8 0.03290 0.03291 0.18599   2232      12000.5 0.0212
6  2  25.8 0.03310 0.03311 0.19586   2230      11385.4 0.0212
6  2  25.8 0.03330 0.03330 0.20666   2310      11177.6 0.0208
6  2  25.8 0.03350 0.03350 0.20666   2304      11148.5 0.0208
6  2  25.8 0.03370 0.03369 0.22108   2384      10783.6 0.0205
6  2  25.8 0.03390 0.03389 0.22369   2276      10174.9 0.0210
6  2  25.8 0.03410 0.03408 0.22592   2274      10065.3 0.0210
6  2  25.8 0.03430 0.03428 0.23657   2252       9519.3 0.0211
6  2  25.8 0.03450 0.03447 0.23657   2228       9417.9 0.0212
6  2  25.8 0.03470 0.03467 0.25360   2294       9045.6 0.0209
6  2  25.8 0.03490 0.03486 0.25360   2278       8982.5 0.0210
6  2  25.8 0.03510 0.03506 0.25614   2236       8729.6 0.0211
6  2  25.8 0.03530 0.03525 0.27208   2244       8247.6 0.0211
6  2  25.8 0.03550 0.03555 0.28482   2238       7857.6 0.0211
6  2  25.8 0.03570 0.03574 0.29273   2226       7604.4 0.0212
6  2  25.8 0.03590 0.03594 0.29273   2234       7631.7 0.0212
6  2  25.8 0.03610 0.03613 0.31634   2226       7036.8 0.0212
6  2  25.8 0.03630 0.03633 0.32877   2290       6965.4 0.0209
6  2  25.8 0.03650 0.03652 0.35967   2344       6517.2 0.0207
6  2  25.8 0.03670 0.03672 0.35967   2228       6194.6 0.0212
6  2  25.8 0.03690 0.03691 0.37538   2278       6068.5 0.0210
6  2  25.8 0.03710 0.03711 0.38687   2288       5914.1 0.0209
6  2  25.8 0.03730 0.03730 0.41986   2306       5492.3 0.0208
6  2  25.8 0.03750 0.03750 0.41986   2250       5358.9 0.0211
6  2  25.8 0.03770 0.03770 0.44982   2242       4984.2 0.0211
6  2  25.8 0.03790 0.03789 0.48804   2260       4630.8 0.0210
6  2  25.8 0.03810 0.03809 0.52564   2238       4257.6 0.0211
6  2  25.8 0.03830 0.03828 0.56099   2356       4199.7 0.0206
6  2  25.8 0.03850 0.03848 0.61405   2280       3713.1 0.0209
6  2  25.8 0.03870 0.03867 0.66169   2352       3554.5 0.0206
6  2  25.8 0.03890 0.03887 0.74710   2298       3075.9 0.0209
6  2  25.8 0.03910 0.03906 0.81937   2352       2870.5 0.0206
6  2  25.8 0.03930 0.03926 0.90786   2252       2480.6 0.0211
6  2  25.8 0.03950 0.03945 1.00975   2334       2311.5 0.0207
6  2  25.8 0.03970 0.03975 1.16373   2224       1911.1 0.0212
6  2  25.8 0.03990 0.03994 1.21000   2054       1697.5 0.0221
6  3  25.8 0.00010 0.00010 1.21000      0          0.0 999.9990
6  3  25.8 0.00030 0.00029 1.21000      0          0.0 999.9990
6  3  25.8 0.00050 0.00049 1.21000      0          0.0 999.9990
6  3  25.8 0.00070 0.00068 1.21000      0          0.0 999.9990
6  3  25.8 0.00090 0.00088 1.21000      2          1.7 0.7071
6  3  25.8 0.00110 0.00107 1.21000      2          1.7 0.7071
6  3  25.8 0.00130 0.00127 1.21000      2          1.7 0.7071
6  3  25.8 0.00150 0.00146 1.21000      2          1.7 0.7071
6  3  25.8 0.00170 0.00166 1.21000      2          1.7 0.7071
6  3  25.8 0.00190 0.00186 1.21000      2          1.7 0.7071
6  3  25.8 0.00210 0.00215 1.21000      4          3.3 0.5000
6  3  25.8 0.00230 0.00234 1.21000      2          1.7 0.7071
6  3  25.8 0.00250 0.00254 1.21000      2          1.7 0.7071
6  3  25.8 0.00270 0.00273 1.21000      0          0.0 999.9990
6  3  25.8 0.00290 0.00293 1.21000      4          3.3 0.5000
6  3  25.8 0.00310 0.00313 1.21000      2          1.7 0.7071
6  3  25.8 0.00330 0.00332 1.21000      2          1.7 0.7071
6  3  25.8 0.00350 0.00352 1.21000      2          1.7 0.7071
6  3  25.8 0.00370 0.00371 1.21000      0          0.0 999.9990
6  3  25.8 0.00390 0.00391 1.21000      4          3.3 0.5000
6  3  25.8 0.00410 0.00410 1.21000      6          5.0 0.4082
6  3  25.8 0.00430 0.00430 1.21000      4          3.3 0.5000
6  3  25.8 0.00450 0.00449 1.21000      8          6.6 0.3536
6  3  25.8 0.00470 0.00469 1.21000      4          3.3 0.5000
6  3  25.8 0.00490 0.00488 1.21000      8          6.6 0.3536
6  3  25.8 0.00510 0.00508 1.21000      2          1.7 0.7071
6  3  25.8 0.00530 0.00527 1.21000      8          6.6 0.3536
6  3  25.8 0.00550 0.00547 1.21000      8          6.6 0.3536
6  3  25.7 0.00570 0.00566 1.21000      4          3.3 0.5000
6  3  25.7 0.00590 0.00586 1.21000      6          5.0 0.4082
6  3  25.7 0.00610 0.00605 1.21000      8          6.6 0.3536
6  3  25.7 0.00630 0.00635 1.21000      4          3.3 0.5000
6  3  25.7 0.00650 0.00654 1.21000      8          6.6 0.3536
6  3  25.7 0.00670 0.00674 1.21000      8          6.6 0.3536
6  3  25.7 0.00690 0.00693 1.21000     14         11.6 0.2673
6  3  25.7 0.00710 0.00713 1.21000     16         13.2 0.2500
6  3  25.7 0.00730 0.00732 1.21000     16         13.2 0.2500
6  3  25.7 0.00750 0.00752 1.21000     12          9.9 0.2887
6  3  25.7 0.00770 0.00771 1.21000     24         19.8 0.2041
6  3  25.7 0.00790 0.00791 1.21000     16         13.2 0.2500
6  3  25.7 0.00810 0.00811 1.21000     14         11.6 0.2673
6  3  25.7 0.00830 0.00830 1.21000     24         19.8 0.2041
6  3  25.7 0.00850 0.00850 1.21000     32         26.4 0.1768
6  3  25.7 0.00870 0.00869 1.21000     26         21.5 0.1961
6  3  25.7 0.00890 0.00889 1.21000     26         21.5 0.1961
6  3  25.7 0.00910 0.00908 1.21000     30         24.8 0.1826
6  3  25.7 0.00930 0.00928 1.21000     44         36.4 0.1508
6  3  25.7 0.00950 0.00947 1.21000     44         36.4 0.1508
6  3  25.7 0.00970 0.00967 1.21000     52         43.0 0.1387
6  3  25.7 0.00990 0.00986 1.21000     94         77.7 0.1031
6  3  25.7 0.01010 0.01006 1.21000    178        147.1 0.0750
6  3  25.7 0.01030 0.01025 1.21000    444        366.9 0.0475
6  3  25.7 0.01050 0.01055 1.21000   2056       1699.2 0.0221
6  3  25.7 0.01070 0.01074 1.21000   5530       4570.2 0.0134
6  3  25.7 0.01090 0.01094 1.21000  13440      11107.4 0.0086
6  3  25.7 0.01110 0.01113 1.21000  33008      27279.3 0.0055
6  3  25.7 0.01130 0.01133 1.21000  79348      65576.9 0.0036
6  3  25.7 0.01150 0.01152 0.40516  71822     177269.4 0.0037
6  3  25.7 0.01170 0.01172 0.16884  67928     402332.1 0.0038
6  3  25.7 0.01190 0.01191 0.09451  72078     762643.0 0.0037
6  3  25.7 0.01210 0.01211 0.05531  72260    1306350.6 0.0037
6  3  25.7 0.01230 0.01230 0.03644  71932    1974219.5 0.0037
6  3  25.7 0.01250 0.01250 0.02728  71290    2612984.1 0.0037
6  3  25.7 0.01270 0.01270 0.02224  71968    3235597.5 0.0037
6  3  25.7 0.01290 0.01289 0.01949  71936    3691253.2 0.0037
6  3  25.7 0.01310 0.01309 0.01949  78142    4009701.8 0.0036
6  3  25.7 0.01330 0.01328 0.01708  71792    4203391.3 0.0037
6  3  25.7 0.01350 0.01348 0.01708  73992    4332200.4 0.0037
6  3  25.7 0.01370 0.01367 0.01708  75424    4416043.4 0.0036
6  3  25.7 0.01390 0.01387 0.01708  76324    4468738.0 0.0036
6  3  25.7 0.01410 0.01406 0.01708  76866    4500471.9 0.0036
6  3  25.7 0.01430 0.01426 0.01708  77264    4523774.6 0.0036
6  3  25.7 0.01450 0.01445 0.01708  77482    4536538.4 0.0036
6  3  25.7 0.01470 0.01475 0.01708  77566    4541456.6 0.0036
6  3  25.7 0.01490 0.01494 0.01708  77436    4533845.1 0.0036
6  3  25.7 0.01510 0.01514 0.01708  77146    4516865.8 0.0036
6  3  25.7 0.01530 0.01533 0.01708  76666    4488762.0 0.0036
6  3  25.7 0.01550 0.01553 0.01708  75868    4442039.4 0.0036
6  3  25.7 0.01570 0.01572 0.01708  74820    4380679.5 0.0037
6  3  25.7 0.01590 0.01592 0.01708  73054    4277280.9 0.0037
6  3  25.7 0.01610 0.01611 0.01708  70116    4105262.2 0.0038
6  3  25.7 0.01630 0.01631 0.01708  65888    3857714.6 0.0039
6  3  25.7 0.01650 0.01650 0.01708  59360    3475503.0 0.0041
6  3  25.7 0.01670 0.01670 0.01708  51354    3006755.0 0.0044
6  3  25.7 0.01690 0.01689 0.01708  42588    2493509.4 0.0048
6  3  25.7 0.01710 0.01709 0.01708  34852    2040569.9 0.0054
6  3  25.7 0.01730 0.01729 0.01708  28996    1697703.6 0.0059
6  3  25.7 0.01750 0.01748 0.01708  24906    1458235.8 0.0063
6  3  25.7 0.01770 0.01768 0.01708  23136    1354603.0 0.0066
6  3  25.7 0.01790 0.01787 0.01708  21928    1283875.2 0.0068
6  3  25.7 0.01810 0.01807 0.01708  21538    1261040.8 0.0068
6  3  25.7 0.01830 0.01826 0.01708  21436    1255068.8 0.0068
6  3  25.7 0.01850 0.01846 0.01708  21054    1232702.8 0.0069
6  3  25.7 0.01870 0.01865 0.01708  21200    1241251.1 0.0069
6  3  25.7 0.01890 0.01895 0.01708  21280    1245935.0 0.0069
6  3  25.7 0.01910 0.01914 0.01708  21174    1239728.8 0.0069
6  3  25.7 0.01930 0.01934 0.01708  21288    1246403.4 0.0069
6  3  25.7 0.01950 0.01953 0.01708  21078    1234108.0 0.0069
6  3  25.7 0.01970 0.01973 0.01708  21214    1242070.8 0.0069
6  3  25.7 0.01990 0.01992 0.01708  21150    1238323.6 0.0069
6  3  25.7 0.02010 0.02012 0.01708  21200    1241251.1 0.0069
6  3  25.7 0.02030 0.02031 0.01708  21080    1234225.1 0.0069
6  3  25.7 0.02050 0.02051 0.01708  21148    1238206.5 0.0069
6  3  25.7 0.02070 0.02070 0.01708  21014    1230360.8 0.0069
6  3  25.7 0.02090 0.02090 0.01708  21030    1231297.6 0.0069
6  3  25.7 0.02110 0.02109 0.01708  20840    1220173.2 0.0069
6  3  25.7 0.02130 0.02129 0.01708  20762    1215606.3 0.0069
6  3  25.7 0.02150 0.02148 0.01708  20530    1202022.8 0.0070
6  3  25.7 0.02170 0.02168 0.01708  19962    1168766.7 0.0071
6  3  25.7 0.02190 0.02188 0.01708  19498    1141599.7 0.0072
6  3  25.7 0.02210 0.02207 0.01708  18740    1097219.1 0.0073
6  3  25.7 0.02230 0.02227 0.01708  17310    1013493.2 0.0076
6  3  25.7 0.02250 0.02246 0.01708  15690     918642.9 0.0080
6  3  25.7 0.02270 0.02266 0.01708  13918     814893.0 0.0085
6  3  25.7 0.02290 0.02285 0.01708  12076     707044.7 0.0091
6  3  25.7 0.02310 0.02314 0.01708   9336     546618.9 0.0103
6  3  25.7 0.02330 0.02334 0.01708   7816     457623.5 0.0113
6  3  25.7 0.02350 0.02354 0.01708   6830     399893.6 0.0121
6  3  25.7 0.02370 0.02373 0.01708   5450     319095.2 0.0135
6  3  25.7 0.02390 0.02393 0.01708   4540     265815.1 0.0148
6  3  25.7 0.02410 0.02412 0.01708   4030     235954.8 0.0158
6  3  25.7 0.02430 0.02432 0.01708   3522     206211.6 0.0169
6  3  25.7 0.02450 0.02451 0.01708   3106     181855.0 0.0179
6  3  25.7 0.02470 0.02471 0.01708   2982     174594.8 0.0183
6  3  25.7 0.02490 0.02490 0.01708   2900     169793.8 0.0186
6  3  25.7 0.02510 0.02510 0.01708   2780     162767.8 0.0190
6  3  25.7 0.02530 0.02529 0.01708   2710     158669.4 0.0192
6  3  25.7 0.02550 0.02549 0.01708   2690     157498.4 0.0193
6  3  25.7 0.02570 0.02568 0.01708   2626     153751.2 0.0195
6  3  25.7 0.02590 0.02588 0.01708   2528     148013.3 0.0199
6  3  25.7 0.02610 0.02607 0.01708   2576     150823.7 0.0197
6  3  25.7 0.02630 0.02627 0.01708   2416     141455.8 0.0203
6  3  25.7 0.02650 0.02646 0.01708   2430     142275.5 0.0203
6  3  25.7 0.02670 0.02666 0.01708   2316     135600.8 0.0208
6  3  25.7 0.02690 0.02686 0.01708   2292     134195.6 0.0209
6  3  25.7 0.02710 0.02715 0.01708   2232     130682.7 0.0212
6  3  25.7 0.02730 0.02734 0.01847   2344     126874.4 0.0207
6  3  25.7 0.02750 0.02754 0.01847   2314     125250.6 0.0208
6  3  25.7 0.02770 0.02773 0.01847   2232     120812.1 0.0212
6  3  25.7 0.02790 0.02793 0.01987   2314     116457.1 0.0208
6  3  25.7 0.02810 0.02813 0.01987   2300     115752.5 0.0209
6  3  25.7 0.02830 0.02832 0.02033   2256     110983.3 0.0211
6  3  25.7 0.02850 0.02852 0.02087   2240     107319.7 0.0211
6  3  25.7 0.02870 0.02871 0.02234   2268     101521.5 0.0210
6  3  25.7 0.02890 0.02891 0.02375   2278      95912.3 0.0210
6  3  25.7 0.02910 0.02910 0.02506   2350      93778.4 0.0206
6  3  25.7 0.02930 0.02930 0.02664   2400      90084.8 0.0204
6  3  25.7 0.02950 0.02949 0.02756   2268      82295.0 0.0210
6  3  25.7 0.02970 0.02969 0.03020   2360      78156.7 0.0206
6  3  25.7 0.02990 0.02988 0.03223   2282      70812.0 0.0209
6  3  25.7 0.03010 0.03008 0.03580   2222      62061.3 0.0212
6  3  25.7 0.03030 0.03027 0.03875   2228      57495.3 0.0212
6  3  25.7 0.03050 0.03047 0.04561   2298      50385.2 0.0209
6  3  25.7 0.03070 0.03066 0.05224   2254      43148.4 0.0211
6  3  25.7 0.03090 0.03086 0.06084   2270      37313.9 0.0210
6  3  25.7 0.03110 0.03105 0.07094   2224      31351.6 0.0212
6  3  25.7 0.03130 0.03135 0.08796   2274      25852.9 0.0210
6  3  25.7 0.03150 0.03154 0.10169   2276      22382.1 0.0210
6  3  25.7 0.03170 0.03174 0.10994   2310      21011.3 0.0208
6  3  25.7 0.03190 0.03193 0.12722   2302      18094.3 0.0208
6  3  25.7 0.03210 0.03213 0.13797   2306      16714.3 0.0208
6  3  25.7 0.03230 0.03232 0.14501   2292      15805.3 0.0209
6  3  25.7 0.03250 0.03252 0.15344   2246      14637.7 0.0211
6  3  25.7 0.03270 0.03271 0.16335   2310      14141.0 0.0208
6  3  25.7 0.03290 0.03291 0.17359   2308      13295.3 0.0208
6  3  25.7 0.03310 0.03311 0.17359   2278      13122.5 0.0210
6  3  25.7 0.03330 0.03330 0.18154   2250      12394.2 0.0211
6  3  25.7 0.03350 0.03350 0.18154   2234      12306.1 0.0212
6  3  25.7 0.03370 0.03369 0.19754   2300      11643.0 0.0209
6  3  25.7 0.03390 0.03389 0.19754   2258      11430.4 0.0210
6  3  25.7 0.03410 0.03408 0.20751   2328      11218.8 0.0207
6  3  25.7 0.03430 0.03428 0.21581   2240      10379.6 0.0211
6  3  25.7 0.03450 0.03447 0.21796   2230      10231.2 0.0212
6  3  25.7 0.03470 0.03467 0.22780   2254       9894.6 0.0211
6  3  25.7 0.03490 0.03486 0.23050   2232       9683.3 0.0212
6  3  25.7 0.03510 0.03506 0.25080   2252       8979.1 0.0211
6  3  25.7 0.03530 0.03525 0.25517   2294       8990.1 0.0209
6  3  25.7 0.03550 0.03555 0.28173   2358       8369.6 0.0206
6  3  25.7 0.03570 0.03574 0.28455   2246       7893.1 0.0211
6  3  25.7 0.03590 0.03594 0.30166   2264       7505.2 0.0210
6  3  25.7 0.03610 0.03613 0.30522   2292       7509.3 0.0209
6  3  25.7 0.03630 0.03633 0.32512   2344       7209.6 0.0207
6  3  25.7 0.03650 0.03652 0.33885   2228       6575.3 0.0212
6  3  25.7 0.03670 0.03672 0.37310   2382       6384.4 0.0205
6  3  25.7 0.03690 0.03691 0.38848   2256       5807.2 0.0211
6  3  25.7 0.03710 0.03711 0.42580   2320       5448.6 0.0208
6  3  25.7 0.03730 0.03730 0.43921   2302       5241.2 0.0208
6  3  25.7 0.03750 0.03750 0.46473   2270       4884.6 0.0210
6  3  25.7 0.03770 0.03770 0.49837   2236       4486.6 0.0211
6  3  25.7 0.03790 0.03789 0.56196   2242       3989.6 0.0211
6  3  25.7 0.03810 0.03809 0.62025   2278       3672.7 0.0210
6  3  25.7 0.03830 0.03828 0.70316   2316       3293.7 0.0208
6  3  25.7 0.03850 0.03848 0.77865   2278       2925.6 0.0210
6  3  25.7 0.03870 0.03867 0.87031   2304       2647.3 0.0208
6  3  25.7 0.03890 0.03887 1.01171   2370       2342.6 0.0205
6  3  25.6 0.03910 0.03906 1.06846   2240       2096.5 0.0211
6  3  25.6 0.03930 0.03926 1.17880   2286       1939.3 0.0209
6  3  25.6 0.03950 0.03945 1.21000   2032       1679.3 0.0222
6  3  25.6 0.03970 0.03975 1.21000   1758       1452.9 0.0239
6  3  25.6 0.03990 0.03994 1.21000   1712       1414.9 0.0242
