# Scan Time    : Fri, 18 Mar 2022 14:50:06 +0000 (GMT) +465890000 nsec
# Board Lane   : 8
# Board Loc    : BTOF - Northeast
# SiPM Biases  :  58.417  58.315  58.247  58.740
# SiPM Currents:   3.938   4.429   4.365   4.636
#
0 -1  25.6 0.00010 0.00010 1.21000     16         13.2 0.2500
0 -1  25.6 0.00030 0.00029 1.21000     18         14.9 0.2357
0 -1  25.6 0.00050 0.00049 1.21000     30         24.8 0.1826
0 -1  25.6 0.00070 0.00068 1.21000     30         24.8 0.1826
0 -1  25.6 0.00090 0.00088 1.21000     32         26.4 0.1768
0 -1  25.6 0.00110 0.00107 1.21000     36         29.8 0.1667
0 -1  25.6 0.00130 0.00127 1.21000     36         29.8 0.1667
0 -1  25.6 0.00150 0.00146 1.21000     32         26.4 0.1768
0 -1  25.6 0.00170 0.00166 1.21000     42         34.7 0.1543
0 -1  25.6 0.00190 0.00186 1.21000     40         33.1 0.1581
0 -1  25.6 0.00210 0.00215 1.21000     60         49.6 0.1291
0 -1  25.6 0.00230 0.00234 1.21000     74         61.2 0.1162
0 -1  25.6 0.00250 0.00254 1.21000    110         90.9 0.0953
0 -1  25.6 0.00270 0.00273 1.21000    216        178.5 0.0680
0 -1  25.6 0.00290 0.00293 1.21000    456        376.9 0.0468
0 -1  25.6 0.00310 0.00313 1.21000   1076        889.3 0.0305
0 -1  25.6 0.00330 0.00332 1.21000   2466       2038.0 0.0201
0 -1  25.6 0.00350 0.00352 1.21000   5732       4737.2 0.0132
0 -1  25.6 0.00370 0.00371 1.21000  13396      11071.1 0.0086
0 -1  25.6 0.00390 0.00391 1.21000  30816      25467.8 0.0057
0 -1  25.6 0.00410 0.00410 1.21000  65862      54431.4 0.0039
0 -1  25.6 0.00430 0.00430 0.66468  75132     113034.3 0.0036
0 -1  25.6 0.00450 0.00449 0.32687  73208     223964.3 0.0037
0 -1  25.6 0.00470 0.00469 0.17956  75836     422344.1 0.0036
0 -1  25.6 0.00490 0.00488 0.09864  74518     755480.1 0.0037
0 -1  25.6 0.00510 0.00508 0.05462  71834    1315112.3 0.0037
0 -1  25.6 0.00530 0.00527 0.03429  72442    2112411.0 0.0037
0 -1  25.6 0.00550 0.00547 0.02255  72566    3217477.6 0.0037
0 -1  25.6 0.00570 0.00566 0.01635  72124    4411919.5 0.0037
0 -1  25.6 0.00590 0.00586 0.01273  72296    5679765.5 0.0037
0 -1  25.6 0.00610 0.00605 0.01050  71790    6838672.2 0.0037
0 -1  25.6 0.00630 0.00635 0.00872  71730    8224222.5 0.0037
0 -1  25.6 0.00650 0.00654 0.00872  78126    8957557.6 0.0036
0 -1  25.6 0.00670 0.00674 0.00750  72836    9713177.2 0.0037
0 -1  25.6 0.00690 0.00693 0.00750  76766   10237269.5 0.0036
0 -1  25.6 0.00710 0.00713 0.00673  71440   10613355.0 0.0037
0 -1  25.6 0.00730 0.00732 0.00673  73618   10936925.6 0.0037
0 -1  25.6 0.00750 0.00752 0.00673  75792   11259902.0 0.0036
0 -1  25.6 0.00770 0.00771 0.00673  77334   11488986.5 0.0036
0 -1  25.6 0.00790 0.00791 0.00673  78792   11705591.6 0.0036
0 -1  25.6 0.00810 0.00811 0.00673  79644   11832167.5 0.0035
0 -1  25.6 0.00830 0.00830 0.00603  72442   12009735.4 0.0037
0 -1  25.6 0.00850 0.00850 0.00603  72886   12083343.6 0.0037
0 -1  25.6 0.00870 0.00869 0.00603  73012   12104232.4 0.0037
0 -1  25.6 0.00890 0.00889 0.00603  72770   12064112.6 0.0037
0 -1  25.6 0.00910 0.00908 0.00603  71910   11921538.3 0.0037
0 -1  25.6 0.00930 0.00928 0.00603  70618   11707345.1 0.0038
0 -1  25.6 0.00950 0.00947 0.00603  68670   11384397.6 0.0038
0 -1  25.6 0.00970 0.00967 0.00603  66190   10973252.9 0.0039
0 -1  25.6 0.00990 0.00986 0.00603  63042   10451364.4 0.0040
0 -1  25.6 0.01010 0.01006 0.00603  59998    9946717.5 0.0041
0 -1  25.6 0.01030 0.01025 0.00603  56682    9396977.2 0.0042
0 -1  25.6 0.01050 0.01055 0.00603  53762    8912887.5 0.0043
0 -1  25.6 0.01070 0.01074 0.00603  52324    8674489.9 0.0044
0 -1  25.6 0.01090 0.01094 0.00603  51260    8498095.6 0.0044
0 -1  25.6 0.01110 0.01113 0.00603  50528    8376741.6 0.0044
0 -1  25.6 0.01130 0.01133 0.00603  50420    8358836.9 0.0045
0 -1  25.6 0.01150 0.01152 0.00603  49990    8287549.7 0.0045
0 -1  25.6 0.01170 0.01172 0.00603  49870    8267655.6 0.0045
0 -1  25.6 0.01190 0.01191 0.00603  49666    8233835.6 0.0045
0 -1  25.6 0.01210 0.01211 0.00603  49384    8187084.5 0.0045
0 -1  25.6 0.01230 0.01230 0.00603  49188    8154590.8 0.0045
0 -1  25.6 0.01250 0.01250 0.00603  49274    8168848.2 0.0045
0 -1  25.6 0.01270 0.01270 0.00603  49076    8136023.0 0.0045
0 -1  25.6 0.01290 0.01289 0.00603  49310    8174816.5 0.0045
0 -1  25.6 0.01310 0.01309 0.00603  49450    8198026.2 0.0045
0 -1  25.6 0.01330 0.01328 0.00603  48896    8106181.8 0.0045
0 -1  25.6 0.01350 0.01348 0.00603  48848    8098224.2 0.0045
0 -1  25.6 0.01370 0.01367 0.00603  48846    8097892.6 0.0045
0 -1  25.6 0.01390 0.01387 0.00603  48792    8088940.3 0.0045
0 -1  25.6 0.01410 0.01406 0.00603  48526    8044841.7 0.0045
0 -1  25.6 0.01430 0.01426 0.00603  48672    8069046.2 0.0045
0 -1  25.6 0.01450 0.01445 0.00603  48548    8048488.9 0.0045
0 -1  25.6 0.01470 0.01475 0.00603  48370    8018979.4 0.0045
0 -1  25.6 0.01490 0.01494 0.00603  48036    7963607.4 0.0046
0 -1  25.6 0.01510 0.01514 0.00603  47920    7944376.5 0.0046
0 -1  25.6 0.01530 0.01533 0.00603  48018    7960623.3 0.0046
0 -1  25.6 0.01550 0.01553 0.00603  47388    7856179.3 0.0046
0 -1  25.6 0.01570 0.01572 0.00603  47224    7828990.7 0.0046
0 -1  25.6 0.01590 0.01592 0.00603  46344    7683100.7 0.0046
0 -1  25.6 0.01610 0.01611 0.00603  45810    7594571.9 0.0047
0 -1  25.6 0.01630 0.01631 0.00603  44650    7402262.3 0.0047
0 -1  25.6 0.01650 0.01650 0.00603  43182    7158891.2 0.0048
0 -1  25.6 0.01670 0.01670 0.00603  41826    6934087.9 0.0049
0 -1  25.6 0.01690 0.01689 0.00603  40166    6658886.2 0.0050
0 -1  25.6 0.01710 0.01709 0.00603  38398    6365779.8 0.0051
0 -1  25.6 0.01730 0.01729 0.00603  36504    6051784.6 0.0052
0 -1  25.6 0.01750 0.01748 0.00603  34764    5763320.2 0.0054
0 -1  25.6 0.01770 0.01768 0.00603  32848    5445677.8 0.0055
0 -1  25.6 0.01790 0.01787 0.00603  30872    5118088.3 0.0057
0 -1  25.6 0.01810 0.01807 0.00603  29034    4813377.0 0.0059
0 -1  25.6 0.01830 0.01826 0.00603  27920    4628693.5 0.0060
0 -1  25.6 0.01850 0.01846 0.00603  26692    4425110.5 0.0061
0 -1  25.6 0.01870 0.01865 0.00603  25858    4286846.6 0.0062
0 -1  25.6 0.01890 0.01895 0.00603  24852    4120067.7 0.0063
0 -1  25.6 0.01910 0.01914 0.00603  24244    4019270.9 0.0064
0 -1  25.6 0.01930 0.01934 0.00603  23420    3882664.8 0.0065
0 -1  25.6 0.01950 0.01953 0.00603  22900    3796457.0 0.0066
0 -1  25.6 0.01970 0.01973 0.00603  22714    3765621.2 0.0066
0 -1  25.6 0.01990 0.01992 0.00603  22334    3702623.2 0.0067
0 -1  25.6 0.02010 0.02012 0.00603  21780    3610778.8 0.0068
0 -1  25.6 0.02030 0.02031 0.00603  21434    3553417.5 0.0068
0 -1  25.6 0.02050 0.02051 0.00603  20944    3472183.2 0.0069
0 -1  25.6 0.02070 0.02070 0.00603  20510    3400232.9 0.0070
0 -1  25.6 0.02090 0.02090 0.00603  20182    3345855.7 0.0070
0 -1  25.6 0.02110 0.02109 0.00603  19734    3271584.4 0.0071
0 -1  25.6 0.02130 0.02129 0.00603  19548    3240748.6 0.0072
0 -1  25.6 0.02150 0.02148 0.00603  19202    3183387.3 0.0072
0 -1  25.6 0.02170 0.02168 0.00603  19184    3180403.1 0.0072
0 -1  25.6 0.02190 0.02188 0.00603  18512    3068996.2 0.0073
0 -1  25.6 0.02210 0.02207 0.00603  18088    2998703.7 0.0074
0 -1  25.6 0.02230 0.02227 0.00603  17374    2880333.8 0.0076
0 -1  25.6 0.02250 0.02246 0.00603  17120    2838224.7 0.0076
0 -1  25.6 0.02270 0.02266 0.00603  16802    2785505.3 0.0077
0 -1  25.6 0.02290 0.02285 0.00603  16238    2692003.0 0.0078
0 -1  25.6 0.02310 0.02314 0.00603  15574    2581922.4 0.0080
0 -1  25.6 0.02330 0.02334 0.00603  15240    2526550.5 0.0081
0 -1  25.6 0.02350 0.02354 0.00603  14906    2471178.5 0.0082
0 -1  25.6 0.02370 0.02373 0.00603  14076    2333577.7 0.0084
0 -1  25.6 0.02390 0.02393 0.00603  13876    2300420.9 0.0085
0 -1  25.6 0.02410 0.02412 0.00603  13366    2215871.0 0.0086
0 -1  25.6 0.02430 0.02432 0.00603  12968    2149888.9 0.0088
0 -1  25.6 0.02450 0.02451 0.00603  12562    2082580.5 0.0089
0 -1  25.6 0.02470 0.02471 0.00603  12020    1992725.5 0.0091
0 -1  25.6 0.02490 0.02490 0.00603  11444    1897233.8 0.0093
0 -1  25.6 0.02510 0.02510 0.00603  11112    1842193.5 0.0095
0 -1  25.6 0.02530 0.02529 0.00603  10628    1761954.0 0.0097
0 -1  25.6 0.02550 0.02549 0.00603  10130    1679393.4 0.0099
0 -1  25.6 0.02570 0.02568 0.00603   9750    1616395.5 0.0101
0 -1  25.6 0.02590 0.02588 0.00603   9150    1516925.0 0.0105
0 -1  25.6 0.02610 0.02607 0.00603   8888    1473489.5 0.0106
0 -1  25.6 0.02630 0.02627 0.00603   8446    1400212.9 0.0109
0 -1  25.6 0.02650 0.02646 0.00603   7892    1308368.5 0.0113
0 -1  25.6 0.02670 0.02666 0.00603   7788    1291127.0 0.0113
0 -1  25.6 0.02690 0.02686 0.00603   7474    1239070.7 0.0116
0 -1  25.6 0.02710 0.02715 0.00603   6936    1149878.9 0.0120
0 -1  25.6 0.02730 0.02734 0.00603   6760    1120700.9 0.0122
0 -1  25.6 0.02750 0.02754 0.00603   6420    1064334.2 0.0125
0 -1  25.6 0.02770 0.02773 0.00603   6154    1020235.7 0.0127
0 -1  25.6 0.02790 0.02793 0.00603   5908     979452.8 0.0130
0 -1  25.6 0.02810 0.02813 0.00603   5708     946295.9 0.0132
0 -1  25.6 0.02830 0.02832 0.00603   5608     929717.5 0.0134
0 -1  25.6 0.02850 0.02852 0.00603   5478     908165.6 0.0135
0 -1  25.6 0.02870 0.02871 0.00603   5310     880313.8 0.0137
0 -1  25.6 0.02890 0.02891 0.00603   5150     853788.4 0.0139
0 -1  25.6 0.02910 0.02910 0.00603   4990     827262.9 0.0142
0 -1  25.6 0.02930 0.02930 0.00603   4910     814000.2 0.0143
0 -1  25.6 0.02950 0.02949 0.00603   4664     773217.3 0.0146
0 -1  25.6 0.02970 0.02969 0.00603   4486     743707.7 0.0149
0 -1  25.6 0.02990 0.02988 0.00603   4308     714198.1 0.0152
0 -1  25.6 0.03010 0.03008 0.00603   4280     709556.2 0.0153
0 -1  25.6 0.03030 0.03027 0.00603   3926     650868.6 0.0160
0 -1  25.6 0.03050 0.03047 0.00603   3958     656173.7 0.0159
0 -1  25.6 0.03070 0.03066 0.00603   3714     615722.3 0.0164
0 -1  25.6 0.03090 0.03086 0.00603   3680     610085.7 0.0165
0 -1  25.6 0.03110 0.03105 0.00603   3574     592512.6 0.0167
0 -1  25.6 0.03130 0.03135 0.00603   3336     553055.9 0.0173
0 -1  25.6 0.03150 0.03154 0.00603   3152     522551.6 0.0178
0 -1  25.6 0.03170 0.03174 0.00603   3048     505310.1 0.0181
0 -1  25.6 0.03190 0.03193 0.00603   3098     513599.3 0.0180
0 -1  25.6 0.03210 0.03213 0.00603   2886     478453.1 0.0186
0 -1  25.6 0.03230 0.03232 0.00603   2788     462206.2 0.0189
0 -1  25.6 0.03250 0.03252 0.00603   2598     430707.2 0.0196
0 -1  25.6 0.03270 0.03271 0.00603   2556     423744.3 0.0198
0 -1  25.6 0.03290 0.03291 0.00603   2358     390919.0 0.0206
0 -1  25.6 0.03310 0.03311 0.00625   2354     376556.5 0.0206
0 -1  25.6 0.03330 0.03330 0.00625   2276     364079.3 0.0210
0 -1  25.6 0.03350 0.03350 0.00678   2338     345046.8 0.0207
0 -1  25.6 0.03370 0.03369 0.00683   2252     329662.4 0.0211
0 -1  25.6 0.03390 0.03389 0.00712   2256     316995.7 0.0211
0 -1  25.6 0.03410 0.03408 0.00768   2370     308735.0 0.0205
0 -1  25.6 0.03430 0.03428 0.00782   2306     294990.1 0.0208
0 -1  25.6 0.03450 0.03447 0.00818   2268     277424.8 0.0210
0 -1  25.6 0.03470 0.03467 0.00838   2240     267357.3 0.0211
0 -1  25.6 0.03490 0.03486 0.00898   2256     251113.2 0.0211
0 -1  25.6 0.03510 0.03506 0.00931   2314     248628.6 0.0208
0 -1  25.6 0.03530 0.03525 0.00963   2288     237689.8 0.0209
0 -1  25.6 0.03550 0.03555 0.01052   2298     218351.3 0.0209
0 -1  25.6 0.03570 0.03574 0.01075   2230     207503.5 0.0212
0 -1  25.6 0.03590 0.03594 0.01135   2262     199303.4 0.0210
0 -1  25.6 0.03610 0.03613 0.01200   2282     190207.0 0.0209
0 -1  25.6 0.03630 0.03633 0.01255   2248     179109.1 0.0211
0 -1  25.6 0.03650 0.03652 0.01327   2234     168381.0 0.0212
0 -1  25.6 0.03670 0.03672 0.01327   2238     168682.5 0.0211
0 -1  25.6 0.03690 0.03691 0.01387   2292     165307.8 0.0209
0 -1  25.6 0.03710 0.03711 0.01471   2292     155785.1 0.0209
0 -1  25.6 0.03730 0.03730 0.01544   2352     152304.4 0.0206
0 -1  25.6 0.03750 0.03750 0.01589   2240     141004.5 0.0211
0 -1  25.6 0.03770 0.03770 0.01668   2238     134134.6 0.0211
0 -1  25.6 0.03790 0.03789 0.01735   2294     132235.6 0.0209
0 -1  25.6 0.03810 0.03809 0.01775   2236     125991.9 0.0211
0 -1  25.6 0.03830 0.03828 0.01867   2306     123503.7 0.0208
0 -1  25.6 0.03850 0.03848 0.01910   2236     117059.9 0.0211
0 -1  25.6 0.03870 0.03867 0.01993   2230     111912.0 0.0212
0 -1  25.6 0.03890 0.03887 0.02147   2266     105530.1 0.0210
0 -1  25.6 0.03910 0.03906 0.02196   2310     105169.4 0.0208
0 -1  25.6 0.03930 0.03926 0.02344   2300      98113.0 0.0209
0 -1  25.6 0.03950 0.03945 0.02391   2254      94257.4 0.0211
0 -1  25.6 0.03970 0.03975 0.02488   2244      90207.3 0.0211
0 -1  25.6 0.03990 0.03994 0.02635   2254      85552.8 0.0211
0  0  25.6 0.00010 0.00010 1.21000      2          1.7 0.7071
0  0  25.6 0.00030 0.00029 1.21000      6          5.0 0.4082
0  0  25.6 0.00050 0.00049 1.21000      4          3.3 0.5000
0  0  25.6 0.00070 0.00068 1.21000      4          3.3 0.5000
0  0  25.6 0.00090 0.00088 1.21000      2          1.7 0.7071
0  0  25.6 0.00110 0.00107 1.21000      8          6.6 0.3536
0  0  25.6 0.00130 0.00127 1.21000      2          1.7 0.7071
0  0  25.6 0.00150 0.00146 1.21000      8          6.6 0.3536
0  0  25.6 0.00170 0.00166 1.21000     10          8.3 0.3162
0  0  25.6 0.00190 0.00186 1.21000     14         11.6 0.2673
0  0  25.6 0.00210 0.00215 1.21000      8          6.6 0.3536
0  0  25.6 0.00230 0.00234 1.21000     14         11.6 0.2673
0  0  25.6 0.00250 0.00254 1.21000     18         14.9 0.2357
0  0  25.6 0.00270 0.00273 1.21000     50         41.3 0.1414
0  0  25.6 0.00290 0.00293 1.21000     98         81.0 0.1010
0  0  25.6 0.00310 0.00313 1.21000    238        196.7 0.0648
0  0  25.6 0.00330 0.00332 1.21000    580        479.3 0.0415
0  0  25.6 0.00350 0.00352 1.21000   1428       1180.2 0.0265
0  0  25.6 0.00370 0.00371 1.21000   3174       2623.1 0.0177
0  0  25.6 0.00390 0.00391 1.21000   7110       5876.0 0.0119
0  0  25.6 0.00410 0.00410 1.21000  15022      12414.9 0.0082
0  0  25.6 0.00430 0.00430 1.21000  30900      25537.2 0.0057
0  0  25.6 0.00450 0.00449 1.21000  58814      48606.6 0.0041
0  0  25.6 0.00470 0.00469 0.11634  71624     615647.7 0.0037
0  0  25.6 0.00490 0.00488 0.06967  71888    1031886.9 0.0037
0  0  25.6 0.00510 0.00508 0.04529  71432    1577203.1 0.0037
0  0  25.6 0.00530 0.00527 0.03275  71888    2194887.8 0.0037
0  0  25.6 0.00550 0.00547 0.02552  72398    2836878.6 0.0037
0  0  25.6 0.00570 0.00566 0.02163  71764    3317811.5 0.0037
0  0  25.6 0.00590 0.00586 0.02163  79916    3694696.9 0.0035
0  0  25.6 0.00610 0.00605 0.01821  71992    3954267.7 0.0037
0  0  25.6 0.00630 0.00635 0.01821  76414    4197152.6 0.0036
0  0  25.6 0.00650 0.00654 0.01821  78186    4294482.3 0.0036
0  0  25.6 0.00670 0.00674 0.01821  79500    4366655.7 0.0035
0  0  25.6 0.00690 0.00693 0.01631  72436    4442057.8 0.0037
0  0  25.6 0.00710 0.00713 0.01631  73032    4478606.9 0.0037
0  0  25.6 0.00730 0.00732 0.01631  73406    4501542.0 0.0037
0  0  25.6 0.00750 0.00752 0.01631  73662    4517240.9 0.0037
0  0  25.6 0.00770 0.00771 0.01631  73840    4528156.6 0.0037
0  0  25.6 0.00790 0.00791 0.01631  73888    4531100.1 0.0037
0  0  25.6 0.00810 0.00811 0.01631  73882    4530732.2 0.0037
0  0  25.6 0.00830 0.00830 0.01631  73744    4522269.5 0.0037
0  0  25.6 0.00850 0.00850 0.01631  73498    4507183.8 0.0037
0  0  25.6 0.00870 0.00869 0.01631  73048    4479588.1 0.0037
0  0  25.6 0.00890 0.00889 0.01631  72422    4441199.3 0.0037
0  0  25.6 0.00910 0.00908 0.01631  71454    4381837.8 0.0037
0  0  25.6 0.00930 0.00928 0.01631  70074    4297210.8 0.0038
0  0  25.6 0.00950 0.00947 0.01631  68136    4178365.1 0.0038
0  0  25.6 0.00970 0.00967 0.01631  65242    4000893.7 0.0039
0  0  25.6 0.00990 0.00986 0.01631  61470    3769580.0 0.0040
0  0  25.6 0.01010 0.01006 0.01631  56526    3466394.6 0.0042
0  0  25.6 0.01030 0.01025 0.01631  50748    3112065.1 0.0044
0  0  25.6 0.01050 0.01055 0.01631  43298    2655202.1 0.0048
0  0  25.6 0.01070 0.01074 0.01631  39882    2445719.7 0.0050
0  0  25.6 0.01090 0.01094 0.01631  37562    2303448.2 0.0052
0  0  25.6 0.01110 0.01113 0.01631  36126    2215387.1 0.0053
0  0  25.6 0.01130 0.01133 0.01631  35216    2159582.4 0.0053
0  0  25.6 0.01150 0.01152 0.01631  34808    2134562.2 0.0054
0  0  25.6 0.01170 0.01172 0.01631  34544    2118372.7 0.0054
0  0  25.6 0.01190 0.01191 0.01631  34502    2115797.1 0.0054
0  0  25.6 0.01210 0.01211 0.01631  34508    2116165.0 0.0054
0  0  25.6 0.01230 0.01230 0.01631  34194    2096909.3 0.0054
0  0  25.6 0.01250 0.01250 0.01631  34160    2094824.3 0.0054
0  0  25.6 0.01270 0.01270 0.01631  34330    2105249.4 0.0054
0  0  25.6 0.01290 0.01289 0.01631  34062    2088814.6 0.0054
0  0  25.6 0.01310 0.01309 0.01631  34120    2092371.4 0.0054
0  0  25.6 0.01330 0.01328 0.01631  34308    2103900.3 0.0054
0  0  25.6 0.01350 0.01348 0.01631  34004    2085257.8 0.0054
0  0  25.6 0.01370 0.01367 0.01631  34044    2087710.8 0.0054
0  0  25.6 0.01390 0.01387 0.01631  34022    2086361.6 0.0054
0  0  25.6 0.01410 0.01406 0.01631  34096    2090899.6 0.0054
0  0  25.6 0.01430 0.01426 0.01631  33968    2083050.1 0.0054
0  0  25.6 0.01450 0.01445 0.01631  34066    2089059.9 0.0054
0  0  25.6 0.01470 0.01475 0.01631  33954    2082191.6 0.0054
0  0  25.6 0.01490 0.01494 0.01631  33614    2061341.5 0.0055
0  0  25.6 0.01510 0.01514 0.01631  33760    2070294.8 0.0054
0  0  25.6 0.01530 0.01533 0.01631  33406    2048586.1 0.0055
0  0  25.6 0.01550 0.01553 0.01631  33468    2052388.2 0.0055
0  0  25.6 0.01570 0.01572 0.01631  33082    2028717.2 0.0055
0  0  25.6 0.01590 0.01592 0.01631  32658    2002715.8 0.0055
0  0  25.6 0.01610 0.01611 0.01631  31790    1949486.7 0.0056
0  0  25.6 0.01630 0.01631 0.01631  30670    1880803.9 0.0057
0  0  25.6 0.01650 0.01650 0.01631  29438    1805252.9 0.0058
0  0  25.6 0.01670 0.01670 0.01631  27910    1711550.0 0.0060
0  0  25.6 0.01690 0.01689 0.01631  25776    1580684.8 0.0062
0  0  25.6 0.01710 0.01709 0.01631  23674    1451781.9 0.0065
0  0  25.6 0.01730 0.01729 0.01631  21290    1305585.8 0.0069
0  0  25.6 0.01750 0.01748 0.01631  19112    1172022.3 0.0072
0  0  25.6 0.01770 0.01768 0.01631  17538    1075498.5 0.0076
0  0  25.6 0.01790 0.01787 0.01631  15584     955671.6 0.0080
0  0  25.6 0.01810 0.01807 0.01631  13810     846883.0 0.0085
0  0  25.6 0.01830 0.01826 0.01631  12600     772681.1 0.0089
0  0  25.6 0.01850 0.01846 0.01631  11664     715281.9 0.0093
0  0  25.6 0.01870 0.01865 0.01631  11050     677629.1 0.0095
0  0  25.6 0.01890 0.01895 0.01631  10186     624645.2 0.0099
0  0  25.6 0.01910 0.01914 0.01631   9762     598643.9 0.0101
0  0  25.6 0.01930 0.01934 0.01631   9224     565651.6 0.0104
0  0  25.6 0.01950 0.01953 0.01631   9262     567981.9 0.0104
0  0  25.6 0.01970 0.01973 0.01631   8952     548971.5 0.0106
0  0  25.6 0.01990 0.01992 0.01631   8850     542716.5 0.0106
0  0  25.6 0.02010 0.02012 0.01631   8640     529838.5 0.0108
0  0  25.6 0.02030 0.02031 0.01631   8332     510950.7 0.0110
0  0  25.6 0.02050 0.02051 0.01631   8112     497459.5 0.0111
0  0  25.6 0.02070 0.02070 0.01631   8064     494515.9 0.0111
0  0  25.6 0.02090 0.02090 0.01631   7928     486175.9 0.0112
0  0  25.6 0.02110 0.02109 0.01631   7706     472562.0 0.0114
0  0  25.6 0.02130 0.02129 0.01631   7476     458457.5 0.0116
0  0  25.6 0.02150 0.02148 0.01631   7306     448032.4 0.0117
0  0  25.6 0.02170 0.02168 0.01631   7066     433314.7 0.0119
0  0  25.6 0.02190 0.02188 0.01631   6894     422766.9 0.0120
0  0  25.6 0.02210 0.02207 0.01631   6922     424484.0 0.0120
0  0  25.6 0.02230 0.02227 0.01631   6602     404860.4 0.0123
0  0  25.6 0.02250 0.02246 0.01631   6362     390142.6 0.0125
0  0  25.6 0.02270 0.02266 0.01631   6088     373339.9 0.0128
0  0  25.6 0.02290 0.02285 0.01631   5922     363160.1 0.0130
0  0  25.6 0.02310 0.02314 0.01631   5634     345498.8 0.0133
0  0  25.6 0.02330 0.02334 0.01631   5370     329309.3 0.0136
0  0  25.6 0.02350 0.02354 0.01631   5248     321827.8 0.0138
0  0  25.6 0.02370 0.02373 0.01631   4932     302449.5 0.0142
0  0  25.6 0.02390 0.02393 0.01631   4734     290307.3 0.0145
0  0  25.6 0.02410 0.02412 0.01631   4520     277184.0 0.0149
0  0  25.6 0.02430 0.02432 0.01631   4316     264673.9 0.0152
0  0  25.6 0.02450 0.02451 0.01631   4174     255965.9 0.0155
0  0  25.6 0.02470 0.02471 0.01631   3940     241616.2 0.0159
0  0  25.6 0.02490 0.02490 0.01631   3624     222237.8 0.0166
0  0  25.6 0.02510 0.02510 0.01631   3186     195377.9 0.0177
0  0  25.6 0.02530 0.02529 0.01631   3172     194519.4 0.0178
0  0  25.6 0.02550 0.02549 0.01631   2922     179188.4 0.0185
0  0  25.6 0.02570 0.02568 0.01631   2622     160791.3 0.0195
0  0  25.6 0.02590 0.02588 0.01631   2388     146441.5 0.0205
0  0  25.6 0.02610 0.02607 0.01631   2240     137365.5 0.0211
0  0  25.6 0.02630 0.02627 0.01819   2254     123915.5 0.0211
0  0  25.6 0.02650 0.02646 0.02009   2324     115688.9 0.0207
0  0  25.6 0.02670 0.02666 0.02203   2318     105211.8 0.0208
0  0  25.6 0.02690 0.02686 0.02318   2334     100693.6 0.0207
0  0  25.6 0.02710 0.02715 0.02555   2354      92127.4 0.0206
0  0  25.6 0.02730 0.02734 0.02735   2234      81690.6 0.0212
0  0  25.6 0.02750 0.02754 0.02818   2264      80328.6 0.0210
0  0  25.6 0.02770 0.02773 0.02999   2288      76284.4 0.0209
0  0  25.6 0.02790 0.02793 0.02999   2226      74217.3 0.0212
0  0  25.6 0.02810 0.02813 0.03238   2264      69913.0 0.0210
0  0  25.6 0.02830 0.02832 0.03352   2270      67718.8 0.0210
0  0  25.6 0.02850 0.02852 0.03630   2382      65618.9 0.0205
0  0  25.6 0.02870 0.02871 0.03724   2306      61924.3 0.0208
0  0  25.6 0.02890 0.02891 0.03813   2272      59585.8 0.0210
0  0  25.6 0.02910 0.02910 0.03876   2266      58469.5 0.0210
0  0  25.6 0.02930 0.02930 0.04177   2338      55979.7 0.0207
0  0  25.6 0.02950 0.02949 0.04177   2310      55309.3 0.0208
0  0  25.6 0.02970 0.02969 0.04355   2224      51063.0 0.0212
0  0  25.6 0.02990 0.02988 0.04678   2332      49855.6 0.0207
0  0  25.6 0.03010 0.03008 0.04798   2300      47932.2 0.0209
0  0  25.6 0.03030 0.03027 0.05058   2358      46618.0 0.0206
0  0  25.6 0.03050 0.03047 0.05203   2290      44010.3 0.0209
0  0  25.6 0.03070 0.03066 0.05596   2342      41849.7 0.0207
0  0  25.6 0.03090 0.03086 0.05596   2222      39705.4 0.0212
0  0  25.6 0.03110 0.03105 0.06108   2226      36442.4 0.0212
0  0  25.6 0.03130 0.03135 0.06545   2270      34682.3 0.0210
0  0  25.6 0.03150 0.03154 0.06690   2228      33305.3 0.0212
0  0  25.6 0.03170 0.03174 0.07058   2374      33635.1 0.0205
0  0  25.6 0.03190 0.03193 0.07294   2228      30543.7 0.0212
0  0  25.6 0.03210 0.03213 0.07899   2312      29270.4 0.0208
0  0  25.6 0.03230 0.03232 0.08537   2262      26496.2 0.0210
0  0  25.6 0.03250 0.03252 0.08591   2244      26119.7 0.0211
0  0  25.6 0.03270 0.03271 0.09433   2244      23789.4 0.0211
0  0  25.6 0.03290 0.03291 0.09667   2294      23730.9 0.0209
0  0  25.6 0.03310 0.03311 0.10612   2318      21842.4 0.0208
0  0  25.6 0.03330 0.03330 0.11713   2294      19585.1 0.0209
0  0  25.6 0.03350 0.03350 0.11713   2256      19260.7 0.0211
0  0  25.6 0.03370 0.03369 0.12696   2266      17848.5 0.0210
0  0  25.6 0.03390 0.03389 0.13319   2344      17598.8 0.0207
0  0  25.6 0.03410 0.03408 0.14187   2252      15873.1 0.0211
0  0  25.6 0.03430 0.03428 0.15246   2264      14849.7 0.0210
0  0  25.6 0.03450 0.03447 0.16271   2316      14233.6 0.0208
0  0  25.6 0.03470 0.03467 0.17809   2292      12869.6 0.0209
0  0  25.6 0.03490 0.03486 0.19341   2266      11715.8 0.0210
0  0  25.6 0.03510 0.03506 0.19915   2228      11187.5 0.0212
0  0  25.6 0.03530 0.03525 0.21173   2234      10551.3 0.0212
0  0  25.6 0.03550 0.03555 0.24631   2280       9256.5 0.0209
0  0  25.6 0.03570 0.03574 0.26594   2384       8964.3 0.0205
0  0  25.6 0.03590 0.03594 0.27032   2296       8493.6 0.0209
0  0  25.6 0.03610 0.03613 0.28933   2238       7735.0 0.0211
0  0  25.6 0.03630 0.03633 0.30938   2352       7602.2 0.0206
0  0  25.6 0.03650 0.03652 0.33326   2300       6901.5 0.0209
0  0  25.6 0.03670 0.03672 0.33937   2316       6824.4 0.0208
0  0  25.6 0.03690 0.03691 0.35705   2252       6307.3 0.0211
0  0  25.6 0.03710 0.03711 0.37133   2290       6167.1 0.0209
0  0  25.7 0.03730 0.03730 0.37334   2248       6021.3 0.0211
0  0  25.7 0.03750 0.03750 0.40192   2310       5747.4 0.0208
0  0  25.7 0.03770 0.03770 0.41226   2228       5404.3 0.0212
0  0  25.7 0.03790 0.03789 0.43560   2282       5238.7 0.0209
0  0  25.7 0.03810 0.03809 0.46312   2264       4888.6 0.0210
0  0  25.7 0.03830 0.03828 0.48614   2294       4718.8 0.0209
0  0  25.7 0.03850 0.03848 0.50953   2324       4561.1 0.0207
0  0  25.7 0.03870 0.03867 0.50953   2228       4372.7 0.0212
0  0  25.7 0.03890 0.03887 0.53834   2222       4127.5 0.0212
0  0  25.7 0.03910 0.03906 0.56054   2230       3978.3 0.0212
0  0  25.7 0.03930 0.03926 0.60691   2238       3687.6 0.0211
0  0  25.7 0.03950 0.03945 0.63431   2248       3544.0 0.0211
0  0  25.7 0.03970 0.03975 0.68076   2248       3302.2 0.0211
0  0  25.7 0.03990 0.03994 0.71855   2292       3189.7 0.0209
0  1  25.7 0.00010 0.00010 1.21000    396        327.3 0.0503
0  1  25.7 0.00030 0.00029 1.21000     30         24.8 0.1826
0  1  25.7 0.00050 0.00049 1.21000     34         28.1 0.1715
0  1  25.7 0.00070 0.00068 1.21000     46         38.0 0.1474
0  1  25.7 0.00090 0.00088 1.21000     48         39.7 0.1443
0  1  25.7 0.00110 0.00107 1.21000     58         47.9 0.1313
0  1  25.7 0.00130 0.00127 1.21000     48         39.7 0.1443
0  1  25.7 0.00150 0.00146 1.21000     66         54.5 0.1231
0  1  25.7 0.00170 0.00166 1.21000     58         47.9 0.1313
0  1  25.7 0.00190 0.00186 1.21000     78         64.5 0.1132
0  1  25.7 0.00210 0.00215 1.21000     96         79.3 0.1021
0  1  25.7 0.00230 0.00234 1.21000    116         95.9 0.0928
0  1  25.7 0.00250 0.00254 1.21000    226        186.8 0.0665
0  1  25.7 0.00270 0.00273 1.21000    454        375.2 0.0469
0  1  25.7 0.00290 0.00293 1.21000    974        805.0 0.0320
0  1  25.7 0.00310 0.00313 1.21000   2056       1699.2 0.0221
0  1  25.7 0.00330 0.00332 1.21000   4564       3771.9 0.0148
0  1  25.7 0.00350 0.00352 1.21000   9922       8200.0 0.0100
0  1  25.7 0.00370 0.00371 1.21000  22110      18272.7 0.0067
0  1  25.7 0.00390 0.00391 1.21000  48668      40221.5 0.0045
0  1  25.7 0.00410 0.00410 0.73834  72614      98348.2 0.0037
0  1  25.7 0.00430 0.00430 0.40559  79444     195874.6 0.0035
0  1  25.7 0.00450 0.00449 0.19950  72414     362984.3 0.0037
0  1  25.7 0.00470 0.00469 0.11246  71958     639869.2 0.0037
0  1  25.7 0.00490 0.00488 0.06804  71910    1056945.0 0.0037
0  1  25.7 0.00510 0.00508 0.04477  71464    1596358.7 0.0037
0  1  25.7 0.00530 0.00527 0.03294  72458    2199536.7 0.0037
0  1  25.7 0.00550 0.00547 0.02558  71834    2808666.4 0.0037
0  1  25.7 0.00570 0.00566 0.02185  72070    3297718.5 0.0037
0  1  25.7 0.00590 0.00586 0.02185  79866    3654441.3 0.0035
0  1  25.7 0.00610 0.00605 0.01838  72196    3926924.8 0.0037
0  1  25.7 0.00630 0.00635 0.01838  76768    4175607.5 0.0036
0  1  25.7 0.00650 0.00654 0.01838  78544    4272208.7 0.0036
0  1  25.7 0.00670 0.00674 0.01838  79916    4346835.3 0.0035
0  1  25.7 0.00690 0.00693 0.01637  72194    4410141.6 0.0037
0  1  25.7 0.00710 0.00713 0.01637  72826    4448748.8 0.0037
0  1  25.7 0.00730 0.00732 0.01637  73250    4474649.8 0.0037
0  1  25.7 0.00750 0.00752 0.01637  73498    4489799.5 0.0037
0  1  25.7 0.00770 0.00771 0.01637  73658    4499573.5 0.0037
0  1  25.7 0.00790 0.00791 0.01637  73738    4504460.5 0.0037
0  1  25.7 0.00810 0.00811 0.01637  73736    4504338.3 0.0037
0  1  25.7 0.00830 0.00830 0.01637  73606    4496396.9 0.0037
0  1  25.7 0.00850 0.00850 0.01637  73364    4481613.8 0.0037
0  1  25.7 0.00870 0.00869 0.01637  72942    4455834.9 0.0037
0  1  25.7 0.00890 0.00889 0.01637  72304    4416861.2 0.0037
0  1  25.7 0.00910 0.00908 0.01637  71448    4364570.4 0.0037
0  1  25.7 0.00930 0.00928 0.01637  70146    4285034.6 0.0038
0  1  25.7 0.00950 0.00947 0.01637  68332    4174222.1 0.0038
0  1  25.7 0.00970 0.00967 0.01637  65606    4007698.0 0.0039
0  1  25.7 0.00990 0.00986 0.01637  61968    3785462.1 0.0040
0  1  25.7 0.01010 0.01006 0.01637  57686    3523886.0 0.0042
0  1  25.7 0.01030 0.01025 0.01637  52230    3190593.3 0.0044
0  1  25.7 0.01050 0.01055 0.01637  44888    2742089.9 0.0047
0  1  25.7 0.01070 0.01074 0.01637  41394    2528650.6 0.0049
0  1  25.7 0.01090 0.01094 0.01637  39236    2396824.0 0.0050
0  1  25.7 0.01110 0.01113 0.01637  37786    2308247.4 0.0051
0  1  25.7 0.01130 0.01133 0.01637  36816    2248992.6 0.0052
0  1  25.7 0.01150 0.01152 0.01637  36232    2213317.6 0.0053
0  1  25.7 0.01170 0.01172 0.01637  36160    2208919.3 0.0053
0  1  25.7 0.01190 0.01191 0.01637  36144    2207941.9 0.0053
0  1  25.7 0.01210 0.01211 0.01637  36240    2213806.3 0.0053
0  1  25.7 0.01230 0.01230 0.01637  36014    2200000.5 0.0053
0  1  25.7 0.01250 0.01250 0.01637  35862    2190715.3 0.0053
0  1  25.7 0.01270 0.01270 0.01637  35806    2187294.4 0.0053
0  1  25.7 0.01290 0.01289 0.01637  35852    2190104.4 0.0053
0  1  25.7 0.01310 0.01309 0.01637  35772    2185217.4 0.0053
0  1  25.7 0.01330 0.01328 0.01637  35874    2191448.3 0.0053
0  1  25.7 0.01350 0.01348 0.01637  35618    2175809.9 0.0053
0  1  25.7 0.01370 0.01367 0.01637  35774    2185339.6 0.0053
0  1  25.7 0.01390 0.01387 0.01637  35744    2183506.9 0.0053
0  1  25.7 0.01410 0.01406 0.01637  35692    2180330.4 0.0053
0  1  25.7 0.01430 0.01426 0.01637  35646    2177520.4 0.0053
0  1  25.7 0.01450 0.01445 0.01637  35648    2177642.6 0.0053
0  1  25.7 0.01470 0.01475 0.01637  35494    2168235.1 0.0053
0  1  25.7 0.01490 0.01494 0.01637  35586    2173855.1 0.0053
0  1  25.7 0.01510 0.01514 0.01637  35228    2151985.9 0.0053
0  1  25.7 0.01530 0.01533 0.01637  35284    2155406.8 0.0053
0  1  25.7 0.01550 0.01553 0.01637  35198    2150153.2 0.0053
0  1  25.7 0.01570 0.01572 0.01637  34970    2136225.3 0.0053
0  1  25.7 0.01590 0.01592 0.01637  34596    2113378.6 0.0054
0  1  25.7 0.01610 0.01611 0.01637  33952    2074038.4 0.0054
0  1  25.7 0.01630 0.01631 0.01637  33018    2016982.8 0.0055
0  1  25.7 0.01650 0.01650 0.01637  31836    1944777.5 0.0056
0  1  25.7 0.01670 0.01670 0.01637  30192    1844349.9 0.0058
0  1  25.7 0.01690 0.01689 0.01637  28834    1761393.2 0.0059
0  1  25.7 0.01710 0.01709 0.01637  26728    1632743.2 0.0061
0  1  25.7 0.01730 0.01729 0.01637  24436    1492731.0 0.0064
0  1  25.7 0.01750 0.01748 0.01637  22176    1354673.5 0.0067
0  1  25.7 0.01770 0.01768 0.01637  19708    1203909.9 0.0071
0  1  25.7 0.01790 0.01787 0.01637  18078    1104337.5 0.0074
0  1  25.7 0.01810 0.01807 0.01637  16138     985828.0 0.0079
0  1  25.7 0.01830 0.01826 0.01637  14650     894930.0 0.0083
0  1  25.7 0.01850 0.01846 0.01637  13638     833109.5 0.0086
0  1  25.7 0.01870 0.01865 0.01637  12666     773732.6 0.0089
0  1  25.7 0.01890 0.01895 0.01637  11812     721564.0 0.0092
0  1  25.7 0.01910 0.01914 0.01637  11404     696640.4 0.0094
0  1  25.7 0.01930 0.01934 0.01637  11054     675259.8 0.0095
0  1  25.7 0.01950 0.01953 0.01637  10684     652657.5 0.0097
0  1  25.7 0.01970 0.01973 0.01637  10622     648870.0 0.0097
0  1  25.7 0.01990 0.01992 0.01637  10218     624190.7 0.0099
0  1  25.7 0.02010 0.02012 0.01637  10164     620892.0 0.0099
0  1  25.7 0.02030 0.02031 0.01637   9914     605620.2 0.0100
0  1  25.7 0.02050 0.02051 0.01637   9612     587171.8 0.0102
0  1  25.7 0.02070 0.02070 0.01637   9358     571655.6 0.0103
0  1  25.7 0.02090 0.02090 0.01637   9326     569700.8 0.0104
0  1  25.7 0.02110 0.02109 0.01637   9160     559560.3 0.0104
0  1  25.7 0.02130 0.02129 0.01637   8980     548564.6 0.0106
0  1  25.7 0.02150 0.02148 0.01637   8780     536347.1 0.0107
0  1  25.7 0.02170 0.02168 0.01637   8582     524251.8 0.0108
0  1  25.7 0.02190 0.02188 0.01637   8402     513256.1 0.0109
0  1  25.7 0.02210 0.02207 0.01637   8244     503604.3 0.0110
0  1  25.7 0.02230 0.02227 0.01637   7966     486622.0 0.0112
0  1  25.7 0.02250 0.02246 0.01637   7580     463042.3 0.0115
0  1  25.7 0.02270 0.02266 0.01637   7376     450580.4 0.0116
0  1  25.7 0.02290 0.02285 0.01637   7136     435919.5 0.0118
0  1  25.7 0.02310 0.02314 0.01637   6874     419914.6 0.0121
0  1  25.7 0.02330 0.02334 0.01637   6572     401466.2 0.0123
0  1  25.7 0.02350 0.02354 0.01637   6370     389126.5 0.0125
0  1  25.7 0.02370 0.02373 0.01637   6122     373976.9 0.0128
0  1  25.7 0.02390 0.02393 0.01637   5918     361515.1 0.0130
0  1  25.7 0.02410 0.02412 0.01637   5590     341478.4 0.0134
0  1  25.7 0.02430 0.02432 0.01637   5382     328772.2 0.0136
0  1  25.7 0.02450 0.02451 0.01637   5068     309590.8 0.0140
0  1  25.7 0.02470 0.02471 0.01637   4700     287110.6 0.0146
0  1  25.7 0.02490 0.02490 0.01637   4540     277336.7 0.0148
0  1  25.7 0.02510 0.02510 0.01637   4278     261331.8 0.0153
0  1  25.7 0.02530 0.02529 0.01637   3954     241539.5 0.0159
0  1  25.7 0.02550 0.02549 0.01637   3766     230055.0 0.0163
0  1  25.7 0.02570 0.02568 0.01637   3510     214416.7 0.0169
0  1  25.7 0.02590 0.02588 0.01637   3096     189126.5 0.0180
0  1  25.7 0.02610 0.02607 0.01637   2906     177519.9 0.0186
0  1  25.7 0.02630 0.02627 0.01637   2744     167623.7 0.0191
0  1  25.7 0.02650 0.02646 0.01637   2490     152107.6 0.0200
0  1  25.7 0.02670 0.02666 0.01637   2322     141844.9 0.0208
0  1  25.7 0.02690 0.02686 0.01686   2264     134318.3 0.0210
0  1  25.7 0.02710 0.02715 0.01902   2224     116935.2 0.0212
0  1  25.7 0.02730 0.02734 0.02049   2324     113394.2 0.0207
0  1  25.7 0.02750 0.02754 0.02169   2354     108526.5 0.0206
0  1  25.7 0.02770 0.02773 0.02169   2222     102440.9 0.0212
0  1  25.7 0.02790 0.02793 0.02383   2308      96860.8 0.0208
0  1  25.7 0.02810 0.02813 0.02460   2318      94215.9 0.0208
0  1  25.7 0.02830 0.02832 0.02503   2222      88769.4 0.0212
0  1  25.7 0.02850 0.02852 0.02626   2334      88879.6 0.0207
0  1  25.7 0.02870 0.02871 0.02709   2288      84461.5 0.0209
0  1  25.7 0.02890 0.02891 0.02818   2270      80553.8 0.0210
0  1  25.7 0.02910 0.02910 0.02862   2330      81420.6 0.0207
0  1  25.7 0.02930 0.02930 0.03095   2356      76121.1 0.0206
0  1  25.7 0.02950 0.02949 0.03095   2256      72890.1 0.0211
0  1  25.7 0.02970 0.02969 0.03211   2304      71760.8 0.0208
0  1  25.7 0.02990 0.02988 0.03363   2248      66835.2 0.0211
0  1  25.7 0.03010 0.03008 0.03499   2278      65105.8 0.0210
0  1  25.7 0.03030 0.03027 0.03696   2342      63364.5 0.0207
0  1  25.7 0.03050 0.03047 0.03696   2250      60875.4 0.0211
0  1  25.7 0.03070 0.03066 0.03830   2232      58272.1 0.0212
0  1  25.7 0.03090 0.03086 0.04068   2234      54912.0 0.0212
0  1  25.7 0.03110 0.03105 0.04346   2266      52139.1 0.0210
0  1  25.7 0.03130 0.03135 0.04643   2246      48376.3 0.0211
0  1  25.7 0.03150 0.03154 0.04834   2222      45963.9 0.0212
0  1  25.7 0.03170 0.03174 0.05129   2246      43788.8 0.0211
0  1  25.7 0.03190 0.03193 0.05479   2296      41908.3 0.0209
0  1  25.7 0.03210 0.03213 0.05689   2228      39166.4 0.0212
0  1  25.7 0.03230 0.03232 0.05951   2250      37808.7 0.0211
0  1  25.7 0.03250 0.03252 0.06243   2256      36135.1 0.0211
0  1  25.7 0.03270 0.03271 0.06433   2224      34571.1 0.0212
0  1  25.7 0.03290 0.03291 0.07058   2308      32698.6 0.0208
0  1  25.7 0.03310 0.03311 0.07058   2260      32018.6 0.0210
0  1  25.7 0.03330 0.03330 0.07873   2258      28678.9 0.0210
0  1  25.7 0.03350 0.03350 0.08308   2318      27902.2 0.0208
0  1  25.7 0.03370 0.03369 0.08749   2284      26107.2 0.0209
0  1  25.7 0.03390 0.03389 0.09161   2306      25172.4 0.0208
0  1  25.7 0.03410 0.03408 0.09650   2314      23978.5 0.0208
0  1  25.7 0.03430 0.03428 0.10714   2282      21298.4 0.0209
0  1  25.7 0.03450 0.03447 0.11346   2300      20271.0 0.0209
0  1  25.7 0.03470 0.03467 0.11974   2242      18724.5 0.0211
0  1  25.7 0.03490 0.03486 0.12840   2258      17585.0 0.0210
0  1  25.7 0.03510 0.03506 0.13616   2248      16509.8 0.0211
0  1  25.7 0.03530 0.03525 0.14178   2258      15926.5 0.0210
0  1  25.8 0.03550 0.03555 0.16203   2294      14157.9 0.0209
0  1  25.8 0.03570 0.03574 0.17144   2234      13030.6 0.0212
0  1  25.8 0.03590 0.03594 0.18245   2244      12299.3 0.0211
0  1  25.8 0.03610 0.03613 0.20203   2434      12047.6 0.0203
0  1  25.8 0.03630 0.03633 0.20203   2232      11047.7 0.0212
0  1  25.8 0.03650 0.03652 0.20841   2250      10796.0 0.0211
0  1  25.8 0.03670 0.03672 0.22790   2312      10144.9 0.0208
0  1  25.8 0.03690 0.03691 0.22831   2274       9960.2 0.0210
0  1  25.8 0.03710 0.03711 0.24990   2280       9123.6 0.0209
0  1  25.8 0.03730 0.03730 0.25851   2222       8595.3 0.0212
0  1  25.8 0.03750 0.03750 0.28008   2404       8583.1 0.0204
0  1  25.8 0.03770 0.03770 0.28008   2248       8026.1 0.0211
0  1  25.8 0.03790 0.03789 0.28866   2228       7718.5 0.0212
0  1  25.8 0.03810 0.03809 0.30280   2268       7490.2 0.0210
0  1  25.8 0.03830 0.03828 0.32235   2278       7066.9 0.0210
0  1  25.8 0.03850 0.03848 0.32235   2224       6899.3 0.0212
0  1  25.8 0.03870 0.03867 0.34940   2262       6474.0 0.0210
0  1  25.8 0.03890 0.03887 0.36704   2236       6092.0 0.0211
0  1  25.8 0.03910 0.03906 0.36704   2232       6081.1 0.0212
0  1  25.8 0.03930 0.03926 0.39615   2246       5669.5 0.0211
0  1  25.8 0.03950 0.03945 0.41917   2254       5377.3 0.0211
0  1  25.8 0.03970 0.03975 0.43892   2226       5071.5 0.0212
0  1  25.8 0.03990 0.03994 0.48911   2352       4808.8 0.0206
0  2  25.8 0.00010 0.00010 1.21000    358        295.9 0.0529
0  2  25.8 0.00030 0.00029 1.21000     40         33.1 0.1581
0  2  25.8 0.00050 0.00049 1.21000     38         31.4 0.1622
0  2  25.8 0.00070 0.00068 1.21000     46         38.0 0.1474
0  2  25.8 0.00090 0.00088 1.21000     46         38.0 0.1474
0  2  25.8 0.00110 0.00107 1.21000     36         29.8 0.1667
0  2  25.8 0.00130 0.00127 1.21000     38         31.4 0.1622
0  2  25.8 0.00150 0.00146 1.21000     48         39.7 0.1443
0  2  25.8 0.00170 0.00166 1.21000     62         51.2 0.1270
0  2  25.8 0.00190 0.00186 1.21000     52         43.0 0.1387
0  2  25.8 0.00210 0.00215 1.21000     98         81.0 0.1010
0  2  25.8 0.00230 0.00234 1.21000    102         84.3 0.0990
0  2  25.8 0.00250 0.00254 1.21000    216        178.5 0.0680
0  2  25.8 0.00270 0.00273 1.21000    396        327.3 0.0503
0  2  25.8 0.00290 0.00293 1.21000    858        709.1 0.0341
0  2  25.8 0.00310 0.00313 1.21000   1888       1560.3 0.0230
0  2  25.8 0.00330 0.00332 1.21000   4142       3423.1 0.0155
0  2  25.8 0.00350 0.00352 1.21000   9656       7980.2 0.0102
0  2  25.8 0.00370 0.00371 1.21000  20918      17287.6 0.0069
0  2  25.8 0.00390 0.00391 1.21000  46266      38236.4 0.0046
0  2  25.8 0.00410 0.00410 0.76809  72080      93842.9 0.0037
0  2  25.8 0.00430 0.00430 0.42193  78490     186025.2 0.0036
0  2  25.8 0.00450 0.00449 0.20585  71694     348279.6 0.0037
0  2  25.8 0.00470 0.00469 0.11537  71852     622797.1 0.0037
0  2  25.8 0.00490 0.00488 0.07092  72252    1018844.9 0.0037
0  2  25.8 0.00510 0.00508 0.04600  71836    1561788.2 0.0037
0  2  25.8 0.00530 0.00527 0.03334  71918    2157163.3 0.0037
0  2  25.8 0.00550 0.00547 0.02596  71964    2771869.1 0.0037
0  2  25.8 0.00570 0.00566 0.02212  71874    3248720.4 0.0037
0  2  25.8 0.00590 0.00586 0.01977  72272    3655902.3 0.0037
0  2  25.8 0.00610 0.00605 0.01977  77622    3926533.7 0.0036
0  2  25.8 0.00630 0.00635 0.01721  71700    4165874.4 0.0037
0  2  25.8 0.00650 0.00654 0.01721  73506    4270805.6 0.0037
0  2  25.8 0.00670 0.00674 0.01721  74878    4350520.8 0.0037
0  2  25.8 0.00690 0.00693 0.01721  75762    4401882.5 0.0036
0  2  25.8 0.00710 0.00713 0.01721  76446    4441623.9 0.0036
0  2  25.8 0.00730 0.00732 0.01721  76874    4466491.3 0.0036
0  2  25.8 0.00750 0.00752 0.01721  77162    4483224.5 0.0036
0  2  25.8 0.00770 0.00771 0.01721  77340    4493566.6 0.0036
0  2  25.8 0.00790 0.00791 0.01721  77430    4498795.7 0.0036
0  2  25.8 0.00810 0.00811 0.01721  77414    4497866.1 0.0036
0  2  25.8 0.00830 0.00830 0.01721  77294    4490893.9 0.0036
0  2  25.8 0.00850 0.00850 0.01721  77054    4476949.6 0.0036
0  2  25.8 0.00870 0.00869 0.01721  76634    4452546.9 0.0036
0  2  25.8 0.00890 0.00889 0.01721  76000    4415710.6 0.0036
0  2  25.8 0.00910 0.00908 0.01721  75048    4360398.0 0.0037
0  2  25.8 0.00930 0.00928 0.01721  73774    4286376.8 0.0037
0  2  25.8 0.00950 0.00947 0.01721  71874    4175984.0 0.0037
0  2  25.8 0.00970 0.00967 0.01721  69198    4020504.5 0.0038
0  2  25.8 0.00990 0.00986 0.01721  65528    3807272.2 0.0039
0  2  25.8 0.01010 0.01006 0.01721  60734    3528733.8 0.0041
0  2  25.8 0.01030 0.01025 0.01721  55182    3206154.5 0.0043
0  2  25.8 0.01050 0.01055 0.01721  47282    2747153.0 0.0046
0  2  25.8 0.01070 0.01074 0.01721  43598    2533107.3 0.0048
0  2  25.8 0.01090 0.01094 0.01721  40848    2373328.3 0.0049
0  2  25.8 0.01110 0.01113 0.01721  39188    2276879.8 0.0051
0  2  25.8 0.01130 0.01133 0.01721  38370    2229352.9 0.0051
0  2  25.8 0.01150 0.01152 0.01721  37810    2196816.0 0.0051
0  2  25.8 0.01170 0.01172 0.01721  37576    2183220.3 0.0052
0  2  25.8 0.01190 0.01191 0.01721  37228    2163001.0 0.0052
0  2  25.8 0.01210 0.01211 0.01721  37398    2172878.2 0.0052
0  2  25.8 0.01230 0.01230 0.01721  37208    2161839.0 0.0052
0  2  25.8 0.01250 0.01250 0.01721  37026    2151264.5 0.0052
0  2  25.8 0.01270 0.01270 0.01721  37322    2168462.5 0.0052
0  2  25.8 0.01290 0.01289 0.01721  36998    2149637.7 0.0052
0  2  25.8 0.01310 0.01309 0.01721  36756    2135577.1 0.0052
0  2  25.8 0.01330 0.01328 0.01721  36916    2144873.3 0.0052
0  2  25.8 0.01350 0.01348 0.01721  37000    2149753.9 0.0052
0  2  25.8 0.01370 0.01367 0.01721  36860    2141619.7 0.0052
0  2  25.8 0.01390 0.01387 0.01721  37070    2153821.0 0.0052
0  2  25.8 0.01410 0.01406 0.01721  36792    2137668.8 0.0052
0  2  25.8 0.01430 0.01426 0.01721  36910    2144524.7 0.0052
0  2  25.8 0.01450 0.01445 0.01721  36760    2135809.5 0.0052
0  2  25.8 0.01470 0.01475 0.01721  36730    2134066.5 0.0052
0  2  25.8 0.01490 0.01494 0.01721  36796    2137901.2 0.0052
0  2  25.8 0.01510 0.01514 0.01721  36596    2126280.9 0.0052
0  2  25.8 0.01530 0.01533 0.01721  36618    2127559.1 0.0052
0  2  25.8 0.01550 0.01553 0.01721  36646    2129185.9 0.0052
0  2  25.8 0.01570 0.01572 0.01721  36356    2112336.5 0.0052
0  2  25.8 0.01590 0.01592 0.01721  35756    2077475.6 0.0053
0  2  25.8 0.01610 0.01611 0.01721  35380    2055629.5 0.0053
0  2  25.8 0.01630 0.01631 0.01721  34638    2012518.2 0.0054
0  2  25.8 0.01650 0.01650 0.01721  33322    1936056.7 0.0055
0  2  25.8 0.01670 0.01670 0.01721  31842    1850066.5 0.0056
0  2  25.8 0.01690 0.01689 0.01721  30198    1754547.8 0.0058
0  2  25.8 0.01710 0.01709 0.01721  28064    1630559.2 0.0060
0  2  25.8 0.01730 0.01729 0.01721  25638    1489605.1 0.0062
0  2  25.8 0.01750 0.01748 0.01721  23578    1369916.1 0.0065
0  2  25.8 0.01770 0.01768 0.01721  21300    1237561.0 0.0069
0  2  25.8 0.01790 0.01787 0.01721  19018    1104973.5 0.0073
0  2  25.8 0.01810 0.01807 0.01721  17162     997137.2 0.0076
0  2  25.8 0.01830 0.01826 0.01721  15596     906150.3 0.0080
0  2  25.8 0.01850 0.01846 0.01721  14464     840379.5 0.0083
0  2  25.8 0.01870 0.01865 0.01721  13594     789831.2 0.0086
0  2  25.8 0.01890 0.01895 0.01721  12358     718017.8 0.0090
0  2  25.8 0.01910 0.01914 0.01721  11818     686643.0 0.0092
0  2  25.8 0.01930 0.01934 0.01721  11400     662356.6 0.0094
0  2  25.8 0.01950 0.01953 0.01721  11016     640045.6 0.0095
0  2  25.8 0.01970 0.01973 0.01721  10842     629936.0 0.0096
0  2  25.8 0.01990 0.01992 0.01721  10732     623544.8 0.0097
0  2  25.8 0.02010 0.02012 0.01721  10480     608903.3 0.0098
0  2  25.8 0.02030 0.02031 0.01721  10234     594610.3 0.0099
0  2  25.8 0.02050 0.02051 0.01721  10002     581130.8 0.0100
0  2  25.8 0.02070 0.02070 0.01721   9934     577179.9 0.0100
0  2  25.8 0.02090 0.02090 0.01721   9852     572415.5 0.0101
0  2  25.8 0.02110 0.02109 0.01721   9394     545805.1 0.0103
0  2  25.8 0.02130 0.02129 0.01721   9388     545456.5 0.0103
0  2  25.8 0.02150 0.02148 0.01721   9036     525004.8 0.0105
0  2  25.8 0.02170 0.02168 0.01721   8864     515011.3 0.0106
0  2  25.8 0.02190 0.02188 0.01721   8684     504553.0 0.0107
0  2  25.8 0.02210 0.02207 0.01721   8416     488981.9 0.0109
0  2  25.8 0.02230 0.02227 0.01721   8186     475618.5 0.0111
0  2  25.8 0.02250 0.02246 0.01721   7992     464346.8 0.0112
0  2  25.8 0.02270 0.02266 0.01721   7806     453540.0 0.0113
0  2  25.8 0.02290 0.02285 0.01721   7460     433436.9 0.0116
0  2  25.8 0.02310 0.02314 0.01721   7104     412752.7 0.0119
0  2  25.8 0.02330 0.02334 0.01721   6904     401132.4 0.0120
0  2  25.8 0.02350 0.02354 0.01721   6594     383121.0 0.0123
0  2  25.8 0.02370 0.02373 0.01721   6448     374638.2 0.0125
0  2  25.8 0.02390 0.02393 0.01721   6066     352443.4 0.0128
0  2  25.8 0.02410 0.02412 0.01721   5906     343147.2 0.0130
0  2  25.8 0.02430 0.02432 0.01721   5524     320952.4 0.0135
0  2  25.8 0.02450 0.02451 0.01721   5404     313980.3 0.0136
0  2  25.8 0.02470 0.02471 0.01721   5044     293063.7 0.0141
0  2  25.8 0.02490 0.02490 0.01721   4848     281675.9 0.0144
0  2  25.8 0.02510 0.02510 0.01721   4410     256227.4 0.0151
0  2  25.8 0.02530 0.02529 0.01721   4336     251927.9 0.0152
0  2  25.9 0.02550 0.02549 0.01721   3878     225317.4 0.0161
0  2  25.9 0.02570 0.02568 0.01721   3702     215091.6 0.0164
0  2  25.9 0.02590 0.02588 0.01721   3480     202193.1 0.0170
0  2  25.9 0.02610 0.02607 0.01721   3124     181508.9 0.0179
0  2  25.9 0.02630 0.02627 0.01721   2774     161173.4 0.0190
0  2  25.9 0.02650 0.02646 0.01721   2608     151528.6 0.0196
0  2  25.9 0.02670 0.02666 0.01721   2394     139094.9 0.0204
0  2  25.9 0.02690 0.02686 0.01721   2282     132587.5 0.0209
0  2  25.9 0.02710 0.02715 0.01866   2262     121252.1 0.0210
0  2  25.9 0.02730 0.02734 0.01944   2236     115003.7 0.0211
0  2  25.9 0.02750 0.02754 0.02143   2318     108147.8 0.0208
0  2  25.9 0.02770 0.02773 0.02179   2238     102723.7 0.0211
0  2  25.9 0.02790 0.02793 0.02235   2246     100492.7 0.0211
0  2  25.9 0.02810 0.02813 0.02404   2260      94026.2 0.0210
0  2  25.9 0.02830 0.02832 0.02475   2248      90841.6 0.0211
0  2  25.9 0.02850 0.02852 0.02639   2250      85275.5 0.0211
0  2  25.9 0.02870 0.02871 0.02639   2244      85048.1 0.0211
0  2  25.9 0.02890 0.02891 0.02832   2320      81913.6 0.0208
0  2  25.9 0.02910 0.02910 0.02914   2292      78667.0 0.0209
0  2  25.9 0.02930 0.02930 0.02914   2228      76470.4 0.0212
0  2  25.9 0.02950 0.02949 0.03180   2362      74270.4 0.0206
0  2  25.9 0.02970 0.02969 0.03180   2234      70245.5 0.0212
0  2  25.9 0.02990 0.02988 0.03371   2252      66796.1 0.0211
0  2  25.9 0.03010 0.03008 0.03427   2238      65305.4 0.0211
0  2  25.9 0.03030 0.03027 0.03700   2312      62485.3 0.0208
0  2  25.9 0.03050 0.03047 0.03713   2298      61883.4 0.0209
0  2  25.9 0.03070 0.03066 0.03971   2266      57057.2 0.0210
0  2  25.9 0.03090 0.03086 0.04089   2246      54926.1 0.0211
0  2  25.9 0.03110 0.03105 0.04302   2332      54206.0 0.0207
0  2  25.9 0.03130 0.03135 0.04654   2264      48642.4 0.0210
0  2  25.9 0.03150 0.03154 0.04783   2250      47041.9 0.0211
0  2  25.9 0.03170 0.03174 0.04919   2222      45169.0 0.0212
0  2  25.9 0.03190 0.03193 0.05326   2294      43074.2 0.0209
0  2  25.9 0.03210 0.03213 0.05672   2316      40833.6 0.0208
0  2  25.9 0.03230 0.03232 0.05921   2264      38234.9 0.0210
0  2  25.9 0.03250 0.03252 0.05921   2238      37795.9 0.0211
0  2  25.9 0.03270 0.03271 0.06559   2334      35585.4 0.0207
0  2  25.9 0.03290 0.03291 0.06559   2258      34426.7 0.0210
0  2  25.9 0.03310 0.03311 0.07123   2252      31615.6 0.0211
0  2  25.9 0.03330 0.03330 0.07812   2426      31054.1 0.0203
0  2  25.9 0.03350 0.03350 0.07812   2310      29569.2 0.0208
0  2  25.9 0.03370 0.03369 0.08556   2288      26741.5 0.0209
0  2  25.9 0.03390 0.03389 0.09102   2248      24697.8 0.0211
0  2  25.9 0.03410 0.03408 0.09529   2252      23634.3 0.0211
0  2  25.9 0.03430 0.03428 0.10551   2284      21647.6 0.0209
0  2  25.9 0.03450 0.03447 0.10551   2226      21097.8 0.0212
0  2  25.9 0.03470 0.03467 0.11402   2288      20066.8 0.0209
0  2  25.9 0.03490 0.03486 0.12655   2340      18490.9 0.0207
0  2  25.9 0.03510 0.03506 0.13467   2240      16633.2 0.0211
0  2  25.9 0.03530 0.03525 0.14275   2250      15762.3 0.0211
0  2  25.9 0.03550 0.03555 0.15191   2234      14706.4 0.0212
0  2  25.9 0.03570 0.03574 0.17099   2278      13322.3 0.0210
0  2  25.9 0.03590 0.03594 0.17590   2290      13018.8 0.0209
0  2  25.9 0.03610 0.03613 0.18529   2258      12186.4 0.0210
0  2  25.9 0.03630 0.03633 0.19707   2318      11762.1 0.0208
0  2  25.9 0.03650 0.03652 0.21196   2364      11153.3 0.0206
0  2  25.9 0.03670 0.03672 0.21486   2252      10481.4 0.0211
0  2  25.9 0.03690 0.03691 0.23280   2242       9630.5 0.0211
0  2  25.9 0.03710 0.03711 0.23926   2256       9429.0 0.0211
0  2  25.9 0.03730 0.03730 0.25481   2258       8861.7 0.0210
0  2  25.9 0.03750 0.03750 0.26261   2272       8651.8 0.0210
0  2  25.9 0.03770 0.03770 0.28271   2318       8199.3 0.0208
0  2  25.9 0.03790 0.03789 0.28789   2258       7843.3 0.0210
0  2  25.9 0.03810 0.03809 0.31053   2296       7393.8 0.0209
0  2  25.9 0.03830 0.03828 0.32153   2286       7109.8 0.0209
0  2  25.9 0.03850 0.03848 0.32153   2258       7022.7 0.0210
0  2  25.9 0.03870 0.03867 0.33732   2254       6682.2 0.0211
0  2  25.9 0.03890 0.03887 0.36165   2306       6376.3 0.0208
0  2  25.9 0.03910 0.03906 0.36694   2232       6082.8 0.0212
0  2  25.9 0.03930 0.03926 0.39367   2282       5796.8 0.0209
0  2  25.9 0.03950 0.03945 0.42364   2328       5495.2 0.0207
0  2  25.9 0.03970 0.03975 0.44907   2338       5206.3 0.0207
0  2  25.9 0.03990 0.03994 0.46868   2362       5039.6 0.0206
0  3  25.9 0.00010 0.00010 1.21000    358        295.9 0.0529
0  3  25.9 0.00030 0.00029 1.21000     16         13.2 0.2500
0  3  25.9 0.00050 0.00049 1.21000     20         16.5 0.2236
0  3  25.9 0.00070 0.00068 1.21000     16         13.2 0.2500
0  3  25.9 0.00090 0.00088 1.21000     16         13.2 0.2500
0  3  25.9 0.00110 0.00107 1.21000     22         18.2 0.2132
0  3  25.9 0.00130 0.00127 1.21000     20         16.5 0.2236
0  3  25.9 0.00150 0.00146 1.21000     36         29.8 0.1667
0  3  25.9 0.00170 0.00166 1.21000     32         26.4 0.1768
0  3  25.9 0.00190 0.00186 1.21000     36         29.8 0.1667
0  3  25.9 0.00210 0.00215 1.21000     34         28.1 0.1715
0  3  25.9 0.00230 0.00234 1.21000     70         57.9 0.1195
0  3  25.9 0.00250 0.00254 1.21000     98         81.0 0.1010
0  3  25.9 0.00270 0.00273 1.21000    202        166.9 0.0704
0  3  25.9 0.00290 0.00293 1.21000    480        396.7 0.0456
0  3  25.9 0.00310 0.00313 1.21000   1006        831.4 0.0315
0  3  25.9 0.00330 0.00332 1.21000   2390       1975.2 0.0205
0  3  25.9 0.00350 0.00352 1.21000   5708       4717.4 0.0132
0  3  25.9 0.00370 0.00371 1.21000  13072      10803.3 0.0087
0  3  25.9 0.00390 0.00391 1.21000  31116      25715.7 0.0057
0  3  25.9 0.00410 0.00410 1.21000  66408      54882.6 0.0039
0  3  25.9 0.00430 0.00430 0.52545  72028     137078.0 0.0037
0  3  25.9 0.00450 0.00449 0.28864  77842     269681.5 0.0036
0  3  25.9 0.00470 0.00469 0.15856  79168     499295.6 0.0036
0  3  25.9 0.00490 0.00488 0.08710  75328     864839.0 0.0036
0  3  25.9 0.00510 0.00508 0.05236  71610    1367765.3 0.0037
0  3  25.9 0.00530 0.00527 0.03627  71054    1959077.3 0.0038
0  3  25.9 0.00550 0.00547 0.02756  71652    2600227.9 0.0037
0  3  25.9 0.00570 0.00566 0.02301  71952    3127100.1 0.0037
0  3  25.9 0.00590 0.00586 0.02031  72270    3558139.6 0.0037
0  3  25.9 0.00610 0.00605 0.02031  78250    3852558.8 0.0036
0  3  25.9 0.00630 0.00635 0.01740  71776    4124947.2 0.0037
0  3  25.9 0.00650 0.00654 0.01740  73896    4246783.1 0.0037
0  3  25.9 0.00670 0.00674 0.01740  75370    4331493.5 0.0036
0  3  25.9 0.00690 0.00693 0.01740  76256    4382411.6 0.0036
0  3  25.9 0.00710 0.00713 0.01740  77004    4425399.0 0.0036
0  3  25.9 0.00730 0.00732 0.01740  77512    4454593.6 0.0036
0  3  25.9 0.00750 0.00752 0.01740  77824    4472524.2 0.0036
0  3  25.9 0.00770 0.00771 0.01740  78078    4487121.5 0.0036
0  3  25.9 0.00790 0.00791 0.01740  78198    4494017.8 0.0036
0  3  25.9 0.00810 0.00811 0.01740  78204    4494362.7 0.0036
0  3  25.9 0.00830 0.00830 0.01740  78110    4488960.5 0.0036
0  3  25.9 0.00850 0.00850 0.01740  77924    4478271.1 0.0036
0  3  25.9 0.00870 0.00869 0.01740  77560    4457352.2 0.0036
0  3  25.9 0.00890 0.00889 0.01740  76980    4424019.7 0.0036
0  3  25.9 0.00910 0.00908 0.01740  76118    4374480.8 0.0036
0  3  25.9 0.00930 0.00928 0.01740  74870    4302758.6 0.0037
0  3  25.9 0.00950 0.00947 0.01740  73152    4204025.6 0.0037
0  3  25.9 0.00970 0.00967 0.01740  70540    4053914.7 0.0038
0  3  25.9 0.00990 0.00986 0.01740  67000    3850471.8 0.0039
0  3  25.9 0.01010 0.01006 0.01740  62732    3605191.0 0.0040
0  3  25.9 0.01030 0.01025 0.01740  56942    3272441.3 0.0042
0  3  25.9 0.01050 0.01055 0.01740  49388    2838315.0 0.0045
0  3  25.9 0.01070 0.01074 0.01740  45594    2620274.8 0.0047
0  3  25.9 0.01090 0.01094 0.01740  43288    2487749.6 0.0048
0  3  25.9 0.01110 0.01113 0.01740  41436    2381315.7 0.0049
0  3  25.9 0.01130 0.01133 0.01740  40458    2325110.3 0.0050
0  3  25.9 0.01150 0.01152 0.01740  39680    2280398.8 0.0050
0  3  25.9 0.01170 0.01172 0.01740  39564    2273732.3 0.0050
0  3  25.9 0.01190 0.01191 0.01740  39522    2271318.6 0.0050
0  3  25.9 0.01210 0.01211 0.01740  39104    2247296.3 0.0051
0  3  25.9 0.01230 0.01230 0.01740  39384    2263387.8 0.0050
0  3  25.9 0.01250 0.01250 0.01740  39074    2245572.2 0.0051
0  3  25.9 0.01270 0.01270 0.01740  39044    2243848.1 0.0051
0  3  25.9 0.01290 0.01289 0.01740  38914    2236377.0 0.0051
0  3  25.9 0.01310 0.01309 0.01740  39280    2257410.9 0.0050
0  3  25.9 0.01330 0.01328 0.01740  39016    2242238.9 0.0051
0  3  25.9 0.01350 0.01348 0.01740  39002    2241434.4 0.0051
0  3  25.9 0.01370 0.01367 0.01740  38952    2238560.9 0.0051
0  3  25.9 0.01390 0.01387 0.01740  38860    2233273.7 0.0051
0  3  25.9 0.01410 0.01406 0.01740  39028    2242928.6 0.0051
0  3  25.9 0.01430 0.01426 0.01740  38572    2216722.4 0.0051
0  3  25.9 0.01450 0.01445 0.01740  38770    2228101.4 0.0051
0  3  25.9 0.01470 0.01475 0.01740  38754    2227181.9 0.0051
0  3  25.9 0.01490 0.01494 0.01740  38868    2233733.4 0.0051
0  3  25.9 0.01510 0.01514 0.01740  38678    2222814.2 0.0051
0  3  25.9 0.01530 0.01533 0.01740  38638    2220515.4 0.0051
0  3  25.9 0.01550 0.01553 0.01740  38282    2200056.2 0.0051
0  3  25.9 0.01570 0.01572 0.01740  38096    2189366.8 0.0051
0  3  25.9 0.01590 0.01592 0.01740  37804    2172585.6 0.0051
0  3  25.9 0.01610 0.01611 0.01740  37528    2156724.0 0.0052
0  3  25.9 0.01630 0.01631 0.01740  36922    2121897.3 0.0052
0  3  25.9 0.01650 0.01650 0.01740  35822    2058680.6 0.0053
0  3  25.9 0.01670 0.01670 0.01740  34766    1997992.6 0.0054
0  3  25.9 0.01690 0.01689 0.01740  33554    1928339.3 0.0055
0  3  25.9 0.01710 0.01709 0.01740  31502    1810411.4 0.0056
0  3  26.0 0.01730 0.01729 0.01740  29340    1686161.8 0.0058
0  3  26.0 0.01750 0.01748 0.01740  26970    1549958.6 0.0061
0  3  26.0 0.01770 0.01768 0.01740  24666    1417548.3 0.0064
0  3  26.0 0.01790 0.01787 0.01740  22364    1285253.0 0.0067
0  3  26.0 0.01810 0.01807 0.01740  20296    1166405.6 0.0070
0  3  26.0 0.01830 0.01826 0.01740  18202    1046064.0 0.0074
0  3  26.0 0.01850 0.01846 0.01740  16828     967100.6 0.0077
0  3  26.0 0.01870 0.01865 0.01740  15384     884114.3 0.0081
0  3  26.0 0.01890 0.01895 0.01740  14008     805036.0 0.0084
0  3  26.0 0.01910 0.01914 0.01740  13476     774462.1 0.0086
0  3  26.0 0.01930 0.01934 0.01740  12714     730670.1 0.0089
0  3  26.0 0.01950 0.01953 0.01740  12504     718601.5 0.0089
0  3  26.0 0.01970 0.01973 0.01740  12162     698946.8 0.0091
0  3  26.0 0.01990 0.01992 0.01740  11850     681016.3 0.0092
0  3  26.0 0.02010 0.02012 0.01740  11470     659177.8 0.0093
0  3  26.0 0.02030 0.02031 0.01740  11376     653775.6 0.0094
0  3  26.0 0.02050 0.02051 0.01740  11162     641477.1 0.0095
0  3  26.0 0.02070 0.02070 0.01740  10896     626190.2 0.0096
0  3  26.0 0.02090 0.02090 0.01740  10864     624351.1 0.0096
0  3  26.0 0.02110 0.02109 0.01740  10296     591708.3 0.0099
0  3  26.0 0.02130 0.02129 0.01740  10252     589179.7 0.0099
0  3  26.0 0.02150 0.02148 0.01740   9920     570099.7 0.0100
0  3  26.0 0.02170 0.02168 0.01740   9810     563778.0 0.0101
0  3  26.0 0.02190 0.02188 0.01740   9676     556077.1 0.0102
0  3  26.0 0.02210 0.02207 0.01740   9220     529870.9 0.0104
0  3  26.0 0.02230 0.02227 0.01740   8940     513779.4 0.0106
0  3  26.0 0.02250 0.02246 0.01740   8786     504929.0 0.0107
0  3  26.0 0.02270 0.02266 0.01740   8596     494009.8 0.0108
0  3  26.0 0.02290 0.02285 0.01740   8400     482745.7 0.0109
0  3  26.0 0.02310 0.02314 0.01740   7956     457229.2 0.0112
0  3  26.0 0.02330 0.02334 0.01740   7652     439758.4 0.0114
0  3  26.0 0.02350 0.02354 0.01740   7380     424126.6 0.0116
0  3  26.0 0.02370 0.02373 0.01740   7204     414011.9 0.0118
0  3  26.0 0.02390 0.02393 0.01740   6784     389874.6 0.0121
0  3  26.0 0.02410 0.02412 0.01740   6730     386771.3 0.0122
0  3  26.0 0.02430 0.02432 0.01740   6344     364588.0 0.0126
0  3  26.0 0.02450 0.02451 0.01740   5996     344588.5 0.0129
0  3  26.0 0.02470 0.02471 0.01740   5838     335508.3 0.0131
0  3  26.0 0.02490 0.02490 0.01740   5566     319876.5 0.0134
0  3  26.0 0.02510 0.02510 0.01740   5300     304589.6 0.0137
0  3  26.0 0.02530 0.02529 0.01740   5004     287578.5 0.0141
0  3  26.0 0.02550 0.02549 0.01740   4824     277234.0 0.0144
0  3  26.0 0.02570 0.02568 0.01740   4418     253901.3 0.0150
0  3  26.0 0.02590 0.02588 0.01740   4186     240568.3 0.0155
0  3  26.0 0.02610 0.02607 0.01740   3936     226200.9 0.0159
0  3  26.0 0.02630 0.02627 0.01740   3672     211028.8 0.0165
0  3  26.0 0.02650 0.02646 0.01740   3372     193787.9 0.0172
0  3  26.0 0.02670 0.02666 0.01740   3238     186087.0 0.0176
0  3  26.0 0.02690 0.02686 0.01740   2892     166202.5 0.0186
0  3  26.0 0.02710 0.02715 0.01740   2488     142984.7 0.0200
0  3  26.0 0.02730 0.02734 0.01740   2334     134134.3 0.0207
0  3  26.0 0.02750 0.02754 0.01772   2240     126414.8 0.0211
0  3  26.0 0.02770 0.02773 0.01871   2236     119487.7 0.0211
0  3  26.0 0.02790 0.02793 0.01960   2300     117327.6 0.0209
0  3  26.0 0.02810 0.02813 0.02089   2338     111901.6 0.0207
0  3  26.0 0.02830 0.02832 0.02089   2230     106732.5 0.0212
0  3  26.0 0.02850 0.02852 0.02267   2256      99521.4 0.0211
0  3  26.0 0.02870 0.02871 0.02332   2222      95286.5 0.0212
0  3  26.0 0.02890 0.02891 0.02515   2268      90162.2 0.0210
0  3  26.0 0.02910 0.02910 0.02644   2316      87595.4 0.0208
0  3  26.0 0.02930 0.02930 0.02644   2234      84494.0 0.0212
0  3  26.0 0.02950 0.02949 0.02790   2274      81516.8 0.0210
0  3  26.0 0.02970 0.02969 0.02875   2250      78260.8 0.0211
0  3  26.0 0.02990 0.02988 0.02969   2300      77479.6 0.0209
0  3  26.0 0.03010 0.03008 0.03034   2244      73960.2 0.0211
0  3  26.0 0.03030 0.03027 0.03235   2292      70850.6 0.0209
0  3  26.0 0.03050 0.03047 0.03460   2368      68441.8 0.0205
0  3  26.0 0.03070 0.03066 0.03606   2404      66668.0 0.0204
0  3  26.0 0.03090 0.03086 0.03606   2250      62397.2 0.0211
0  3  26.0 0.03110 0.03105 0.03779   2246      59427.1 0.0211
0  3  26.0 0.03130 0.03135 0.03884   2252      57976.9 0.0211
0  3  26.0 0.03150 0.03154 0.04065   2240      55098.8 0.0211
0  3  26.0 0.03170 0.03174 0.04360   2328      53397.7 0.0207
0  3  26.0 0.03190 0.03193 0.04489   2236      49810.3 0.0211
0  3  26.0 0.03210 0.03213 0.04660   2260      48501.9 0.0210
0  3  26.0 0.03230 0.03232 0.04983   2296      46081.2 0.0209
0  3  26.0 0.03250 0.03252 0.05237   2244      42848.5 0.0211
0  3  26.0 0.03270 0.03271 0.05443   2292      42110.5 0.0209
0  3  26.0 0.03290 0.03291 0.05661   2236      39500.0 0.0211
0  3  26.0 0.03310 0.03311 0.05919   2244      37912.2 0.0211
0  3  26.0 0.03330 0.03330 0.06422   2302      35844.2 0.0208
0  3  26.0 0.03350 0.03350 0.06995   2340      33450.4 0.0207
0  3  26.0 0.03370 0.03369 0.07201   2326      32299.2 0.0207
0  3  26.0 0.03390 0.03389 0.07420   2246      30269.8 0.0211
0  3  26.0 0.03410 0.03408 0.07911   2280      28819.6 0.0209
0  3  26.0 0.03430 0.03428 0.08443   2334      27643.4 0.0207
0  3  26.0 0.03450 0.03447 0.09014   2266      25139.3 0.0210
0  3  26.0 0.03470 0.03467 0.09187   2232      24294.0 0.0212
0  3  26.0 0.03490 0.03486 0.10085   2316      22964.4 0.0208
0  3  26.0 0.03510 0.03506 0.10590   2284      21566.7 0.0209
0  3  26.0 0.03530 0.03525 0.11121   2242      20160.2 0.0211
0  3  26.0 0.03550 0.03555 0.12568   2362      18794.2 0.0206
0  3  26.0 0.03570 0.03574 0.13841   2246      16227.5 0.0211
0  3  26.0 0.03590 0.03594 0.14208   2232      15709.0 0.0212
0  3  26.0 0.03610 0.03613 0.15063   2312      15349.4 0.0208
0  3  26.0 0.03630 0.03633 0.15956   2230      13975.7 0.0212
0  3  26.0 0.03650 0.03652 0.16932   2234      13194.2 0.0212
0  3  26.0 0.03670 0.03672 0.18278   2226      12178.7 0.0212
0  3  26.0 0.03690 0.03691 0.19620   2230      11366.0 0.0212
0  3  26.0 0.03710 0.03711 0.20127   2230      11079.5 0.0212
0  3  26.0 0.03730 0.03730 0.21764   2272      10439.4 0.0210
0  3  26.0 0.03750 0.03750 0.22682   2234       9849.0 0.0212
0  3  26.0 0.03770 0.03770 0.22682   2236       9857.8 0.0211
0  3  26.0 0.03790 0.03789 0.24301   2222       9143.6 0.0212
0  3  26.0 0.03810 0.03809 0.25595   2340       9142.6 0.0207
0  3  26.0 0.03830 0.03828 0.26764   2242       8377.1 0.0211
0  3  26.0 0.03850 0.03848 0.28084   2282       8125.5 0.0209
0  3  26.0 0.03870 0.03867 0.29325   2228       7597.7 0.0212
0  3  26.0 0.03890 0.03887 0.30392   2282       7508.6 0.0209
0  3  26.0 0.03910 0.03906 0.31854   2304       7233.0 0.0208
0  3  26.0 0.03930 0.03926 0.33480   2268       6774.2 0.0210
0  3  26.0 0.03950 0.03945 0.33480   2250       6720.5 0.0211
0  3  26.0 0.03970 0.03975 0.37039   2306       6225.9 0.0208
0  3  26.0 0.03990 0.03994 0.38872   2232       5741.9 0.0212
