# Scan Time    : Fri, 18 Mar 2022 15:38:32 +0000 (GMT) +880246000 nsec
# Board Lane   : 8
# Board Loc    : BTOF - Northeast
# SiPM Biases  :  56.752  57.609  57.071  56.904
# SiPM Currents:   1.073   2.176   1.614   0.978
#
2 -1  25.5 0.00010 0.00010 1.21000      0          0.0 999.9990
2 -1  25.5 0.00030 0.00029 1.21000      0          0.0 999.9990
2 -1  25.5 0.00050 0.00049 1.21000      0          0.0 999.9990
2 -1  25.5 0.00070 0.00068 1.21000      0          0.0 999.9990
2 -1  25.5 0.00090 0.00088 1.21000      0          0.0 999.9990
2 -1  25.5 0.00110 0.00107 1.21000      2          1.7 0.7071
2 -1  25.5 0.00130 0.00127 1.21000      0          0.0 999.9990
2 -1  25.5 0.00150 0.00146 1.21000      0          0.0 999.9990
2 -1  25.5 0.00170 0.00166 1.21000      0          0.0 999.9990
2 -1  25.5 0.00190 0.00186 1.21000      0          0.0 999.9990
2 -1  25.5 0.00210 0.00215 1.21000      6          5.0 0.4082
2 -1  25.5 0.00230 0.00234 1.21000      2          1.7 0.7071
2 -1  25.5 0.00250 0.00254 1.21000      4          3.3 0.5000
2 -1  25.5 0.00270 0.00273 1.21000      2          1.7 0.7071
2 -1  25.5 0.00290 0.00293 1.21000      2          1.7 0.7071
2 -1  25.5 0.00310 0.00313 1.21000      4          3.3 0.5000
2 -1  25.5 0.00330 0.00332 1.21000      8          6.6 0.3536
2 -1  25.5 0.00350 0.00352 1.21000      8          6.6 0.3536
2 -1  25.5 0.00370 0.00371 1.21000      8          6.6 0.3536
2 -1  25.5 0.00390 0.00391 1.21000     16         13.2 0.2500
2 -1  25.5 0.00410 0.00410 1.21000     20         16.5 0.2236
2 -1  25.5 0.00430 0.00430 1.21000     20         16.5 0.2236
2 -1  25.5 0.00450 0.00449 1.21000     20         16.5 0.2236
2 -1  25.5 0.00470 0.00469 1.21000     22         18.2 0.2132
2 -1  25.5 0.00490 0.00488 1.21000     22         18.2 0.2132
2 -1  25.5 0.00510 0.00508 1.21000     26         21.5 0.1961
2 -1  25.5 0.00530 0.00527 1.21000     16         13.2 0.2500
2 -1  25.5 0.00550 0.00547 1.21000     38         31.4 0.1622
2 -1  25.5 0.00570 0.00566 1.21000     36         29.8 0.1667
2 -1  25.5 0.00590 0.00586 1.21000     42         34.7 0.1543
2 -1  25.5 0.00610 0.00605 1.21000     52         43.0 0.1387
2 -1  25.5 0.00630 0.00635 1.21000     64         52.9 0.1250
2 -1  25.5 0.00650 0.00654 1.21000     76         62.8 0.1147
2 -1  25.5 0.00670 0.00674 1.21000    114         94.2 0.0937
2 -1  25.5 0.00690 0.00693 1.21000    240        198.3 0.0645
2 -1  25.5 0.00710 0.00713 1.21000    536        443.0 0.0432
2 -1  25.5 0.00730 0.00732 1.21000   1294       1069.4 0.0278
2 -1  25.5 0.00750 0.00752 1.21000   3132       2588.4 0.0179
2 -1  25.5 0.00770 0.00771 1.21000   7638       6312.4 0.0114
2 -1  25.5 0.00790 0.00791 1.21000  16928      13990.1 0.0077
2 -1  25.5 0.00810 0.00811 1.21000  38410      31743.8 0.0051
2 -1  25.5 0.00830 0.00830 1.05337  72668      68986.2 0.0037
2 -1  25.5 0.00850 0.00850 0.50908  73876     145116.2 0.0037
2 -1  25.5 0.00870 0.00869 0.23098  71026     307493.0 0.0038
2 -1  25.5 0.00890 0.00889 0.12689  76410     602197.3 0.0036
2 -1  25.5 0.00910 0.00908 0.06970  74946    1075246.1 0.0037
2 -1  25.5 0.00930 0.00928 0.03860  71588    1854744.1 0.0037
2 -1  25.5 0.00950 0.00947 0.02458  71902    2925134.6 0.0037
2 -1  25.5 0.00970 0.00967 0.01655  71458    4318778.0 0.0037
2 -1  25.5 0.00990 0.00986 0.01225  72088    5882721.0 0.0037
2 -1  25.5 0.01010 0.01006 0.00956  71186    7445024.5 0.0037
2 -1  25.5 0.01030 0.01025 0.00807  72112    8939630.7 0.0037
2 -1  25.5 0.01050 0.01055 0.00684  72790   10645688.3 0.0037
2 -1  25.5 0.01070 0.01074 0.00684  77826   11382213.7 0.0036
2 -1  25.5 0.01090 0.01094 0.00605  71676   11846396.3 0.0037
2 -1  25.5 0.01110 0.01113 0.00605  74570   12324708.0 0.0037
2 -1  25.5 0.01130 0.01133 0.00605  76440   12633776.0 0.0036
2 -1  25.5 0.01150 0.01152 0.00605  78152   12916730.3 0.0036
2 -1  25.5 0.01170 0.01172 0.00605  79266   13100848.9 0.0036
2 -1  25.5 0.01190 0.01191 0.00544  71418   13123480.2 0.0037
2 -1  25.5 0.01210 0.01211 0.00544  71838   13200657.7 0.0037
2 -1  25.5 0.01230 0.01230 0.00544  71992   13228956.1 0.0037
2 -1  25.5 0.01250 0.01250 0.00544  71800   13193674.9 0.0037
2 -1  25.5 0.01270 0.01270 0.00544  71288   13099591.9 0.0037
2 -1  25.5 0.01290 0.01289 0.00544  70378   12932374.0 0.0038
2 -1  25.5 0.01310 0.01309 0.00544  68880   12657107.6 0.0038
2 -1  25.5 0.01330 0.01328 0.00544  66366   12195145.3 0.0039
2 -1  25.5 0.01350 0.01348 0.00544  63232   11619254.2 0.0040
2 -1  25.5 0.01370 0.01367 0.00544  58888   10821018.5 0.0041
2 -1  25.5 0.01390 0.01387 0.00544  53426    9817343.7 0.0043
2 -1  25.5 0.01410 0.01406 0.00544  48114    8841232.2 0.0046
2 -1  25.5 0.01430 0.01426 0.00544  41872    7694227.8 0.0049
2 -1  25.5 0.01450 0.01445 0.00544  36866    6774345.7 0.0052
2 -1  25.5 0.01470 0.01475 0.00544  31170    5727672.0 0.0057
2 -1  25.5 0.01490 0.01494 0.00544  28988    5326716.6 0.0059
2 -1  25.5 0.01510 0.01514 0.00544  27564    5065048.1 0.0060
2 -1  25.5 0.01530 0.01533 0.00544  26866    4936786.5 0.0061
2 -1  25.5 0.01550 0.01553 0.00544  26412    4853361.3 0.0062
2 -1  25.5 0.01570 0.01572 0.00544  25928    4764423.4 0.0062
2 -1  25.5 0.01590 0.01592 0.00544  25936    4765893.5 0.0062
2 -1  25.5 0.01610 0.01611 0.00544  25900    4759278.3 0.0062
2 -1  25.5 0.01630 0.01631 0.00544  25710    4724364.7 0.0062
2 -1  25.5 0.01650 0.01650 0.00544  25656    4714441.8 0.0062
2 -1  25.5 0.01670 0.01670 0.00544  25368    4661520.1 0.0063
2 -1  25.5 0.01690 0.01689 0.00544  25518    4689083.5 0.0063
2 -1  25.5 0.01710 0.01709 0.00544  25536    4692391.1 0.0063
2 -1  25.5 0.01730 0.01729 0.00544  25386    4664827.7 0.0063
2 -1  25.5 0.01750 0.01748 0.00544  25014    4596470.5 0.0063
2 -1  25.5 0.01770 0.01768 0.00544  25308    4650494.8 0.0063
2 -1  25.5 0.01790 0.01787 0.00544  25250    4639836.9 0.0063
2 -1  25.5 0.01810 0.01807 0.00544  25404    4668135.3 0.0063
2 -1  25.5 0.01830 0.01826 0.00544  24932    4581402.6 0.0063
2 -1  25.5 0.01850 0.01846 0.00544  25216    4633589.2 0.0063
2 -1  25.5 0.01870 0.01865 0.00544  24954    4585445.2 0.0063
2 -1  25.5 0.01890 0.01895 0.00544  24744    4546856.4 0.0064
2 -1  25.5 0.01910 0.01914 0.00544  24822    4561189.4 0.0063
2 -1  25.5 0.01930 0.01934 0.00544  24264    4458653.6 0.0064
2 -1  25.5 0.01950 0.01953 0.00544  23840    4380741.1 0.0065
2 -1  25.5 0.01970 0.01973 0.00544  23074    4239984.1 0.0066
2 -1  25.5 0.01990 0.01992 0.00544  22258    4090039.2 0.0067
2 -1  25.5 0.02010 0.02012 0.00544  21132    3883130.1 0.0069
2 -1  25.5 0.02030 0.02031 0.00544  19840    3645717.4 0.0071
2 -1  25.5 0.02050 0.02051 0.00544  18386    3378536.3 0.0074
2 -1  25.5 0.02070 0.02070 0.00544  16852    3096654.7 0.0077
2 -1  25.5 0.02090 0.02090 0.00544  15398    2829473.6 0.0081
2 -1  25.5 0.02110 0.02109 0.00544  13828    2540976.8 0.0085
2 -1  25.5 0.02130 0.02129 0.00544  12078    2219404.0 0.0091
2 -1  25.5 0.02150 0.02148 0.00544  11010    2023152.7 0.0095
2 -1  25.5 0.02170 0.02168 0.00544   9786    1798235.4 0.0101
2 -1  25.5 0.02190 0.02188 0.00544   8912    1637632.7 0.0106
2 -1  25.5 0.02210 0.02207 0.00544   8150    1497610.7 0.0111
2 -1  25.5 0.02230 0.02227 0.00544   7660    1407570.3 0.0114
2 -1  25.5 0.02250 0.02246 0.00544   6958    1278573.7 0.0120
2 -1  25.5 0.02270 0.02266 0.00544   6546    1202866.2 0.0124
2 -1  25.5 0.02290 0.02285 0.00544   6348    1166482.6 0.0126
2 -1  25.5 0.02310 0.02314 0.00544   5850    1074972.1 0.0131
2 -1  25.5 0.02330 0.02334 0.00544   5654    1038956.0 0.0133
2 -1  25.5 0.02350 0.02354 0.00544   5386     989709.4 0.0136
2 -1  25.5 0.02370 0.02373 0.00544   5378     988239.3 0.0136
2 -1  25.5 0.02390 0.02393 0.00544   5160     948180.5 0.0139
2 -1  25.5 0.02410 0.02412 0.00544   5014     921352.2 0.0141
2 -1  25.5 0.02430 0.02432 0.00544   4992     917309.5 0.0142
2 -1  25.5 0.02450 0.02451 0.00544   4820     885703.5 0.0144
2 -1  25.5 0.02470 0.02471 0.00544   4792     880558.4 0.0144
2 -1  25.5 0.02490 0.02490 0.00544   4460     819551.4 0.0150
2 -1  25.5 0.02510 0.02510 0.00544   4398     808158.5 0.0151
2 -1  25.5 0.02530 0.02529 0.00544   4316     793090.5 0.0152
2 -1  25.5 0.02550 0.02549 0.00544   4292     788680.4 0.0153
2 -1  25.5 0.02570 0.02568 0.00544   4054     744946.5 0.0157
2 -1  25.5 0.02590 0.02588 0.00544   4000     735023.7 0.0158
2 -1  25.5 0.02610 0.02607 0.00544   3890     714810.5 0.0160
2 -1  25.5 0.02630 0.02627 0.00544   3748     688717.2 0.0163
2 -1  25.5 0.02650 0.02646 0.00544   3624     665931.4 0.0166
2 -1  25.5 0.02670 0.02666 0.00544   3350     615582.3 0.0173
2 -1  25.5 0.02690 0.02686 0.00544   3220     591694.1 0.0176
2 -1  25.5 0.02710 0.02715 0.00544   3086     567070.8 0.0180
2 -1  25.5 0.02730 0.02734 0.00544   2932     538772.4 0.0185
2 -1  25.5 0.02750 0.02754 0.00544   2772     509371.4 0.0190
2 -1  25.5 0.02770 0.02773 0.00544   2608     479235.4 0.0196
2 -1  25.5 0.02790 0.02793 0.00544   2496     458654.8 0.0200
2 -1  25.5 0.02810 0.02813 0.00544   2352     432193.9 0.0206
2 -1  25.5 0.02830 0.02832 0.00563   2284     405721.2 0.0209
2 -1  25.5 0.02850 0.02852 0.00632   2350     371605.1 0.0206
2 -1  25.5 0.02870 0.02871 0.00654   2240     342414.4 0.0211
2 -1  25.5 0.02890 0.02891 0.00715   2338     326834.7 0.0207
2 -1  25.5 0.02910 0.02910 0.00789   2228     282456.7 0.0212
2 -1  25.5 0.02930 0.02930 0.00864   2282     264044.0 0.0209
2 -1  25.5 0.02950 0.02949 0.00898   2264     252058.1 0.0210
2 -1  25.5 0.02970 0.02969 0.00963   2324     241271.5 0.0207
2 -1  25.5 0.02990 0.02988 0.01054   2286     216984.8 0.0209
2 -1  25.5 0.03010 0.03008 0.01186   2284     192623.3 0.0209
2 -1  25.5 0.03030 0.03027 0.01238   2254     182136.2 0.0211
2 -1  25.5 0.03050 0.03047 0.01318   2246     170381.5 0.0211
2 -1  25.5 0.03070 0.03066 0.01444   2242     155247.2 0.0211
2 -1  25.5 0.03090 0.03086 0.01545   2296     148573.1 0.0209
2 -1  25.5 0.03110 0.03105 0.01606   2258     140590.4 0.0210
2 -1  25.5 0.03130 0.03135 0.01799   2446     135983.4 0.0202
2 -1  25.5 0.03150 0.03154 0.01799   2318     128867.4 0.0208
2 -1  25.5 0.03170 0.03174 0.01896   2268     119590.2 0.0210
2 -1  25.5 0.03190 0.03193 0.02029   2232     109983.0 0.0212
2 -1  25.5 0.03210 0.03213 0.02042   2300     112619.7 0.0209
2 -1  25.5 0.03230 0.03232 0.02171   2274     104731.9 0.0210
2 -1  25.5 0.03250 0.03252 0.02317   2292      98937.3 0.0209
2 -1  25.5 0.03270 0.03271 0.02475   2396      96817.0 0.0204
2 -1  25.5 0.03290 0.03291 0.02475   2292      92614.6 0.0209
2 -1  25.5 0.03310 0.03311 0.02560   2272      88749.0 0.0210
2 -1  25.5 0.03330 0.03330 0.02643   2240      84742.5 0.0211
2 -1  25.5 0.03350 0.03350 0.02772   2236      80662.8 0.0211
2 -1  25.5 0.03370 0.03369 0.02997   2332      77811.4 0.0207
2 -1  25.5 0.03390 0.03389 0.02997   2270      75742.7 0.0210
2 -1  25.5 0.03410 0.03408 0.03189   2264      70986.8 0.0210
2 -1  25.5 0.03430 0.03428 0.03189   2246      70422.4 0.0211
2 -1  25.5 0.03450 0.03447 0.03547   2284      64391.8 0.0209
2 -1  25.5 0.03470 0.03467 0.03547   2262      63771.6 0.0210
2 -1  25.5 0.03490 0.03486 0.03825   2232      58355.6 0.0212
2 -1  25.5 0.03510 0.03506 0.04028   2300      57102.4 0.0209
2 -1  25.5 0.03530 0.03525 0.04400   2310      52498.4 0.0208
2 -1  25.5 0.03550 0.03555 0.04772   2368      49625.6 0.0205
2 -1  25.5 0.03570 0.03574 0.04806   2236      46521.9 0.0211
2 -1  25.5 0.03590 0.03594 0.04899   2232      45560.9 0.0212
2 -1  25.5 0.03610 0.03613 0.05514   2320      42077.3 0.0208
2 -1  25.5 0.03630 0.03633 0.05682   2222      39102.8 0.0212
2 -1  25.5 0.03650 0.03652 0.06292   2230      35440.7 0.0212
2 -1  25.5 0.03670 0.03672 0.06984   2310      33077.3 0.0208
2 -1  25.5 0.03690 0.03691 0.07268   2354      32386.7 0.0206
2 -1  25.5 0.03710 0.03711 0.07769   2236      28780.2 0.0211
2 -1  25.5 0.03730 0.03730 0.08236   2268      27536.8 0.0210
2 -1  25.5 0.03750 0.03750 0.08616   2264      26275.9 0.0210
2 -1  25.5 0.03770 0.03770 0.09539   2272      23817.1 0.0210
2 -1  25.5 0.03790 0.03789 0.10133   2330      22993.2 0.0207
2 -1  25.5 0.03810 0.03809 0.10882   2282      20970.0 0.0209
2 -1  25.5 0.03830 0.03828 0.11643   2224      19101.8 0.0212
2 -1  25.5 0.03850 0.03848 0.12284   2314      18837.2 0.0208
2 -1  25.5 0.03870 0.03867 0.13620   2348      17238.7 0.0206
2 -1  25.5 0.03890 0.03887 0.14439   2264      15679.5 0.0210
2 -1  25.5 0.03910 0.03906 0.15293   2230      14582.1 0.0212
2 -1  25.5 0.03930 0.03926 0.15849   2258      14247.4 0.0210
2 -1  25.5 0.03950 0.03945 0.17145   2230      13006.8 0.0212
2 -1  25.5 0.03970 0.03975 0.19249   2388      12405.7 0.0205
2 -1  25.5 0.03990 0.03994 0.19249   2300      11948.5 0.0209
2  0  25.5 0.00010 0.00010 1.21000    202        166.9 0.0704
2  0  25.5 0.00030 0.00029 1.21000     32         26.4 0.1768
2  0  25.5 0.00050 0.00049 1.21000     26         21.5 0.1961
2  0  25.5 0.00070 0.00068 1.21000     16         13.2 0.2500
2  0  25.5 0.00090 0.00088 1.21000     28         23.1 0.1890
2  0  25.5 0.00110 0.00107 1.21000     18         14.9 0.2357
2  0  25.5 0.00130 0.00127 1.21000     24         19.8 0.2041
2  0  25.5 0.00150 0.00146 1.21000     46         38.0 0.1474
2  0  25.5 0.00170 0.00166 1.21000     34         28.1 0.1715
2  0  25.5 0.00190 0.00186 1.21000     42         34.7 0.1543
2  0  25.5 0.00210 0.00215 1.21000     30         24.8 0.1826
2  0  25.5 0.00230 0.00234 1.21000     38         31.4 0.1622
2  0  25.5 0.00250 0.00254 1.21000     36         29.8 0.1667
2  0  25.5 0.00270 0.00273 1.21000     38         31.4 0.1622
2  0  25.5 0.00290 0.00293 1.21000     52         43.0 0.1387
2  0  25.5 0.00310 0.00313 1.21000     28         23.1 0.1890
2  0  25.5 0.00330 0.00332 1.21000     38         31.4 0.1622
2  0  25.5 0.00350 0.00352 1.21000     34         28.1 0.1715
2  0  25.5 0.00370 0.00371 1.21000     54         44.6 0.1361
2  0  25.5 0.00390 0.00391 1.21000     48         39.7 0.1443
2  0  25.5 0.00410 0.00410 1.21000     48         39.7 0.1443
2  0  25.5 0.00430 0.00430 1.21000     56         46.3 0.1336
2  0  25.5 0.00450 0.00449 1.21000     64         52.9 0.1250
2  0  25.5 0.00470 0.00469 1.21000     44         36.4 0.1508
2  0  25.5 0.00490 0.00488 1.21000     78         64.5 0.1132
2  0  25.5 0.00510 0.00508 1.21000     54         44.6 0.1361
2  0  25.5 0.00530 0.00527 1.21000     68         56.2 0.1213
2  0  25.5 0.00550 0.00547 1.21000     78         64.5 0.1132
2  0  25.5 0.00570 0.00566 1.21000     74         61.2 0.1162
2  0  25.5 0.00590 0.00586 1.21000     88         72.7 0.1066
2  0  25.5 0.00610 0.00605 1.21000     76         62.8 0.1147
2  0  25.5 0.00630 0.00635 1.21000     94         77.7 0.1031
2  0  25.5 0.00650 0.00654 1.21000    108         89.3 0.0962
2  0  25.5 0.00670 0.00674 1.21000    180        148.8 0.0745
2  0  25.5 0.00690 0.00693 1.21000    268        221.5 0.0611
2  0  25.5 0.00710 0.00713 1.21000    614        507.4 0.0404
2  0  25.5 0.00730 0.00732 1.21000   1464       1209.9 0.0261
2  0  25.5 0.00750 0.00752 1.21000   3414       2821.5 0.0171
2  0  25.5 0.00770 0.00771 1.21000   8580       7090.9 0.0108
2  0  25.5 0.00790 0.00791 1.21000  18366      15178.5 0.0074
2  0  25.5 0.00810 0.00811 1.21000  41270      34107.4 0.0049
2  0  25.5 0.00830 0.00830 0.80891  72388      89488.7 0.0037
2  0  25.5 0.00850 0.00850 0.38628  71712     185647.1 0.0037
2  0  25.5 0.00870 0.00869 0.18880  71920     380935.0 0.0037
2  0  25.5 0.00890 0.00889 0.10422  72690     697441.1 0.0037
2  0  25.5 0.00910 0.00908 0.06277  71976    1146725.5 0.0037
2  0  25.5 0.00930 0.00928 0.04108  71422    1738488.6 0.0037
2  0  25.5 0.00950 0.00947 0.03054  72252    2365489.2 0.0037
2  0  25.5 0.00970 0.00967 0.02424  71808    2962919.0 0.0037
2  0  25.5 0.00990 0.00986 0.02084  71864    3447656.1 0.0037
2  0  25.5 0.01010 0.01006 0.02084  79434    3810824.8 0.0035
2  0  25.5 0.01030 0.01025 0.01768  72230    4086354.6 0.0037
2  0  25.5 0.01050 0.01055 0.01768  76058    4302920.6 0.0036
2  0  25.5 0.01070 0.01074 0.01768  77600    4390158.0 0.0036
2  0  25.5 0.01090 0.01094 0.01768  78500    4441074.8 0.0036
2  0  25.5 0.01110 0.01113 0.01768  79238    4482826.6 0.0036
2  0  25.5 0.01130 0.01133 0.01768  79728    4510547.9 0.0035
2  0  25.5 0.01150 0.01152 0.01590  71890    4521507.0 0.0037
2  0  25.5 0.01170 0.01172 0.01590  72082    4533582.8 0.0037
2  0  25.5 0.01190 0.01191 0.01590  72154    4538111.2 0.0037
2  0  25.5 0.01210 0.01211 0.01590  72148    4537733.8 0.0037
2  0  25.5 0.01230 0.01230 0.01590  72048    4531444.3 0.0037
2  0  25.5 0.01250 0.01250 0.01590  71838    4518236.4 0.0037
2  0  25.5 0.01270 0.01270 0.01590  71468    4494965.3 0.0037
2  0  25.5 0.01290 0.01289 0.01590  70928    4461002.2 0.0038
2  0  25.5 0.01310 0.01309 0.01590  70142    4411566.8 0.0038
2  0  25.5 0.01330 0.01328 0.01590  68734    4323011.0 0.0038
2  0  25.5 0.01350 0.01348 0.01590  66946    4210555.1 0.0039
2  0  25.5 0.01370 0.01367 0.01590  64114    4032437.0 0.0039
2  0  25.5 0.01390 0.01387 0.01590  60068    3777964.7 0.0041
2  0  25.5 0.01410 0.01406 0.01590  55194    3471415.4 0.0043
2  0  25.5 0.01430 0.01426 0.01590  47936    3014925.0 0.0046
2  0  25.5 0.01450 0.01445 0.01590  40500    2547239.3 0.0050
2  0  25.5 0.01470 0.01475 0.01590  29574    1860050.7 0.0058
2  0  25.5 0.01490 0.01494 0.01590  24082    1514632.5 0.0064
2  0  25.5 0.01510 0.01514 0.01590  20646    1298526.0 0.0070
2  0  25.5 0.01530 0.01533 0.01590  18620    1171101.1 0.0073
2  0  25.5 0.01550 0.01553 0.01590  17754    1116634.2 0.0075
2  0  25.5 0.01570 0.01572 0.01590  17238    1084180.5 0.0076
2  0  25.5 0.01590 0.01592 0.01590  17110    1076130.0 0.0076
2  0  25.5 0.01610 0.01611 0.01590  17208    1082293.7 0.0076
2  0  25.5 0.01630 0.01631 0.01590  16872    1061161.0 0.0077
2  0  25.5 0.01650 0.01650 0.01590  17116    1076507.3 0.0076
2  0  25.5 0.01670 0.01670 0.01590  16878    1061538.4 0.0077
2  0  25.5 0.01690 0.01689 0.01590  17046    1072104.7 0.0077
2  0  25.5 0.01710 0.01709 0.01590  16814    1057513.1 0.0077
2  0  25.5 0.01730 0.01729 0.01590  17044    1071978.9 0.0077
2  0  25.5 0.01750 0.01748 0.01590  16980    1067953.7 0.0077
2  0  25.5 0.01770 0.01768 0.01590  16838    1059022.6 0.0077
2  0  25.5 0.01790 0.01787 0.01590  16710    1050972.1 0.0077
2  0  25.5 0.01810 0.01807 0.01590  16640    1046569.4 0.0078
2  0  25.5 0.01830 0.01826 0.01590  16802    1056758.4 0.0077
2  0  25.5 0.01850 0.01846 0.01590  16736    1052607.3 0.0077
2  0  25.6 0.01870 0.01865 0.01590  16614    1044934.2 0.0078
2  0  25.6 0.01890 0.01895 0.01590  16154    1016002.5 0.0079
2  0  25.6 0.01910 0.01914 0.01590  16074    1010971.0 0.0079
2  0  25.6 0.01930 0.01934 0.01590  15632     983171.5 0.0080
2  0  25.6 0.01950 0.01953 0.01590  14906     937509.8 0.0082
2  0  25.5 0.01970 0.01973 0.01590  13948     877256.6 0.0085
2  0  25.5 0.01990 0.01992 0.01590  13330     838387.6 0.0087
2  0  25.5 0.02010 0.02012 0.01590  11750     739013.9 0.0092
2  0  25.5 0.02030 0.02031 0.01590  10510     661024.3 0.0098
2  0  25.5 0.02050 0.02051 0.01590   8866     557625.3 0.0106
2  0  25.5 0.02070 0.02070 0.01590   7520     472968.9 0.0115
2  0  25.6 0.02090 0.02090 0.01590   6384     401520.4 0.0125
2  0  25.6 0.02110 0.02109 0.01590   5254     330449.3 0.0138
2  0  25.6 0.02130 0.02129 0.01590   4266     268309.2 0.0153
2  0  25.6 0.02150 0.02148 0.01590   3688     231956.0 0.0165
2  0  25.6 0.02170 0.02168 0.01590   3060     192458.1 0.0181
2  0  25.6 0.02190 0.02188 0.01590   2674     168180.7 0.0193
2  0  25.6 0.02210 0.02207 0.01590   2444     153714.9 0.0202
2  0  25.6 0.02230 0.02227 0.01590   2232     140381.2 0.0212
2  0  25.6 0.02250 0.02246 0.01695   2252     132842.4 0.0211
2  0  25.6 0.02270 0.02266 0.01804   2248     124599.8 0.0211
2  0  25.6 0.02290 0.02285 0.01826   2334     127852.8 0.0207
2  0  25.6 0.02310 0.02314 0.01943   2412     124119.6 0.0204
2  0  25.6 0.02330 0.02334 0.01943   2300     118356.1 0.0209
2  0  25.6 0.02350 0.02354 0.01943   2256     116091.9 0.0211
2  0  25.6 0.02370 0.02373 0.01956   2296     117405.9 0.0209
2  0  25.6 0.02390 0.02393 0.02017   2254     111731.0 0.0211
2  0  25.6 0.02410 0.02412 0.02045   2282     111595.0 0.0209
2  0  25.6 0.02430 0.02432 0.02106   2266     107620.8 0.0210
2  0  25.6 0.02450 0.02451 0.02106   2276     108095.8 0.0210
2  0  25.6 0.02470 0.02471 0.02228   2300     103238.0 0.0209
2  0  25.6 0.02490 0.02490 0.02228   2284     102519.8 0.0209
2  0  25.6 0.02510 0.02510 0.02228   2228     100006.2 0.0212
2  0  25.6 0.02530 0.02529 0.02362   2272      96198.2 0.0210
2  0  25.6 0.02550 0.02549 0.02430   2260      93020.1 0.0210
2  0  25.6 0.02570 0.02568 0.02454   2244      91447.1 0.0211
2  0  25.6 0.02590 0.02588 0.02588   2268      87643.9 0.0210
2  0  25.6 0.02610 0.02607 0.02650   2234      84309.7 0.0212
2  0  25.6 0.02630 0.02627 0.02826   2240      79271.5 0.0211
2  0  25.6 0.02650 0.02646 0.02928   2262      77263.4 0.0210
2  0  25.6 0.02670 0.02666 0.03039   2244      73849.3 0.0211
2  0  25.6 0.02690 0.02686 0.03044   2222      72993.6 0.0212
2  0  25.6 0.02710 0.02715 0.03656   2334      63836.6 0.0207
2  0  25.6 0.02730 0.02734 0.03754   2278      60678.6 0.0210
2  0  25.6 0.02750 0.02754 0.04372   2436      55717.7 0.0203
2  0  25.6 0.02770 0.02773 0.04460   2248      50399.5 0.0211
2  0  25.6 0.02790 0.02793 0.05189   2334      44980.1 0.0207
2  0  25.6 0.02810 0.02813 0.05907   2262      38295.5 0.0210
2  0  25.6 0.02830 0.02832 0.07132   2338      32781.6 0.0207
2  0  25.6 0.02850 0.02852 0.07378   2232      30253.1 0.0212
2  0  25.6 0.02870 0.02871 0.09158   2264      24722.1 0.0210
2  0  25.6 0.02890 0.02891 0.10446   2332      22324.5 0.0207
2  0  25.6 0.02910 0.02910 0.12335   2284      18516.6 0.0209
2  0  25.6 0.02930 0.02930 0.13344   2226      16681.9 0.0212
2  0  25.6 0.02950 0.02949 0.15081   2228      14773.2 0.0212
2  0  25.6 0.02970 0.02969 0.17337   2330      13439.8 0.0207
2  0  25.6 0.02990 0.02988 0.17510   2296      13112.6 0.0209
2  0  25.6 0.03010 0.03008 0.20169   2380      11800.6 0.0205
2  0  25.6 0.03030 0.03027 0.21632   2304      10650.8 0.0208
2  0  25.6 0.03050 0.03047 0.22598   2284      10107.0 0.0209
2  0  25.6 0.03070 0.03066 0.22598   2306      10204.3 0.0208
2  0  25.6 0.03090 0.03086 0.23247   2224       9566.9 0.0212
2  0  25.6 0.03110 0.03105 0.24251   2226       9179.0 0.0212
2  0  25.6 0.03130 0.03135 0.26311   2296       8726.3 0.0209
2  0  25.6 0.03150 0.03154 0.26917   2258       8388.7 0.0210
2  0  25.6 0.03170 0.03174 0.27511   2280       8287.5 0.0209
2  0  25.6 0.03190 0.03193 0.28354   2272       8013.1 0.0210
2  0  25.6 0.03210 0.03213 0.29214   2232       7640.1 0.0212
2  0  25.6 0.03230 0.03232 0.29214   2228       7626.4 0.0212
2  0  25.6 0.03250 0.03252 0.30074   2266       7534.9 0.0210
2  0  25.6 0.03270 0.03271 0.32519   2376       7306.4 0.0205
2  0  25.6 0.03290 0.03291 0.32815   2222       6771.3 0.0212
2  0  25.6 0.03310 0.03311 0.34104   2326       6820.3 0.0207
2  0  25.6 0.03330 0.03330 0.37447   2398       6403.6 0.0204
2  0  25.6 0.03350 0.03350 0.37447   2262       6040.5 0.0210
2  0  25.6 0.03370 0.03369 0.37447   2258       6029.8 0.0210
2  0  25.6 0.03390 0.03389 0.41100   2270       5523.1 0.0210
2  0  25.6 0.03410 0.03408 0.41100   2236       5440.4 0.0211
2  0  25.6 0.03430 0.03428 0.44418   2272       5115.0 0.0210
2  0  25.6 0.03450 0.03447 0.46820   2310       4933.8 0.0208
2  0  25.6 0.03470 0.03467 0.51249   2340       4566.0 0.0207
2  0  25.6 0.03490 0.03486 0.51249   2238       4366.9 0.0211
2  0  25.6 0.03510 0.03506 0.55440   2236       4033.2 0.0211
2  0  25.6 0.03530 0.03525 0.62849   2306       3669.1 0.0208
2  0  25.6 0.03550 0.03555 0.69958   2280       3259.1 0.0209
2  0  25.6 0.03570 0.03574 0.77064   2238       2904.1 0.0211
2  0  25.6 0.03590 0.03594 0.84103   2296       2730.0 0.0209
2  0  25.6 0.03610 0.03613 0.95440   2310       2420.4 0.0208
2  0  25.6 0.03630 0.03633 1.02547   2264       2207.8 0.0210
2  0  25.6 0.03650 0.03652 1.13919   2302       2020.7 0.0208
2  0  25.6 0.03670 0.03672 1.21000   1980       1636.4 0.0225
2  0  25.6 0.03690 0.03691 1.21000   1684       1391.7 0.0244
2  0  25.6 0.03710 0.03711 1.21000   1586       1310.7 0.0251
2  0  25.6 0.03730 0.03730 1.21000   1484       1226.4 0.0260
2  0  25.6 0.03750 0.03750 1.21000   1396       1153.7 0.0268
2  0  25.6 0.03770 0.03770 1.21000   1312       1084.3 0.0276
2  0  25.6 0.03790 0.03789 1.21000   1204        995.0 0.0288
2  0  25.6 0.03810 0.03809 1.21000   1224       1011.6 0.0286
2  0  25.6 0.03830 0.03828 1.21000   1112        919.0 0.0300
2  0  25.6 0.03850 0.03848 1.21000   1068        882.6 0.0306
2  0  25.6 0.03870 0.03867 1.21000   1042        861.2 0.0310
2  0  25.6 0.03890 0.03887 1.21000    938        775.2 0.0327
2  0  25.6 0.03910 0.03906 1.21000   1004        829.8 0.0316
2  0  25.6 0.03930 0.03926 1.21000    908        750.4 0.0332
2  0  25.6 0.03950 0.03945 1.21000    916        757.0 0.0330
2  0  25.6 0.03970 0.03975 1.21000    878        725.6 0.0337
2  0  25.6 0.03990 0.03994 1.21000    894        738.8 0.0334
2  1  25.6 0.00010 0.00010 1.21000      0          0.0 999.9990
2  1  25.6 0.00030 0.00029 1.21000      0          0.0 999.9990
2  1  25.6 0.00050 0.00049 1.21000      2          1.7 0.7071
2  1  25.6 0.00070 0.00068 1.21000      0          0.0 999.9990
2  1  25.6 0.00090 0.00088 1.21000      2          1.7 0.7071
2  1  25.6 0.00110 0.00107 1.21000      0          0.0 999.9990
2  1  25.6 0.00130 0.00127 1.21000      2          1.7 0.7071
2  1  25.6 0.00150 0.00146 1.21000      0          0.0 999.9990
2  1  25.6 0.00170 0.00166 1.21000      4          3.3 0.5000
2  1  25.6 0.00190 0.00186 1.21000      4          3.3 0.5000
2  1  25.6 0.00210 0.00215 1.21000      0          0.0 999.9990
2  1  25.6 0.00230 0.00234 1.21000      2          1.7 0.7071
2  1  25.6 0.00250 0.00254 1.21000      4          3.3 0.5000
2  1  25.6 0.00270 0.00273 1.21000      4          3.3 0.5000
2  1  25.6 0.00290 0.00293 1.21000      0          0.0 999.9990
2  1  25.6 0.00310 0.00313 1.21000      8          6.6 0.3536
2  1  25.6 0.00330 0.00332 1.21000      6          5.0 0.4082
2  1  25.6 0.00350 0.00352 1.21000      4          3.3 0.5000
2  1  25.6 0.00370 0.00371 1.21000      2          1.7 0.7071
2  1  25.6 0.00390 0.00391 1.21000      6          5.0 0.4082
2  1  25.6 0.00410 0.00410 1.21000      6          5.0 0.4082
2  1  25.6 0.00430 0.00430 1.21000      2          1.7 0.7071
2  1  25.6 0.00450 0.00449 1.21000      2          1.7 0.7071
2  1  25.6 0.00470 0.00469 1.21000     10          8.3 0.3162
2  1  25.6 0.00490 0.00488 1.21000      8          6.6 0.3536
2  1  25.6 0.00510 0.00508 1.21000     10          8.3 0.3162
2  1  25.6 0.00530 0.00527 1.21000     10          8.3 0.3162
2  1  25.6 0.00550 0.00547 1.21000     14         11.6 0.2673
2  1  25.6 0.00570 0.00566 1.21000     14         11.6 0.2673
2  1  25.7 0.00590 0.00586 1.21000     16         13.2 0.2500
2  1  25.7 0.00610 0.00605 1.21000     20         16.5 0.2236
2  1  25.7 0.00630 0.00635 1.21000     30         24.8 0.1826
2  1  25.7 0.00650 0.00654 1.21000     42         34.7 0.1543
2  1  25.7 0.00670 0.00674 1.21000     70         57.9 0.1195
2  1  25.7 0.00690 0.00693 1.21000    148        122.3 0.0822
2  1  25.7 0.00710 0.00713 1.21000    430        355.4 0.0482
2  1  25.7 0.00730 0.00732 1.21000   1048        866.1 0.0309
2  1  25.7 0.00750 0.00752 1.21000   2584       2135.5 0.0197
2  1  25.7 0.00770 0.00771 1.21000   6394       5284.3 0.0125
2  1  25.7 0.00790 0.00791 1.21000  14234      11763.6 0.0084
2  1  25.7 0.00810 0.00811 1.21000  32540      26892.6 0.0055
2  1  25.7 0.00830 0.00830 1.21000  70680      58413.2 0.0038
2  1  25.7 0.00850 0.00850 0.48692  70994     145802.9 0.0038
2  1  25.7 0.00870 0.00869 0.23403  72730     310765.6 0.0037
2  1  25.7 0.00890 0.00889 0.12856  75048     583753.3 0.0037
2  1  25.7 0.00910 0.00908 0.07374  72148     978351.6 0.0037
2  1  25.7 0.00930 0.00928 0.04672  71244    1524790.0 0.0037
2  1  25.7 0.00950 0.00947 0.03365  71658    2129559.0 0.0037
2  1  25.7 0.00970 0.00967 0.02610  72442    2775931.2 0.0037
2  1  25.7 0.00990 0.00986 0.02191  72234    3296333.8 0.0037
2  1  25.7 0.01010 0.01006 0.01945  71994    3701164.9 0.0037
2  1  25.7 0.01030 0.01025 0.01945  77848    4002115.2 0.0036
2  1  25.7 0.01050 0.01055 0.01694  71562    4223850.3 0.0037
2  1  25.7 0.01070 0.01074 0.01694  73250    4323482.2 0.0037
2  1  25.7 0.01090 0.01094 0.01694  74258    4382978.1 0.0037
2  1  25.7 0.01110 0.01113 0.01694  75068    4430787.2 0.0036
2  1  25.7 0.01130 0.01133 0.01694  75612    4462896.1 0.0036
2  1  25.7 0.01150 0.01152 0.01694  75986    4484970.9 0.0036
2  1  25.7 0.01170 0.01172 0.01694  76272    4501851.7 0.0036
2  1  25.7 0.01190 0.01191 0.01694  76402    4509524.8 0.0036
2  1  25.7 0.01210 0.01211 0.01694  76446    4512121.8 0.0036
2  1  25.7 0.01230 0.01230 0.01694  76376    4507990.2 0.0036
2  1  25.7 0.01250 0.01250 0.01694  76218    4498664.4 0.0036
2  1  25.7 0.01270 0.01270 0.01694  75910    4480485.1 0.0036
2  1  25.7 0.01290 0.01289 0.01694  75430    4452153.8 0.0036
2  1  25.7 0.01310 0.01309 0.01694  74702    4409184.6 0.0037
2  1  25.7 0.01330 0.01328 0.01694  73530    4340008.9 0.0037
2  1  25.7 0.01350 0.01348 0.01694  71786    4237071.6 0.0037
2  1  25.7 0.01370 0.01367 0.01694  69366    4094234.4 0.0038
2  1  25.7 0.01390 0.01387 0.01694  65574    3870416.7 0.0039
2  1  25.7 0.01410 0.01406 0.01694  61256    3615552.6 0.0040
2  1  25.7 0.01430 0.01426 0.01694  55036    3248425.5 0.0043
2  1  25.7 0.01450 0.01445 0.01694  47648    2812358.8 0.0046
2  1  25.7 0.01470 0.01475 0.01694  38124    2250217.6 0.0051
2  1  25.7 0.01490 0.01494 0.01694  32642    1926649.9 0.0055
2  1  25.7 0.01510 0.01514 0.01694  29410    1735885.5 0.0058
2  1  25.7 0.01530 0.01533 0.01694  27506    1623504.5 0.0060
2  1  25.7 0.01550 0.01553 0.01694  26712    1576639.7 0.0061
2  1  25.7 0.01570 0.01572 0.01694  26322    1553620.5 0.0062
2  1  25.7 0.01590 0.01592 0.01694  26224    1547836.2 0.0062
2  1  25.7 0.01610 0.01611 0.01694  25954    1531899.8 0.0062
2  1  25.7 0.01630 0.01631 0.01694  25826    1524344.7 0.0062
2  1  25.7 0.01650 0.01650 0.01694  25746    1519622.8 0.0062
2  1  25.7 0.01670 0.01670 0.01694  25816    1523754.5 0.0062
2  1  25.7 0.01690 0.01689 0.01694  25666    1514901.0 0.0062
2  1  25.7 0.01710 0.01709 0.01694  25788    1522101.8 0.0062
2  1  25.7 0.01730 0.01729 0.01694  25686    1516081.4 0.0062
2  1  25.7 0.01750 0.01748 0.01694  25646    1513720.5 0.0062
2  1  25.7 0.01770 0.01768 0.01694  25586    1510179.1 0.0063
2  1  25.7 0.01790 0.01787 0.01694  25646    1513720.5 0.0062
2  1  25.7 0.01810 0.01807 0.01694  25714    1517734.1 0.0062
2  1  25.7 0.01830 0.01826 0.01694  25406    1499554.8 0.0063
2  1  25.7 0.01850 0.01846 0.01694  25530    1506873.7 0.0063
2  1  25.7 0.01870 0.01865 0.01694  25692    1516435.6 0.0062
2  1  25.7 0.01890 0.01895 0.01694  25682    1515845.3 0.0062
2  1  25.7 0.01910 0.01914 0.01694  25344    1495895.3 0.0063
2  1  25.7 0.01930 0.01934 0.01694  25270    1491527.6 0.0063
2  1  25.7 0.01950 0.01953 0.01694  25234    1489402.7 0.0063
2  1  25.7 0.01970 0.01973 0.01694  24762    1461543.6 0.0064
2  1  25.7 0.01990 0.01992 0.01694  24356    1437580.0 0.0064
2  1  25.7 0.02010 0.02012 0.01694  23734    1400867.3 0.0065
2  1  25.7 0.02030 0.02031 0.01694  23016    1358488.3 0.0066
2  1  25.7 0.02050 0.02051 0.01694  21752    1283882.4 0.0068
2  1  25.7 0.02070 0.02070 0.01694  20182    1191215.3 0.0070
2  1  25.7 0.02090 0.02090 0.01694  18576    1096423.3 0.0073
2  1  25.7 0.02110 0.02109 0.01694  16658     983215.9 0.0077
2  1  25.7 0.02130 0.02129 0.01694  15048     888187.9 0.0082
2  1  25.7 0.02150 0.02148 0.01694  13140     775570.7 0.0087
2  1  25.7 0.02170 0.02168 0.01694  11438     675112.5 0.0094
2  1  25.7 0.02190 0.02188 0.01694  10022     591535.0 0.0100
2  1  25.7 0.02210 0.02207 0.01694   8624     509019.9 0.0108
2  1  25.7 0.02230 0.02227 0.01694   7744     457079.1 0.0114
2  1  25.7 0.02250 0.02246 0.01694   6924     408679.7 0.0120
2  1  25.7 0.02270 0.02266 0.01694   6218     367009.0 0.0127
2  1  25.7 0.02290 0.02285 0.01694   5754     339622.1 0.0132
2  1  25.7 0.02310 0.02314 0.01694   5256     310228.3 0.0138
2  1  25.7 0.02330 0.02334 0.01694   5140     303381.6 0.0139
2  1  25.7 0.02350 0.02354 0.01694   4914     290042.2 0.0143
2  1  25.7 0.02370 0.02373 0.01694   4902     289333.9 0.0143
2  1  25.7 0.02390 0.02393 0.01694   4674     275876.5 0.0146
2  1  25.7 0.02410 0.02412 0.01694   4594     271154.6 0.0148
2  1  25.7 0.02430 0.02432 0.01694   4398     259586.0 0.0151
2  1  25.7 0.02450 0.02451 0.01694   4508     266078.6 0.0149
2  1  25.7 0.02470 0.02471 0.01694   4376     258287.5 0.0151
2  1  25.7 0.02490 0.02490 0.01694   4214     248725.7 0.0154
2  1  25.7 0.02510 0.02510 0.01694   4180     246718.8 0.0155
2  1  25.7 0.02530 0.02529 0.01694   4066     239990.2 0.0157
2  1  25.7 0.02550 0.02549 0.01694   3996     235858.5 0.0158
2  1  25.7 0.02570 0.02568 0.01694   3758     221810.9 0.0163
2  1  25.7 0.02590 0.02588 0.01694   3566     210478.3 0.0167
2  1  25.7 0.02610 0.02607 0.01694   3618     213547.6 0.0166
2  1  25.7 0.02630 0.02627 0.01694   3482     205520.3 0.0169
2  1  25.7 0.02650 0.02646 0.01694   3502     206700.8 0.0169
2  1  25.7 0.02670 0.02666 0.01694   3208     189347.9 0.0177
2  1  25.7 0.02690 0.02686 0.01694   3116     183917.7 0.0179
2  1  25.7 0.02710 0.02715 0.01694   2974     175536.3 0.0183
2  1  25.7 0.02730 0.02734 0.01694   2812     165974.5 0.0189
2  1  25.7 0.02750 0.02754 0.01694   2736     161488.7 0.0191
2  1  25.7 0.02770 0.02773 0.01694   2570     151690.8 0.0197
2  1  25.7 0.02790 0.02793 0.01694   2520     148739.6 0.0199
2  1  25.7 0.02810 0.02813 0.01694   2360     139295.8 0.0206
2  1  25.7 0.02830 0.02832 0.01694   2248     132685.2 0.0211
2  1  25.7 0.02850 0.02852 0.01751   2284     130441.7 0.0209
2  1  25.7 0.02870 0.02871 0.01918   2296     119678.5 0.0209
2  1  25.7 0.02890 0.02891 0.02049   2248     109688.2 0.0211
2  1  25.7 0.02910 0.02910 0.02172   2236     102962.8 0.0211
2  1  25.7 0.02930 0.02930 0.02425   2248      92707.3 0.0211
2  1  25.7 0.02950 0.02949 0.02639   2252      85348.8 0.0211
2  1  25.7 0.02970 0.02969 0.02897   2254      77808.9 0.0211
2  1  25.7 0.02990 0.02988 0.03165   2222      70209.0 0.0212
2  1  25.7 0.03010 0.03008 0.03489   2316      66375.3 0.0208
2  1  25.7 0.03030 0.03027 0.03931   2228      56682.4 0.0212
2  1  25.7 0.03050 0.03047 0.04397   2288      52039.0 0.0209
2  1  25.7 0.03070 0.03066 0.04865   2362      48548.2 0.0206
2  1  25.7 0.03090 0.03086 0.05238   2256      43072.2 0.0211
2  1  25.7 0.03110 0.03105 0.05655   2244      39681.0 0.0211
2  1  25.7 0.03130 0.03135 0.06558   2270      34612.8 0.0210
2  1  25.7 0.03150 0.03154 0.07006   2322      33143.1 0.0208
2  1  25.7 0.03170 0.03174 0.07373   2248      30489.8 0.0211
2  1  25.7 0.03190 0.03193 0.07822   2266      28969.5 0.0210
2  1  25.7 0.03210 0.03213 0.08186   2242      27386.7 0.0211
2  1  25.7 0.03230 0.03232 0.08186   2232      27264.5 0.0212
2  1  25.7 0.03250 0.03252 0.08934   2268      25387.0 0.0210
2  1  25.7 0.03270 0.03271 0.08934   2226      24916.9 0.0212
2  1  25.7 0.03290 0.03291 0.09457   2284      24152.6 0.0209
2  1  25.7 0.03310 0.03311 0.09656   2260      23404.0 0.0210
2  1  25.7 0.03330 0.03330 0.10121   2224      21974.0 0.0212
2  1  25.7 0.03350 0.03350 0.10176   2254      22150.1 0.0211
2  1  25.7 0.03370 0.03369 0.11064   2296      20752.3 0.0209
2  1  25.7 0.03390 0.03389 0.11629   2302      19795.2 0.0208
2  1  25.7 0.03410 0.03408 0.11713   2226      19003.8 0.0212
2  1  25.7 0.03430 0.03428 0.12451   2248      18054.3 0.0211
2  1  25.7 0.03450 0.03447 0.12960   2302      17762.1 0.0208
2  1  25.7 0.03470 0.03467 0.13507   2232      16524.5 0.0212
2  1  25.7 0.03490 0.03486 0.13882   2276      16395.2 0.0210
2  1  25.7 0.03510 0.03506 0.15195   2384      15689.3 0.0205
2  1  25.7 0.03530 0.03525 0.15195   2254      14833.7 0.0211
2  1  25.7 0.03550 0.03555 0.16454   2222      13504.4 0.0212
2  1  25.7 0.03570 0.03574 0.17084   2260      13228.4 0.0210
2  1  25.7 0.03590 0.03594 0.18373   2320      12627.4 0.0208
2  1  25.7 0.03610 0.03613 0.18761   2306      12291.3 0.0208
2  1  25.7 0.03630 0.03633 0.20023   2284      11407.0 0.0209
2  1  25.7 0.03650 0.03652 0.21002   2264      10780.1 0.0210
2  1  25.7 0.03670 0.03672 0.22331   2340      10478.5 0.0207
2  1  25.7 0.03690 0.03691 0.24351   2374       9749.3 0.0205
2  1  25.7 0.03710 0.03711 0.24351   2238       9190.8 0.0211
2  1  25.7 0.03730 0.03730 0.26471   2244       8477.2 0.0211
2  1  25.7 0.03750 0.03750 0.28013   2266       8089.2 0.0210
2  1  25.7 0.03770 0.03770 0.30116   2276       7557.4 0.0210
2  1  25.7 0.03790 0.03789 0.34067   2222       6522.5 0.0212
2  1  25.7 0.03810 0.03809 0.34942   2226       6370.5 0.0212
2  1  25.7 0.03830 0.03828 0.38253   2260       5908.0 0.0210
2  1  25.7 0.03850 0.03848 0.41868   2282       5450.5 0.0209
2  1  25.7 0.03870 0.03867 0.45160   2268       5022.1 0.0210
2  1  25.7 0.03890 0.03887 0.47707   2242       4699.6 0.0211
2  1  25.7 0.03910 0.03906 0.52533   2290       4359.2 0.0209
2  1  25.7 0.03930 0.03926 0.56445   2278       4035.8 0.0210
2  1  25.7 0.03950 0.03945 0.62773   2270       3616.2 0.0210
2  1  25.8 0.03970 0.03975 0.69810   2244       3214.4 0.0211
2  1  25.8 0.03990 0.03994 0.72894   2250       3086.7 0.0211
2  2  25.8 0.00010 0.00010 1.21000    208        171.9 0.0693
2  2  25.8 0.00030 0.00029 1.21000     26         21.5 0.1961
2  2  25.8 0.00050 0.00049 1.21000     40         33.1 0.1581
2  2  25.8 0.00070 0.00068 1.21000     36         29.8 0.1667
2  2  25.8 0.00090 0.00088 1.21000     36         29.8 0.1667
2  2  25.8 0.00110 0.00107 1.21000     32         26.4 0.1768
2  2  25.8 0.00130 0.00127 1.21000     46         38.0 0.1474
2  2  25.8 0.00150 0.00146 1.21000     38         31.4 0.1622
2  2  25.8 0.00170 0.00166 1.21000     42         34.7 0.1543
2  2  25.8 0.00190 0.00186 1.21000     46         38.0 0.1474
2  2  25.8 0.00210 0.00215 1.21000     50         41.3 0.1414
2  2  25.8 0.00230 0.00234 1.21000     46         38.0 0.1474
2  2  25.8 0.00250 0.00254 1.21000     36         29.8 0.1667
2  2  25.8 0.00270 0.00273 1.21000     50         41.3 0.1414
2  2  25.8 0.00290 0.00293 1.21000     52         43.0 0.1387
2  2  25.8 0.00310 0.00313 1.21000     58         47.9 0.1313
2  2  25.8 0.00330 0.00332 1.21000     42         34.7 0.1543
2  2  25.8 0.00350 0.00352 1.21000     64         52.9 0.1250
2  2  25.8 0.00370 0.00371 1.21000     60         49.6 0.1291
2  2  25.8 0.00390 0.00391 1.21000     66         54.5 0.1231
2  2  25.8 0.00410 0.00410 1.21000     76         62.8 0.1147
2  2  25.8 0.00430 0.00430 1.21000     70         57.9 0.1195
2  2  25.8 0.00450 0.00449 1.21000     78         64.5 0.1132
2  2  25.8 0.00470 0.00469 1.21000     68         56.2 0.1213
2  2  25.8 0.00490 0.00488 1.21000     72         59.5 0.1179
2  2  25.8 0.00510 0.00508 1.21000     64         52.9 0.1250
2  2  25.8 0.00530 0.00527 1.21000     76         62.8 0.1147
2  2  25.8 0.00550 0.00547 1.21000     76         62.8 0.1147
2  2  25.8 0.00570 0.00566 1.21000    102         84.3 0.0990
2  2  25.8 0.00590 0.00586 1.21000     92         76.0 0.1043
2  2  25.8 0.00610 0.00605 1.21000    106         87.6 0.0971
2  2  25.8 0.00630 0.00635 1.21000    110         90.9 0.0953
2  2  25.8 0.00650 0.00654 1.21000    122        100.8 0.0905
2  2  25.8 0.00670 0.00674 1.21000    186        153.7 0.0733
2  2  25.8 0.00690 0.00693 1.21000    300        247.9 0.0577
2  2  25.8 0.00710 0.00713 1.21000    666        550.4 0.0387
2  2  25.8 0.00730 0.00732 1.21000   1500       1239.7 0.0258
2  2  25.8 0.00750 0.00752 1.21000   3444       2846.3 0.0170
2  2  25.8 0.00770 0.00771 1.21000   8168       6750.4 0.0111
2  2  25.8 0.00790 0.00791 1.21000  17640      14578.5 0.0075
2  2  25.8 0.00810 0.00811 1.21000  39560      32694.2 0.0050
2  2  25.8 0.00830 0.00830 0.85927  71286      82961.4 0.0037
2  2  25.8 0.00850 0.00850 0.41419  70974     171355.7 0.0038
2  2  25.8 0.00870 0.00869 0.19939  70660     354373.3 0.0038
2  2  25.8 0.00890 0.00889 0.10973  71808     654427.5 0.0037
2  2  25.8 0.00910 0.00908 0.06629  72158    1088521.0 0.0037
2  2  25.8 0.00930 0.00928 0.04293  70774    1648767.0 0.0038
2  2  25.8 0.00950 0.00947 0.03186  72546    2277057.9 0.0037
2  2  25.8 0.00970 0.00967 0.02495  71890    2881509.0 0.0037
2  2  25.8 0.00990 0.00986 0.02140  72424    3384070.8 0.0037
2  2  25.8 0.01010 0.01006 0.01909  72038    3772670.3 0.0037
2  2  25.8 0.01030 0.01025 0.01909  77438    4055471.3 0.0036
2  2  25.8 0.01050 0.01055 0.01688  71992    4265108.0 0.0037
2  2  25.8 0.01070 0.01074 0.01688  73592    4359898.7 0.0037
2  2  25.8 0.01090 0.01094 0.01688  74478    4412389.1 0.0037
2  2  25.8 0.01110 0.01113 0.01688  75248    4458007.1 0.0036
2  2  25.8 0.01130 0.01133 0.01688  75790    4490117.5 0.0036
2  2  25.8 0.01150 0.01152 0.01688  76136    4510615.9 0.0036
2  2  25.8 0.01170 0.01172 0.01688  76386    4525427.0 0.0036
2  2  25.8 0.01190 0.01191 0.01688  76496    4531943.9 0.0036
2  2  25.8 0.01210 0.01211 0.01688  76498    4532062.3 0.0036
2  2  25.8 0.01230 0.01230 0.01688  76432    4528152.2 0.0036
2  2  25.8 0.01250 0.01250 0.01688  76232    4516303.4 0.0036
2  2  25.8 0.01270 0.01270 0.01688  75906    4496989.8 0.0036
2  2  25.8 0.01290 0.01289 0.01688  75396    4466775.2 0.0036
2  2  25.8 0.01310 0.01309 0.01688  74582    4418550.5 0.0037
2  2  25.8 0.01330 0.01328 0.01688  73300    4342599.4 0.0037
2  2  25.8 0.01350 0.01348 0.01688  71528    4237618.7 0.0037
2  2  25.8 0.01370 0.01367 0.01688  69002    4087967.9 0.0038
2  2  25.8 0.01390 0.01387 0.01688  65140    3859166.8 0.0039
2  2  25.8 0.01410 0.01406 0.01688  60592    3589724.2 0.0041
2  2  25.8 0.01430 0.01426 0.01688  54274    3215419.4 0.0043
2  2  25.8 0.01450 0.01445 0.01688  47006    2784832.6 0.0046
2  2  25.8 0.01470 0.01475 0.01688  36282    2149497.8 0.0052
2  2  25.8 0.01490 0.01494 0.01688  30654    1816071.5 0.0057
2  2  25.8 0.01510 0.01514 0.01688  27134    1607532.0 0.0061
2  2  25.8 0.01530 0.01533 0.01688  25106    1487384.7 0.0063
2  2  25.8 0.01550 0.01553 0.01688  24084    1426837.2 0.0064
2  2  25.8 0.01570 0.01572 0.01688  23720    1405272.3 0.0065
2  2  25.8 0.01590 0.01592 0.01688  23320    1381574.6 0.0065
2  2  25.8 0.01610 0.01611 0.01688  23138    1370792.2 0.0066
2  2  25.8 0.01630 0.01631 0.01688  23118    1369607.3 0.0066
2  2  25.8 0.01650 0.01650 0.01688  23316    1381337.6 0.0065
2  2  25.8 0.01670 0.01670 0.01688  23040    1364986.2 0.0066
2  2  25.8 0.01690 0.01689 0.01688  22886    1355862.6 0.0066
2  2  25.8 0.01710 0.01709 0.01688  23188    1373754.4 0.0066
2  2  25.8 0.01730 0.01729 0.01688  23102    1368659.4 0.0066
2  2  25.8 0.01750 0.01748 0.01688  23092    1368066.9 0.0066
2  2  25.8 0.01770 0.01768 0.01688  23064    1366408.1 0.0066
2  2  25.8 0.01790 0.01787 0.01688  22864    1354559.2 0.0066
2  2  25.8 0.01810 0.01807 0.01688  22972    1360957.6 0.0066
2  2  25.8 0.01830 0.01826 0.01688  23004    1362853.4 0.0066
2  2  25.8 0.01850 0.01846 0.01688  23054    1365815.6 0.0066
2  2  25.8 0.01870 0.01865 0.01688  22950    1359654.2 0.0066
2  2  25.8 0.01890 0.01895 0.01688  22936    1358824.8 0.0066
2  2  25.8 0.01910 0.01914 0.01688  22818    1351834.0 0.0066
2  2  25.8 0.01930 0.01934 0.01688  22842    1353255.9 0.0066
2  2  25.8 0.01950 0.01953 0.01688  22552    1336075.1 0.0067
2  2  25.8 0.01970 0.01973 0.01688  22034    1305386.6 0.0067
2  2  25.8 0.01990 0.01992 0.01688  21370    1266048.4 0.0068
2  2  25.8 0.02010 0.02012 0.01688  20200    1196732.7 0.0070
2  2  25.8 0.02030 0.02031 0.01688  19522    1156565.2 0.0072
2  2  25.8 0.02050 0.02051 0.01688  17820    1055731.5 0.0075
2  2  25.8 0.02070 0.02070 0.01688  16190     959163.5 0.0079
2  2  25.8 0.02090 0.02090 0.01688  14262     844940.7 0.0084
2  2  25.8 0.02110 0.02109 0.01688  12148     719698.5 0.0091
2  2  25.8 0.02130 0.02129 0.01688  10418     617206.0 0.0098
2  2  25.8 0.02150 0.02148 0.01688   8812     522059.8 0.0107
2  2  25.8 0.02170 0.02168 0.01688   7388     437696.1 0.0116
2  2  25.8 0.02190 0.02188 0.01688   6382     378096.4 0.0125
2  2  25.8 0.02210 0.02207 0.01688   5336     316127.0 0.0137
2  2  25.8 0.02230 0.02227 0.01688   4736     280580.5 0.0145
2  2  25.8 0.02250 0.02246 0.01688   4138     245152.5 0.0155
2  2  25.8 0.02270 0.02266 0.01688   3808     225601.9 0.0162
2  2  25.8 0.02290 0.02285 0.01688   3622     214582.5 0.0166
2  2  25.8 0.02310 0.02314 0.01688   3364     199297.5 0.0172
2  2  25.8 0.02330 0.02334 0.01688   3310     196098.3 0.0174
2  2  25.8 0.02350 0.02354 0.01688   3306     195861.3 0.0174
2  2  25.8 0.02370 0.02373 0.01688   3092     183183.0 0.0180
2  2  25.8 0.02390 0.02393 0.01688   3178     188278.0 0.0177
2  2  25.8 0.02410 0.02412 0.01688   3180     188396.5 0.0177
2  2  25.8 0.02430 0.02432 0.01688   3092     183183.0 0.0180
2  2  25.8 0.02450 0.02451 0.01688   3018     178799.0 0.0182
2  2  25.8 0.02470 0.02471 0.01688   2874     170267.8 0.0187
2  2  25.8 0.02490 0.02490 0.01688   2898     171689.7 0.0186
2  2  25.8 0.02510 0.02510 0.01688   2764     163751.0 0.0190
2  2  25.8 0.02530 0.02529 0.01688   2814     166713.2 0.0189
2  2  25.8 0.02550 0.02549 0.01688   2694     159603.9 0.0193
2  2  25.8 0.02570 0.02568 0.01688   2572     152376.1 0.0197
2  2  25.8 0.02590 0.02588 0.01688   2584     153087.0 0.0197
2  2  25.8 0.02610 0.02607 0.01688   2454     145385.3 0.0202
2  2  25.8 0.02630 0.02627 0.01688   2412     142897.0 0.0204
2  2  25.8 0.02650 0.02646 0.01688   2422     143489.4 0.0203
2  2  25.8 0.02670 0.02666 0.01688   2358     139697.8 0.0206
2  2  25.8 0.02690 0.02686 0.01703   2322     136326.8 0.0208
2  2  25.8 0.02710 0.02715 0.01787   2270     127036.0 0.0210
2  2  25.8 0.02730 0.02734 0.01884   2242     119031.8 0.0211
2  2  25.8 0.02750 0.02754 0.01993   2330     116886.8 0.0207
2  2  25.8 0.02770 0.02773 0.02073   2328     112287.4 0.0207
2  2  25.8 0.02790 0.02793 0.02073   2226     107367.6 0.0212
2  2  25.8 0.02810 0.02813 0.02327   2324      99886.2 0.0207
2  2  25.8 0.02830 0.02832 0.02480   2282      92034.0 0.0209
2  2  25.8 0.02850 0.02852 0.02745   2270      82705.2 0.0210
2  2  25.8 0.02870 0.02871 0.02966   2224      74975.8 0.0212
2  2  25.8 0.02890 0.02891 0.03266   2266      69378.2 0.0210
2  2  25.8 0.02910 0.02910 0.03788   2254      59507.1 0.0211
2  2  25.8 0.02930 0.02930 0.04297   2346      54593.8 0.0206
2  2  25.8 0.02950 0.02949 0.05066   2338      46152.8 0.0207
2  2  25.8 0.02970 0.02969 0.05641   2304      40841.1 0.0208
2  2  25.8 0.02990 0.02988 0.06473   2240      34607.4 0.0211
2  2  25.8 0.03010 0.03008 0.07064   2314      32758.0 0.0208
2  2  25.8 0.03030 0.03027 0.08007   2250      28099.7 0.0211
2  2  25.8 0.03050 0.03047 0.08939   2264      25326.9 0.0210
2  2  25.8 0.03070 0.03066 0.09821   2226      22666.5 0.0212
2  2  25.8 0.03090 0.03086 0.10975   2394      21812.4 0.0204
2  2  25.8 0.03110 0.03105 0.11558   2352      20349.6 0.0206
2  2  25.8 0.03130 0.03135 0.12335   2238      18143.2 0.0211
2  2  25.8 0.03150 0.03154 0.12335   2226      18045.9 0.0212
2  2  25.8 0.03170 0.03174 0.13305   2266      17030.9 0.0210
2  2  25.8 0.03190 0.03193 0.13649   2270      16631.0 0.0210
2  2  25.8 0.03210 0.03213 0.14415   2250      15609.0 0.0211
2  2  25.8 0.03230 0.03232 0.14415   2278      15803.3 0.0210
2  2  25.8 0.03250 0.03252 0.15350   2396      15608.8 0.0204
2  2  25.8 0.03270 0.03271 0.15350   2290      14918.2 0.0209
2  2  25.8 0.03290 0.03291 0.15968   2310      14466.1 0.0208
2  2  25.8 0.03310 0.03311 0.15968   2232      13977.6 0.0212
2  2  25.8 0.03330 0.03330 0.16774   2278      13580.7 0.0210
2  2  25.9 0.03350 0.03350 0.17222   2306      13390.1 0.0208
2  2  25.9 0.03370 0.03369 0.18043   2274      12602.9 0.0210
2  2  25.9 0.03390 0.03389 0.18770   2256      12019.2 0.0211
2  2  25.9 0.03410 0.03408 0.19489   2314      11873.3 0.0208
2  2  25.9 0.03430 0.03428 0.19919   2322      11656.9 0.0208
2  2  25.9 0.03450 0.03447 0.19919   2230      11195.1 0.0212
2  2  25.9 0.03470 0.03467 0.21718   2234      10286.5 0.0212
2  2  25.9 0.03490 0.03486 0.22259   2248      10099.4 0.0211
2  2  25.9 0.03510 0.03506 0.23406   2268       9689.8 0.0210
2  2  25.9 0.03530 0.03525 0.24579   2282       9284.5 0.0209
2  2  25.9 0.03550 0.03555 0.26434   2248       8504.1 0.0211
2  2  25.9 0.03570 0.03574 0.27654   2248       8129.0 0.0211
2  2  25.9 0.03590 0.03594 0.29514   2256       7643.9 0.0211
2  2  25.9 0.03610 0.03613 0.30992   2256       7279.3 0.0211
2  2  25.9 0.03630 0.03633 0.33013   2364       7160.9 0.0206
2  2  25.9 0.03650 0.03652 0.35012   2276       6500.6 0.0210
2  2  25.9 0.03670 0.03672 0.38784   2318       5976.7 0.0208
2  2  25.9 0.03690 0.03691 0.41793   2352       5627.7 0.0206
2  2  25.9 0.03710 0.03711 0.43501   2234       5135.6 0.0212
2  2  25.9 0.03730 0.03730 0.50863   2420       4757.8 0.0203
2  2  25.9 0.03750 0.03750 0.53160   2252       4236.3 0.0211
2  2  25.9 0.03770 0.03770 0.59658   2310       3872.1 0.0208
2  2  25.9 0.03790 0.03789 0.66015   2252       3411.3 0.0211
2  2  25.9 0.03810 0.03809 0.73343   2272       3097.8 0.0210
2  2  25.9 0.03830 0.03828 0.82307   2302       2796.8 0.0208
2  2  25.9 0.03850 0.03848 0.89213   2288       2564.6 0.0209
2  2  25.9 0.03870 0.03867 0.96887   2230       2301.6 0.0212
2  2  25.9 0.03890 0.03887 1.06698   2232       2091.9 0.0212
2  2  25.9 0.03910 0.03906 1.15200   2224       1930.5 0.0212
2  2  25.9 0.03930 0.03926 1.21000   2116       1748.8 0.0217
2  2  25.9 0.03950 0.03945 1.21000   2070       1710.7 0.0220
2  2  25.9 0.03970 0.03975 1.21000   1896       1566.9 0.0230
2  2  25.9 0.03990 0.03994 1.21000   1898       1568.6 0.0230
2  3  25.9 0.00010 0.00010 1.21000      8          6.6 0.3536
2  3  25.9 0.00030 0.00029 1.21000     10          8.3 0.3162
2  3  25.9 0.00050 0.00049 1.21000     10          8.3 0.3162
2  3  25.9 0.00070 0.00068 1.21000     12          9.9 0.2887
2  3  25.9 0.00090 0.00088 1.21000     14         11.6 0.2673
2  3  25.9 0.00110 0.00107 1.21000     14         11.6 0.2673
2  3  25.9 0.00130 0.00127 1.21000     18         14.9 0.2357
2  3  25.9 0.00150 0.00146 1.21000     16         13.2 0.2500
2  3  25.9 0.00170 0.00166 1.21000     14         11.6 0.2673
2  3  25.9 0.00190 0.00186 1.21000     16         13.2 0.2500
2  3  25.9 0.00210 0.00215 1.21000     14         11.6 0.2673
2  3  25.9 0.00230 0.00234 1.21000     22         18.2 0.2132
2  3  25.9 0.00250 0.00254 1.21000     22         18.2 0.2132
2  3  25.9 0.00270 0.00273 1.21000     22         18.2 0.2132
2  3  25.9 0.00290 0.00293 1.21000     20         16.5 0.2236
2  3  25.9 0.00310 0.00313 1.21000     28         23.1 0.1890
2  3  25.9 0.00330 0.00332 1.21000     22         18.2 0.2132
2  3  25.9 0.00350 0.00352 1.21000     28         23.1 0.1890
2  3  25.9 0.00370 0.00371 1.21000     30         24.8 0.1826
2  3  25.9 0.00390 0.00391 1.21000     28         23.1 0.1890
2  3  25.9 0.00410 0.00410 1.21000     40         33.1 0.1581
2  3  25.9 0.00430 0.00430 1.21000     52         43.0 0.1387
2  3  25.9 0.00450 0.00449 1.21000     42         34.7 0.1543
2  3  25.9 0.00470 0.00469 1.21000     36         29.8 0.1667
2  3  25.9 0.00490 0.00488 1.21000     28         23.1 0.1890
2  3  25.9 0.00510 0.00508 1.21000     40         33.1 0.1581
2  3  25.9 0.00530 0.00527 1.21000     38         31.4 0.1622
2  3  25.9 0.00550 0.00547 1.21000     42         34.7 0.1543
2  3  25.9 0.00570 0.00566 1.21000     54         44.6 0.1361
2  3  25.9 0.00590 0.00586 1.21000     40         33.1 0.1581
2  3  25.9 0.00610 0.00605 1.21000     66         54.5 0.1231
2  3  25.9 0.00630 0.00635 1.21000     76         62.8 0.1147
2  3  25.9 0.00650 0.00654 1.21000     90         74.4 0.1054
2  3  25.9 0.00670 0.00674 1.21000    120         99.2 0.0913
2  3  25.9 0.00690 0.00693 1.21000    210        173.6 0.0690
2  3  25.9 0.00710 0.00713 1.21000    544        449.6 0.0429
2  3  25.9 0.00730 0.00732 1.21000   1140        942.1 0.0296
2  3  25.9 0.00750 0.00752 1.21000   2770       2289.3 0.0190
2  3  25.9 0.00770 0.00771 1.21000   6902       5704.1 0.0120
2  3  25.9 0.00790 0.00791 1.21000  15124      12499.2 0.0081
2  3  25.9 0.00810 0.00811 1.21000  34224      28284.3 0.0054
2  3  25.9 0.00830 0.00830 1.21000  74980      61966.9 0.0037
2  3  25.9 0.00850 0.00850 0.45848  73148     159544.2 0.0037
2  3  25.9 0.00870 0.00869 0.21724  72804     335137.7 0.0037
2  3  25.9 0.00890 0.00889 0.12002  73496     612355.6 0.0037
2  3  25.9 0.00910 0.00908 0.06958  71680    1030130.2 0.0037
2  3  25.9 0.00930 0.00928 0.04458  72138    1618336.6 0.0037
2  3  25.9 0.00950 0.00947 0.03235  71028    2195355.0 0.0038
2  3  25.9 0.00970 0.00967 0.02533  72464    2861080.3 0.0037
2  3  25.9 0.00990 0.00986 0.02135  71704    3358282.2 0.0037
2  3  25.9 0.01010 0.01006 0.02135  79992    3746453.6 0.0035
2  3  25.9 0.01030 0.01025 0.01786  72096    4036399.9 0.0037
2  3  25.9 0.01050 0.01055 0.01786  76380    4276245.9 0.0036
2  3  25.9 0.01070 0.01074 0.01786  78070    4370863.1 0.0036
2  3  25.9 0.01090 0.01094 0.01786  79044    4425393.9 0.0036
2  3  25.9 0.01110 0.01113 0.01786  79866    4471414.8 0.0035
2  3  25.9 0.01130 0.01133 0.01600  72272    4517080.1 0.0037
2  3  25.9 0.01150 0.01152 0.01600  72606    4537955.5 0.0037
2  3  25.9 0.01170 0.01172 0.01600  72828    4551830.7 0.0037
2  3  25.9 0.01190 0.01191 0.01600  72916    4557330.8 0.0037
2  3  25.9 0.01210 0.01211 0.01600  72910    4556955.8 0.0037
2  3  25.9 0.01230 0.01230 0.01600  72838    4552455.8 0.0037
2  3  25.9 0.01250 0.01250 0.01600  72644    4540330.5 0.0037
2  3  25.9 0.01270 0.01270 0.01600  72314    4519705.2 0.0037
2  3  25.9 0.01290 0.01289 0.01600  71832    4489579.6 0.0037
2  3  25.9 0.01310 0.01309 0.01600  71064    4441578.8 0.0038
2  3  25.9 0.01330 0.01328 0.01600  69820    4363827.4 0.0038
2  3  25.9 0.01350 0.01348 0.01600  68032    4252075.4 0.0038
2  3  25.9 0.01370 0.01367 0.01600  65492    4093322.6 0.0039
2  3  25.9 0.01390 0.01387 0.01600  61660    3853818.4 0.0040
2  3  25.9 0.01410 0.01406 0.01600  56970    3560688.2 0.0042
2  3  25.9 0.01430 0.01426 0.01600  49984    3124055.4 0.0045
2  3  25.9 0.01450 0.01445 0.01600  42326    2645421.9 0.0049
2  3  25.9 0.01470 0.01475 0.01600  30770    1923159.1 0.0057
2  3  25.9 0.01490 0.01494 0.01600  24624    1539027.3 0.0064
2  3  25.9 0.01510 0.01514 0.01600  20700    1293772.9 0.0070
2  3  25.9 0.01530 0.01533 0.01600  18724    1170270.8 0.0073
2  3  25.9 0.01550 0.01553 0.01600  17390    1086894.3 0.0076
2  3  25.9 0.01570 0.01572 0.01600  16738    1046143.6 0.0077
2  3  25.9 0.01590 0.01592 0.01600  16480    1030018.3 0.0078
2  3  25.9 0.01610 0.01611 0.01600  16146    1009142.9 0.0079
2  3  25.9 0.01630 0.01631 0.01600  16254    1015893.0 0.0078
2  3  25.9 0.01650 0.01650 0.01600  16168    1010517.9 0.0079
2  3  25.9 0.01670 0.01670 0.01600  16108    1006767.9 0.0079
2  3  25.9 0.01690 0.01689 0.01600  16072    1004517.8 0.0079
2  3  25.9 0.01710 0.01709 0.01600  16122    1007642.9 0.0079
2  3  25.9 0.01730 0.01729 0.01600  16160    1010017.9 0.0079
2  3  25.9 0.01750 0.01748 0.01600  15994     999642.7 0.0079
2  3  25.9 0.01770 0.01768 0.01600  16284    1017768.1 0.0078
2  3  25.9 0.01790 0.01787 0.01600  16194    1012143.0 0.0079
2  3  25.9 0.01810 0.01807 0.01600  16122    1007642.9 0.0079
2  3  25.9 0.01830 0.01826 0.01600  15984     999017.7 0.0079
2  3  25.9 0.01850 0.01846 0.01600  16006    1000392.7 0.0079
2  3  25.9 0.01870 0.01865 0.01600  16026    1001642.8 0.0079
2  3  25.9 0.01890 0.01895 0.01600  15882     992642.6 0.0079
2  3  25.9 0.01910 0.01914 0.01600  15532     970767.2 0.0080
2  3  25.9 0.01930 0.01934 0.01600  15242     952641.9 0.0081
2  3  25.9 0.01950 0.01953 0.01600  14560     910016.1 0.0083
2  3  25.9 0.01970 0.01973 0.01600  14058     878640.6 0.0084
2  3  25.9 0.01990 0.01992 0.01600  12732     795764.1 0.0089
2  3  25.9 0.02010 0.02012 0.01600  11802     737638.1 0.0092
2  3  25.9 0.02030 0.02031 0.01600  10572     660761.7 0.0097
2  3  25.9 0.02050 0.02051 0.01600   9110     569385.1 0.0105
2  3  25.9 0.02070 0.02070 0.01600   7756     484758.6 0.0114
2  3  25.9 0.02090 0.02090 0.01600   6390     399382.1 0.0125
2  3  25.9 0.02110 0.02109 0.01600   5202     325130.8 0.0139
2  3  25.9 0.02130 0.02129 0.01600   4228     264254.7 0.0154
2  3  25.9 0.02150 0.02148 0.01600   3650     228129.0 0.0166
2  3  25.9 0.02170 0.02168 0.01600   3022     188878.4 0.0182
2  3  25.9 0.02190 0.02188 0.01600   2654     165877.9 0.0194
2  3  25.9 0.02210 0.02207 0.01600   2344     146502.6 0.0207
2  3  25.9 0.02230 0.02227 0.01720   2282     132643.9 0.0209
2  3  25.9 0.02250 0.02246 0.01770   2224     125665.5 0.0212
2  3  25.9 0.02270 0.02266 0.01938   2246     115884.5 0.0211
2  3  25.9 0.02290 0.02285 0.01963   2226     113405.3 0.0212
2  3  25.9 0.02310 0.02314 0.02077   2274     109464.4 0.0210
2  3  25.9 0.02330 0.02334 0.02077   2222     106961.3 0.0212
2  3  25.9 0.02350 0.02354 0.02077   2252     108405.4 0.0211
2  3  25.9 0.02370 0.02373 0.02265   2264      99957.1 0.0210
2  3  25.9 0.02390 0.02393 0.02265   2294     101281.6 0.0209
2  3  25.9 0.02410 0.02412 0.02265   2266     100045.4 0.0210
2  3  25.9 0.02430 0.02432 0.02334   2256      96645.4 0.0211
2  3  25.9 0.02450 0.02451 0.02334   2232      95617.2 0.0212
2  3  25.9 0.02470 0.02471 0.02454   2314      94311.8 0.0208
2  3  25.9 0.02490 0.02490 0.02454   2258      92029.4 0.0210
2  3  25.9 0.02510 0.02510 0.02649   2388      90144.3 0.0205
2  3  25.9 0.02530 0.02529 0.02649   2296      86671.4 0.0209
2  3  25.9 0.02550 0.02549 0.02649   2244      84708.5 0.0211
2  3  25.9 0.02570 0.02568 0.02771   2222      80196.2 0.0212
2  3  25.9 0.02590 0.02588 0.02771   2226      80340.5 0.0212
2  3  25.9 0.02610 0.02607 0.02937   2222      75648.6 0.0212
2  3  25.9 0.02630 0.02627 0.03097   2276      73492.3 0.0210
2  3  25.9 0.02650 0.02646 0.03097   2234      72136.2 0.0212
2  3  25.9 0.02670 0.02666 0.03270   2240      68504.6 0.0211
2  3  25.9 0.02690 0.02686 0.03509   2276      64864.7 0.0210
2  3  25.9 0.02710 0.02715 0.03745   2226      59442.6 0.0212
2  3  25.9 0.02730 0.02734 0.04089   2264      55366.4 0.0210
2  3  25.9 0.02750 0.02754 0.04385   2242      51127.1 0.0211
2  3  25.9 0.02770 0.02773 0.05028   2402      47774.7 0.0204
2  3  25.9 0.02790 0.02793 0.05498   2224      40452.0 0.0212
2  3  25.9 0.02810 0.02813 0.06155   2272      36911.5 0.0210
2  3  25.9 0.02830 0.02832 0.06964   2252      32338.4 0.0211
2  3  25.9 0.02850 0.02852 0.08087   2302      28466.0 0.0208
2  3  25.9 0.02870 0.02871 0.08958   2238      24984.4 0.0211
2  3  25.9 0.02890 0.02891 0.11140   2320      20825.5 0.0208
2  3  25.9 0.02910 0.02910 0.12364   2246      18165.0 0.0211
2  3  25.9 0.02930 0.02930 0.14753   2298      15576.4 0.0209
2  3  25.9 0.02950 0.02949 0.16293   2234      13711.5 0.0212
2  3  25.9 0.02970 0.02969 0.18451   2272      12313.4 0.0210
2  3  25.9 0.02990 0.02988 0.20098   2240      11145.6 0.0211
2  3  25.9 0.03010 0.03008 0.22204   2334      10511.8 0.0207
2  3  25.9 0.03030 0.03027 0.23331   2264       9703.7 0.0210
2  3  25.9 0.03050 0.03047 0.25964   2420       9320.6 0.0203
2  3  25.9 0.03070 0.03066 0.25964   2300       8858.4 0.0209
2  3  25.9 0.03090 0.03086 0.26342   2238       8495.9 0.0211
2  3  25.9 0.03110 0.03105 0.27697   2222       8022.4 0.0212
2  3  25.9 0.03130 0.03135 0.29355   2266       7719.3 0.0210
2  3  25.9 0.03150 0.03154 0.30413   2242       7371.7 0.0211
2  3  25.9 0.03170 0.03174 0.31114   2312       7430.8 0.0208
2  3  25.9 0.03190 0.03193 0.31114   2264       7276.6 0.0210
2  3  25.9 0.03210 0.03213 0.32827   2224       6774.8 0.0212
2  3  25.9 0.03230 0.03232 0.33676   2228       6616.0 0.0212
2  3  25.9 0.03250 0.03252 0.35832   2430       6781.6 0.0203
2  3  25.9 0.03270 0.03271 0.36827   2384       6473.6 0.0205
2  3  25.9 0.03290 0.03291 0.37094   2306       6216.7 0.0208
2  3  25.9 0.03310 0.03311 0.37094   2236       6028.0 0.0211
2  3  25.9 0.03330 0.03330 0.39925   2258       5655.6 0.0210
2  3  25.9 0.03350 0.03350 0.42569   2270       5332.5 0.0210
2  3  25.9 0.03370 0.03369 0.42569   2254       5294.9 0.0211
2  3  25.9 0.03390 0.03389 0.45917   2356       5131.0 0.0206
2  3  25.9 0.03410 0.03408 0.45917   2250       4900.1 0.0211
2  3  25.9 0.03430 0.03428 0.51004   2386       4678.1 0.0205
2  3  25.9 0.03450 0.03447 0.53157   2246       4225.2 0.0211
2  3  25.9 0.03470 0.03467 0.55476   2280       4109.9 0.0209
2  3  25.9 0.03490 0.03486 0.57818   2238       3870.7 0.0211
2  3  25.9 0.03510 0.03506 0.62064   2266       3651.1 0.0210
2  3  25.9 0.03530 0.03525 0.66880   2324       3474.9 0.0207
2  3  25.9 0.03550 0.03555 0.76839   2272       2956.8 0.0210
2  3  25.9 0.03570 0.03574 0.84462   2296       2718.4 0.0209
2  3  25.9 0.03590 0.03594 0.92844   2358       2539.7 0.0206
2  3  25.9 0.03610 0.03613 1.00341   2378       2369.9 0.0205
2  3  25.9 0.03630 0.03633 1.11640   2360       2113.9 0.0206
2  3  25.9 0.03650 0.03652 1.21000   2204       1821.5 0.0213
2  3  25.9 0.03670 0.03672 1.21000   2026       1674.4 0.0222
2  3  25.9 0.03690 0.03691 1.21000   1850       1528.9 0.0232
2  3  25.9 0.03710 0.03711 1.21000   1632       1348.8 0.0248
2  3  25.9 0.03730 0.03730 1.21000   1382       1142.1 0.0269
2  3  25.9 0.03750 0.03750 1.21000   1326       1095.9 0.0275
2  3  25.9 0.03770 0.03770 1.21000   1234       1019.8 0.0285
2  3  25.9 0.03790 0.03789 1.21000   1152        952.1 0.0295
2  3  25.9 0.03810 0.03809 1.21000   1142        943.8 0.0296
2  3  25.9 0.03830 0.03828 1.21000   1072        886.0 0.0305
2  3  25.9 0.03850 0.03848 1.21000   1050        867.8 0.0309
2  3  25.9 0.03870 0.03867 1.21000    956        790.1 0.0323
2  3  25.9 0.03890 0.03887 1.21000    922        762.0 0.0329
2  3  25.9 0.03910 0.03906 1.21000    916        757.0 0.0330
2  3  25.9 0.03930 0.03926 1.21000    898        742.1 0.0334
2  3  25.9 0.03950 0.03945 1.21000    880        727.3 0.0337
2  3  25.9 0.03970 0.03975 1.21000    832        687.6 0.0347
2  3  25.9 0.03990 0.03994 1.21000    836        690.9 0.0346
