# Scan Time    : Fri, 18 Mar 2022 10:26:52 +0000 (GMT) +872528000 nsec
# Board Lane   : 6
# Board Loc    : BTOF - Southwest
# SiPM Biases  :  56.992  56.953  56.792  56.637
# SiPM Currents:   1.510   1.188   0.994   1.018
#
6 -1  26.2 0.00010 0.00010 1.21000      0          0.0 999.9990
6 -1  26.2 0.00030 0.00029 1.21000      0          0.0 999.9990
6 -1  26.2 0.00050 0.00049 1.21000      0          0.0 999.9990
6 -1  26.2 0.00070 0.00068 1.21000      0          0.0 999.9990
6 -1  26.2 0.00090 0.00088 1.21000      0          0.0 999.9990
6 -1  26.2 0.00110 0.00107 1.21000      0          0.0 999.9990
6 -1  26.2 0.00130 0.00127 1.21000      0          0.0 999.9990
6 -1  26.2 0.00150 0.00146 1.21000      2          1.7 0.7071
6 -1  26.2 0.00170 0.00166 1.21000      0          0.0 999.9990
6 -1  26.2 0.00190 0.00186 1.21000      2          1.7 0.7071
6 -1  26.2 0.00210 0.00215 1.21000      2          1.7 0.7071
6 -1  26.2 0.00230 0.00234 1.21000      4          3.3 0.5000
6 -1  26.2 0.00250 0.00254 1.21000      4          3.3 0.5000
6 -1  26.2 0.00270 0.00273 1.21000      2          1.7 0.7071
6 -1  26.2 0.00290 0.00293 1.21000      4          3.3 0.5000
6 -1  26.2 0.00310 0.00313 1.21000      4          3.3 0.5000
6 -1  26.2 0.00330 0.00332 1.21000      4          3.3 0.5000
6 -1  26.2 0.00350 0.00352 1.21000      8          6.6 0.3536
6 -1  26.2 0.00370 0.00371 1.21000     16         13.2 0.2500
6 -1  26.2 0.00390 0.00391 1.21000     12          9.9 0.2887
6 -1  26.2 0.00410 0.00410 1.21000     16         13.2 0.2500
6 -1  26.2 0.00430 0.00430 1.21000     12          9.9 0.2887
6 -1  26.2 0.00450 0.00449 1.21000     22         18.2 0.2132
6 -1  26.2 0.00470 0.00469 1.21000     20         16.5 0.2236
6 -1  26.2 0.00490 0.00488 1.21000     22         18.2 0.2132
6 -1  26.2 0.00510 0.00508 1.21000     22         18.2 0.2132
6 -1  26.2 0.00530 0.00527 1.21000     28         23.1 0.1890
6 -1  26.2 0.00550 0.00547 1.21000     18         14.9 0.2357
6 -1  26.2 0.00570 0.00566 1.21000     24         19.8 0.2041
6 -1  26.2 0.00590 0.00586 1.21000     36         29.8 0.1667
6 -1  26.2 0.00610 0.00605 1.21000     32         26.4 0.1768
6 -1  26.2 0.00630 0.00635 1.21000     40         33.1 0.1581
6 -1  26.2 0.00650 0.00654 1.21000     32         26.4 0.1768
6 -1  26.2 0.00670 0.00674 1.21000     40         33.1 0.1581
6 -1  26.2 0.00690 0.00693 1.21000     48         39.7 0.1443
6 -1  26.2 0.00710 0.00713 1.21000     48         39.7 0.1443
6 -1  26.2 0.00730 0.00732 1.21000     72         59.5 0.1179
6 -1  26.2 0.00750 0.00752 1.21000     80         66.1 0.1118
6 -1  26.2 0.00770 0.00771 1.21000    140        115.7 0.0845
6 -1  26.2 0.00790 0.00791 1.21000    282        233.1 0.0595
6 -1  26.2 0.00810 0.00811 1.21000    748        618.2 0.0366
6 -1  26.2 0.00830 0.00830 1.21000   1942       1605.0 0.0227
6 -1  26.2 0.00850 0.00850 1.21000   4822       3985.1 0.0144
6 -1  26.2 0.00870 0.00869 1.21000  10682       8828.1 0.0097
6 -1  26.2 0.00890 0.00889 1.21000  25914      21416.5 0.0062
6 -1  26.2 0.00910 0.00908 1.21000  59714      49350.4 0.0041
6 -1  26.2 0.00930 0.00928 0.66914  72338     108105.1 0.0037
6 -1  26.3 0.00950 0.00947 0.32178  71200     221270.5 0.0037
6 -1  26.3 0.00970 0.00967 0.15823  71768     453578.3 0.0037
6 -1  26.3 0.00990 0.00986 0.08692  75976     874115.1 0.0036
6 -1  26.3 0.01010 0.01006 0.04775  74734    1565241.1 0.0037
6 -1  26.3 0.01030 0.01025 0.02870  72084    2511828.3 0.0037
6 -1  26.3 0.01050 0.01055 0.01576  74500    4725830.6 0.0037
6 -1  26.3 0.01070 0.01074 0.01114  72614    6516741.1 0.0037
6 -1  26.3 0.01090 0.01094 0.00885  72252    8166196.7 0.0037
6 -1  26.3 0.01110 0.01113 0.00755  72242    9574220.9 0.0037
6 -1  26.3 0.01130 0.01133 0.00676  71498   10581897.2 0.0037
6 -1  26.3 0.01150 0.01152 0.00676  77184   11423440.5 0.0036
6 -1  26.3 0.01170 0.01172 0.00601  72938   12142899.4 0.0037
6 -1  26.3 0.01190 0.01191 0.00601  75944   12643345.7 0.0036
6 -1  26.3 0.01210 0.01211 0.00601  78056   12994956.7 0.0036
6 -1  26.3 0.01230 0.01230 0.00601  79684   13265990.2 0.0035
6 -1  26.3 0.01250 0.01250 0.00537  71904   13399599.3 0.0037
6 -1  26.3 0.01270 0.01270 0.00537  72506   13511784.4 0.0037
6 -1  26.3 0.01290 0.01289 0.00537  72896   13584462.5 0.0037
6 -1  26.3 0.01310 0.01309 0.00537  72928   13590425.8 0.0037
6 -1  26.3 0.01330 0.01328 0.00537  72680   13544210.0 0.0037
6 -1  26.3 0.01350 0.01348 0.00537  71990   13415625.7 0.0037
6 -1  26.3 0.01370 0.01367 0.00537  70940   13219954.0 0.0038
6 -1  26.3 0.01390 0.01387 0.00537  69114   12879671.6 0.0038
6 -1  26.3 0.01410 0.01406 0.00537  66612   12413413.8 0.0039
6 -1  26.3 0.01430 0.01426 0.00537  63170   11771983.3 0.0040
6 -1  26.3 0.01450 0.01445 0.00537  58114   10829777.4 0.0041
6 -1  26.3 0.01470 0.01475 0.00537  48454    9029597.6 0.0045
6 -1  26.3 0.01490 0.01494 0.00537  42324    7887247.5 0.0049
6 -1  26.3 0.01510 0.01514 0.00537  36212    6748251.7 0.0053
6 -1  26.3 0.01530 0.01533 0.00537  31628    5894004.9 0.0056
6 -1  26.3 0.01550 0.01553 0.00537  27876    5194804.6 0.0060
6 -1  26.3 0.01570 0.01572 0.00537  25934    4832905.1 0.0062
6 -1  26.3 0.01590 0.01592 0.00537  24918    4643569.4 0.0063
6 -1  26.3 0.01610 0.01611 0.00537  24212    4512003.5 0.0064
6 -1  26.3 0.01630 0.01631 0.00537  23526    4384164.6 0.0065
6 -1  26.3 0.01650 0.01650 0.00537  23448    4369629.0 0.0065
6 -1  26.3 0.01670 0.01670 0.00537  23514    4381928.4 0.0065
6 -1  26.3 0.01690 0.01689 0.00537  23386    4358075.1 0.0065
6 -1  26.3 0.01710 0.01709 0.00537  23090    4302914.3 0.0066
6 -1  26.3 0.01730 0.01729 0.00537  23182    4320058.8 0.0066
6 -1  26.3 0.01750 0.01748 0.00537  23064    4298069.1 0.0066
6 -1  26.3 0.01770 0.01768 0.00537  23240    4330867.4 0.0066
6 -1  26.3 0.01790 0.01787 0.00537  23100    4304777.8 0.0066
6 -1  26.3 0.01810 0.01807 0.00537  23162    4316331.8 0.0066
6 -1  26.3 0.01830 0.01826 0.00537  22956    4277942.8 0.0066
6 -1  26.3 0.01850 0.01846 0.00537  22940    4274961.2 0.0066
6 -1  26.3 0.01870 0.01865 0.00537  22908    4268997.8 0.0066
6 -1  26.3 0.01890 0.01895 0.00537  22944    4275706.6 0.0066
6 -1  26.3 0.01910 0.01914 0.00537  22994    4285024.3 0.0066
6 -1  26.3 0.01930 0.01934 0.00537  22498    4192592.7 0.0067
6 -1  26.3 0.01950 0.01953 0.00537  22424    4178802.5 0.0067
6 -1  26.3 0.01970 0.01973 0.00537  21816    4065499.3 0.0068
6 -1  26.3 0.01990 0.01992 0.00537  21334    3975676.6 0.0068
6 -1  26.3 0.02010 0.02012 0.00537  20436    3808330.7 0.0070
6 -1  26.3 0.02030 0.02031 0.00537  19136    3566070.5 0.0072
6 -1  26.3 0.02050 0.02051 0.00537  17688    3296229.9 0.0075
6 -1  26.3 0.02070 0.02070 0.00537  16338    3044651.9 0.0078
6 -1  26.3 0.02090 0.02090 0.00537  14672    2734186.1 0.0083
6 -1  26.3 0.02110 0.02109 0.00537  13186    2457264.1 0.0087
6 -1  26.3 0.02130 0.02129 0.00537  11698    2179969.3 0.0092
6 -1  26.3 0.02150 0.02148 0.00537  10190    1898947.4 0.0099
6 -1  26.3 0.02170 0.02168 0.00537   8978    1673086.4 0.0106
6 -1  26.3 0.02190 0.02188 0.00537   8088    1507231.3 0.0111
6 -1  26.3 0.02210 0.02207 0.00537   7150    1332431.2 0.0118
6 -1  26.3 0.02230 0.02227 0.00537   6436    1199374.5 0.0125
6 -1  26.3 0.02250 0.02246 0.00537   5986    1115515.2 0.0129
6 -1  26.3 0.02270 0.02266 0.00537   5710    1064081.4 0.0132
6 -1  26.3 0.02290 0.02285 0.00537   5336     994385.0 0.0137
6 -1  26.3 0.02310 0.02314 0.00537   5036     938478.8 0.0141
6 -1  26.3 0.02330 0.02334 0.00537   4800     894499.3 0.0144
6 -1  26.3 0.02350 0.02354 0.00537   4812     896735.5 0.0144
6 -1  26.3 0.02370 0.02373 0.00537   4654     867291.6 0.0147
6 -1  26.3 0.02390 0.02393 0.00537   4432     825921.0 0.0150
6 -1  26.3 0.02410 0.02412 0.00537   4314     803931.2 0.0152
6 -1  26.3 0.02430 0.02432 0.00537   4274     796477.1 0.0153
6 -1  26.3 0.02450 0.02451 0.00537   4110     765915.0 0.0156
6 -1  26.3 0.02470 0.02471 0.00537   4044     753615.6 0.0157
6 -1  26.3 0.02490 0.02490 0.00537   3980     741689.0 0.0159
6 -1  26.3 0.02510 0.02510 0.00537   4030     751006.7 0.0158
6 -1  26.3 0.02530 0.02529 0.00537   3910     728644.2 0.0160
6 -1  26.3 0.02550 0.02549 0.00537   3798     707772.6 0.0162
6 -1  26.3 0.02570 0.02568 0.00537   3540     659693.2 0.0168
6 -1  26.3 0.02590 0.02588 0.00537   3520     655966.1 0.0169
6 -1  26.3 0.02610 0.02607 0.00537   3358     625776.8 0.0173
6 -1  26.3 0.02630 0.02627 0.00537   3248     605277.8 0.0175
6 -1  26.3 0.02650 0.02646 0.00537   3116     580679.1 0.0179
6 -1  26.3 0.02670 0.02666 0.00537   3044     567261.6 0.0181
6 -1  26.3 0.02690 0.02686 0.00537   2964     552353.3 0.0184
6 -1  26.3 0.02710 0.02715 0.00537   2696     502410.4 0.0193
6 -1  26.3 0.02730 0.02734 0.00537   2610     486384.0 0.0196
6 -1  26.3 0.02750 0.02754 0.00537   2392     445758.8 0.0204
6 -1  26.3 0.02770 0.02773 0.00542   2244     413661.6 0.0211
6 -1  26.3 0.02790 0.02793 0.00581   2254     388249.8 0.0211
6 -1  26.3 0.02810 0.02813 0.00639   2300     359800.9 0.0209
6 -1  26.3 0.02830 0.02832 0.00691   2264     327710.1 0.0210
6 -1  26.3 0.02850 0.02852 0.00766   2352     307046.7 0.0206
6 -1  26.3 0.02870 0.02871 0.00822   2234     271691.8 0.0212
6 -1  26.3 0.02890 0.02891 0.00915   2250     245806.0 0.0211
6 -1  26.3 0.02910 0.02910 0.01040   2266     217984.9 0.0210
6 -1  26.3 0.02930 0.02930 0.01141   2270     198936.9 0.0210
6 -1  26.3 0.02950 0.02949 0.01247   2280     182907.3 0.0209
6 -1  26.3 0.02970 0.02969 0.01370   2226     162480.2 0.0212
6 -1  26.3 0.02990 0.02988 0.01425   2352     165059.1 0.0206
6 -1  26.3 0.03010 0.03008 0.01541   2234     144924.5 0.0212
6 -1  26.3 0.03030 0.03027 0.01655   2264     136823.7 0.0210
6 -1  26.3 0.03050 0.03047 0.01764   2310     130933.4 0.0208
6 -1  26.3 0.03070 0.03066 0.01764   2272     128779.5 0.0210
6 -1  26.3 0.03090 0.03086 0.01931   2308     119507.9 0.0208
6 -1  26.3 0.03110 0.03105 0.01931   2252     116608.2 0.0211
6 -1  26.3 0.03130 0.03135 0.02083   2302     110527.1 0.0208
6 -1  26.3 0.03150 0.03154 0.02121   2262     106651.4 0.0210
6 -1  26.3 0.03170 0.03174 0.02280   2318     101678.9 0.0208
6 -1  26.3 0.03190 0.03193 0.02401   2364      98469.9 0.0206
6 -1  26.3 0.03210 0.03213 0.02401   2312      96303.9 0.0208
6 -1  26.3 0.03230 0.03232 0.02401   2276      94804.3 0.0210
6 -1  26.3 0.03250 0.03252 0.02574   2248      87340.2 0.0211
6 -1  26.3 0.03270 0.03271 0.02643   2226      84227.9 0.0212
6 -1  26.3 0.03290 0.03291 0.02662   2266      85124.1 0.0210
6 -1  26.3 0.03310 0.03311 0.02713   2242      82630.5 0.0211
6 -1  26.3 0.03330 0.03330 0.02998   2272      75793.8 0.0210
6 -1  26.3 0.03350 0.03350 0.02998   2244      74859.7 0.0211
6 -1  26.3 0.03370 0.03369 0.03092   2362      76384.8 0.0206
6 -1  26.3 0.03390 0.03389 0.03329   2298      69033.6 0.0209
6 -1  26.3 0.03410 0.03408 0.03450   2294      66494.4 0.0209
6 -1  26.3 0.03430 0.03428 0.03564   2242      62898.9 0.0211
6 -1  26.3 0.03450 0.03447 0.03626   2230      61492.3 0.0212
6 -1  26.3 0.03470 0.03467 0.04025   2334      57987.8 0.0207
6 -1  26.3 0.03490 0.03486 0.04025   2248      55851.2 0.0211
6 -1  26.3 0.03510 0.03506 0.04308   2248      52181.4 0.0211
6 -1  26.3 0.03530 0.03525 0.04585   2236      48772.6 0.0211
6 -1  26.3 0.03550 0.03555 0.05125   2284      44563.8 0.0209
6 -1  26.3 0.03570 0.03574 0.05632   2222      39453.4 0.0212
6 -1  26.3 0.03590 0.03594 0.06050   2318      38316.6 0.0208
6 -1  26.3 0.03610 0.03613 0.06475   2250      34748.7 0.0211
6 -1  26.3 0.03630 0.03633 0.07046   2222      31536.4 0.0212
6 -1  26.3 0.03650 0.03652 0.07899   2302      29142.9 0.0208
6 -1  26.3 0.03670 0.03672 0.07899   2262      28636.5 0.0210
6 -1  26.3 0.03690 0.03691 0.09376   2394      25533.7 0.0204
6 -1  26.3 0.03710 0.03711 0.09418   2224      23613.8 0.0212
6 -1  26.3 0.03730 0.03730 0.10218   2260      22116.9 0.0210
6 -1  26.3 0.03750 0.03750 0.11782   2316      19657.8 0.0208
6 -1  26.3 0.03770 0.03770 0.12052   2222      18436.5 0.0212
6 -1  26.3 0.03790 0.03789 0.13044   2312      17725.2 0.0208
6 -1  26.3 0.03810 0.03809 0.13428   2222      16547.7 0.0212
6 -1  26.3 0.03830 0.03828 0.13428   2224      16562.6 0.0212
6 -1  26.3 0.03850 0.03848 0.15348   2304      15011.7 0.0208
6 -1  26.3 0.03870 0.03867 0.15348   2310      15050.7 0.0208
6 -1  26.3 0.03890 0.03887 0.16418   2244      13667.5 0.0211
6 -1  26.3 0.03910 0.03906 0.17153   2236      13035.4 0.0211
6 -1  26.3 0.03930 0.03926 0.17153   2356      13735.0 0.0206
6 -1  26.3 0.03950 0.03945 0.17989   2238      12441.2 0.0211
6 -1  26.3 0.03970 0.03975 0.19224   2308      12005.8 0.0208
6 -1  26.3 0.03990 0.03994 0.19224   2226      11579.2 0.0212
6  0  26.3 0.00010 0.00010 1.21000    216        178.5 0.0680
6  0  26.3 0.00030 0.00029 1.21000      4          3.3 0.5000
6  0  26.3 0.00050 0.00049 1.21000      8          6.6 0.3536
6  0  26.3 0.00070 0.00068 1.21000      6          5.0 0.4082
6  0  26.3 0.00090 0.00088 1.21000      4          3.3 0.5000
6  0  26.3 0.00110 0.00107 1.21000     12          9.9 0.2887
6  0  26.3 0.00130 0.00127 1.21000     10          8.3 0.3162
6  0  26.3 0.00150 0.00146 1.21000      4          3.3 0.5000
6  0  26.3 0.00170 0.00166 1.21000     12          9.9 0.2887
6  0  26.3 0.00190 0.00186 1.21000      8          6.6 0.3536
6  0  26.3 0.00210 0.00215 1.21000      6          5.0 0.4082
6  0  26.3 0.00230 0.00234 1.21000      8          6.6 0.3536
6  0  26.3 0.00250 0.00254 1.21000     10          8.3 0.3162
6  0  26.3 0.00270 0.00273 1.21000     10          8.3 0.3162
6  0  26.3 0.00290 0.00293 1.21000     12          9.9 0.2887
6  0  26.3 0.00310 0.00313 1.21000     14         11.6 0.2673
6  0  26.3 0.00330 0.00332 1.21000      8          6.6 0.3536
6  0  26.3 0.00350 0.00352 1.21000     10          8.3 0.3162
6  0  26.3 0.00370 0.00371 1.21000     12          9.9 0.2887
6  0  26.3 0.00390 0.00391 1.21000     16         13.2 0.2500
6  0  26.3 0.00410 0.00410 1.21000     18         14.9 0.2357
6  0  26.3 0.00430 0.00430 1.21000     16         13.2 0.2500
6  0  26.3 0.00450 0.00449 1.21000     24         19.8 0.2041
6  0  26.3 0.00470 0.00469 1.21000     10          8.3 0.3162
6  0  26.3 0.00490 0.00488 1.21000     14         11.6 0.2673
6  0  26.3 0.00510 0.00508 1.21000     28         23.1 0.1890
6  0  26.3 0.00530 0.00527 1.21000     34         28.1 0.1715
6  0  26.3 0.00550 0.00547 1.21000     32         26.4 0.1768
6  0  26.3 0.00570 0.00566 1.21000     28         23.1 0.1890
6  0  26.3 0.00590 0.00586 1.21000     38         31.4 0.1622
6  0  26.3 0.00610 0.00605 1.21000     36         29.8 0.1667
6  0  26.3 0.00630 0.00635 1.21000     40         33.1 0.1581
6  0  26.3 0.00650 0.00654 1.21000     56         46.3 0.1336
6  0  26.3 0.00670 0.00674 1.21000     34         28.1 0.1715
6  0  26.3 0.00690 0.00693 1.21000     42         34.7 0.1543
6  0  26.3 0.00710 0.00713 1.21000     50         41.3 0.1414
6  0  26.3 0.00730 0.00732 1.21000     66         54.5 0.1231
6  0  26.3 0.00750 0.00752 1.21000     94         77.7 0.1031
6  0  26.3 0.00770 0.00771 1.21000    158        130.6 0.0796
6  0  26.3 0.00790 0.00791 1.21000    316        261.2 0.0563
6  0  26.3 0.00810 0.00811 1.21000    758        626.4 0.0363
6  0  26.3 0.00830 0.00830 1.21000   1788       1477.7 0.0236
6  0  26.3 0.00850 0.00850 1.21000   4712       3894.2 0.0146
6  0  26.3 0.00870 0.00869 1.21000  10628       8783.5 0.0097
6  0  26.3 0.00890 0.00889 1.21000  24656      20376.9 0.0064
6  0  26.3 0.00910 0.00908 1.21000  57810      47776.9 0.0042
6  0  26.3 0.00930 0.00928 0.57365  71784     125134.9 0.0037
6  0  26.3 0.00950 0.00947 0.27997  71318     254734.4 0.0037
6  0  26.3 0.00970 0.00967 0.15379  76556     497781.2 0.0036
6  0  26.3 0.00990 0.00986 0.08448  75454     893125.1 0.0036
6  0  26.3 0.01010 0.01006 0.04936  72332    1465265.3 0.0037
6  0  26.3 0.01030 0.01025 0.03534  72476    2050602.2 0.0037
6  0  26.3 0.01050 0.01055 0.02375  72132    3037380.3 0.0037
6  0  26.3 0.01070 0.01074 0.02043  72198    3533932.0 0.0037
6  0  26.3 0.01090 0.01094 0.02043  79302    3881657.1 0.0036
6  0  26.3 0.01110 0.01113 0.01742  71546    4107478.1 0.0037
6  0  26.3 0.01130 0.01133 0.01742  74318    4266619.4 0.0037
6  0  26.3 0.01150 0.01152 0.01742  76132    4370761.7 0.0036
6  0  26.3 0.01170 0.01172 0.01742  77196    4431846.3 0.0036
6  0  26.3 0.01190 0.01191 0.01742  78020    4479152.4 0.0036
6  0  26.3 0.01210 0.01211 0.01742  78602    4512565.2 0.0036
6  0  26.3 0.01230 0.01230 0.01742  78952    4532658.8 0.0036
6  0  26.3 0.01250 0.01250 0.01742  79188    4546207.7 0.0036
6  0  26.3 0.01270 0.01270 0.01742  79294    4552293.1 0.0036
6  0  26.3 0.01290 0.01289 0.01742  79320    4553785.8 0.0036
6  0  26.3 0.01310 0.01309 0.01742  79212    4547585.5 0.0036
6  0  26.3 0.01330 0.01328 0.01742  78992    4534955.2 0.0036
6  0  26.3 0.01350 0.01348 0.01742  78620    4513598.6 0.0036
6  0  26.3 0.01370 0.01367 0.01742  78000    4478004.2 0.0036
6  0  26.3 0.01390 0.01387 0.01742  77122    4427598.0 0.0036
6  0  26.3 0.01410 0.01406 0.01742  75698    4345845.7 0.0036
6  0  26.3 0.01430 0.01426 0.01742  73580    4224250.6 0.0037
6  0  26.3 0.01450 0.01445 0.01742  70426    4043178.5 0.0038
6  0  26.3 0.01470 0.01475 0.01742  62878    3609845.5 0.0040
6  0  26.3 0.01490 0.01494 0.01742  56620    3250571.8 0.0042
6  0  26.3 0.01510 0.01514 0.01742  48332    2774755.1 0.0045
6  0  26.3 0.01530 0.01533 0.01742  40304    2313865.1 0.0050
6  0  26.3 0.01550 0.01553 0.01742  33758    1938057.3 0.0054
6  0  26.3 0.01570 0.01572 0.01742  28452    1633438.1 0.0059
6  0  26.3 0.01590 0.01592 0.01742  25472    1462355.4 0.0063
6  0  26.3 0.01610 0.01611 0.01742  23864    1370039.6 0.0065
6  0  26.3 0.01630 0.01631 0.01742  23896    1371876.8 0.0065
6  0  26.3 0.01650 0.01650 0.01742  22576    1296095.2 0.0067
6  0  26.3 0.01670 0.01670 0.01742  22886    1313892.4 0.0066
6  0  26.3 0.01690 0.01689 0.01742  22704    1303443.7 0.0066
6  0  26.3 0.01710 0.01709 0.01742  23376    1342023.4 0.0065
6  0  26.3 0.01730 0.01729 0.01742  22972    1318829.6 0.0066
6  0  26.3 0.01750 0.01748 0.01742  23250    1334789.7 0.0066
6  0  26.3 0.01770 0.01768 0.01742  21956    1260500.8 0.0067
6  0  26.3 0.01790 0.01787 0.01742  21836    1253611.5 0.0068
6  0  26.3 0.01810 0.01807 0.01742  21794    1251200.3 0.0068
6  0  26.3 0.01830 0.01826 0.01742  21956    1260500.8 0.0067
6  0  26.3 0.01850 0.01846 0.01742  22120    1269916.1 0.0067
6  0  26.3 0.01870 0.01865 0.01742  21936    1259352.6 0.0068
6  0  26.3 0.01890 0.01895 0.01742  22420    1287139.2 0.0067
6  0  26.3 0.01910 0.01914 0.01742  22574    1295980.3 0.0067
6  0  26.3 0.01930 0.01934 0.01742  21544    1236847.7 0.0068
6  0  26.3 0.01950 0.01953 0.01742  22216    1275427.5 0.0067
6  0  26.3 0.01970 0.01973 0.01742  21946    1259926.7 0.0068
6  0  26.3 0.01990 0.01992 0.01742  21110    1211931.7 0.0069
6  0  26.3 0.02010 0.02012 0.01742  20588    1181963.5 0.0070
6  0  26.3 0.02030 0.02031 0.01742  19882    1141431.8 0.0071
6  0  26.3 0.02050 0.02051 0.01742  18836    1081380.6 0.0073
6  0  26.3 0.02070 0.02070 0.01742  17706    1016507.0 0.0075
6  0  26.3 0.02090 0.02090 0.01742  15442     886530.0 0.0080
6  0  26.3 0.02110 0.02109 0.01742  13638     782961.8 0.0086
6  0  26.3 0.02130 0.02129 0.01742  11862     681001.1 0.0092
6  0  26.3 0.02150 0.02148 0.01742  10176     584207.3 0.0099
6  0  26.3 0.02170 0.02168 0.01742   8182     469731.2 0.0111
6  0  26.3 0.02190 0.02188 0.01742   7036     403938.9 0.0119
6  0  26.3 0.02210 0.02207 0.01742   5920     339869.0 0.0130
6  0  26.3 0.02230 0.02227 0.01742   4910     281884.6 0.0143
6  0  26.3 0.02250 0.02246 0.01742   4520     259494.6 0.0149
6  0  26.3 0.02270 0.02266 0.01742   4188     240434.4 0.0155
6  0  26.3 0.02290 0.02285 0.01742   3828     219766.7 0.0162
6  0  26.3 0.02310 0.02314 0.01742   3452     198180.4 0.0170
6  0  26.3 0.02330 0.02334 0.01742   3386     194391.3 0.0172
6  0  26.3 0.02350 0.02354 0.01742   3326     190946.7 0.0173
6  0  26.3 0.02370 0.02373 0.01742   3054     175331.1 0.0181
6  0  26.3 0.02390 0.02393 0.01742   3094     177627.5 0.0180
6  0  26.3 0.02410 0.02412 0.01742   3054     175331.1 0.0181
6  0  26.3 0.02430 0.02432 0.01742   2994     171886.5 0.0183
6  0  26.3 0.02450 0.02451 0.01742   2972     170623.4 0.0183
6  0  26.3 0.02470 0.02471 0.01742   2834     162700.8 0.0188
6  0  26.3 0.02490 0.02490 0.01742   2768     158911.7 0.0190
6  0  26.3 0.02510 0.02510 0.01742   2776     159371.0 0.0190
6  0  26.3 0.02530 0.02529 0.01742   2672     153400.3 0.0193
6  0  26.3 0.02550 0.02549 0.01742   2580     148118.6 0.0197
6  0  26.3 0.02570 0.02568 0.01742   2566     147314.9 0.0197
6  0  26.3 0.02590 0.02588 0.01742   2448     140540.4 0.0202
6  0  26.3 0.02610 0.02607 0.01742   2398     137669.9 0.0204
6  0  26.3 0.02630 0.02627 0.01742   2346     134684.6 0.0206
6  0  26.3 0.02650 0.02646 0.01742   2370     136062.4 0.0205
6  0  26.3 0.02670 0.02666 0.01787   2278     127501.6 0.0210
6  0  26.3 0.02690 0.02686 0.01787   2330     130412.1 0.0207
6  0  26.3 0.02710 0.02715 0.01954   2236     114449.4 0.0211
6  0  26.3 0.02730 0.02734 0.01954   2262     115780.2 0.0210
6  0  26.3 0.02750 0.02754 0.01954   2244     114858.9 0.0211
6  0  26.3 0.02770 0.02773 0.02144   2282     106424.0 0.0209
6  0  26.3 0.02790 0.02793 0.02275   2250      98887.0 0.0211
6  0  26.3 0.02810 0.02813 0.02474   2372      95892.5 0.0205
6  0  26.3 0.02830 0.02832 0.02716   2242      82560.4 0.0211
6  0  26.3 0.02850 0.02852 0.02921   2276      77928.2 0.0210
6  0  26.3 0.02870 0.02871 0.03436   2342      68167.2 0.0207
6  0  26.3 0.02890 0.02891 0.03832   2266      59128.1 0.0210
6  0  26.3 0.02910 0.02910 0.04362   2270      52035.0 0.0210
6  0  26.3 0.02930 0.02930 0.04876   2258      46309.1 0.0210
6  0  26.3 0.02950 0.02949 0.05754   2344      40734.0 0.0207
6  0  26.3 0.02970 0.02969 0.06625   2280      34415.0 0.0209
6  0  26.3 0.02990 0.02988 0.07265   2268      31219.1 0.0210
6  0  26.3 0.03010 0.03008 0.07724   2230      28872.5 0.0212
6  0  26.3 0.03030 0.03027 0.09155   2304      25166.9 0.0208
6  0  26.3 0.03050 0.03047 0.10253   2366      23076.0 0.0206
6  0  26.3 0.03070 0.03066 0.10253   2234      21788.6 0.0212
6  0  26.3 0.03090 0.03086 0.11191   2250      20106.3 0.0211
6  0  26.3 0.03110 0.03105 0.11417   2248      19690.7 0.0211
6  0  26.3 0.03130 0.03135 0.12391   2280      18400.6 0.0209
6  0  26.3 0.03150 0.03154 0.12391   2270      18319.9 0.0210
6  0  26.3 0.03170 0.03174 0.13391   2276      16996.1 0.0210
6  0  26.3 0.03190 0.03193 0.13391   2372      17713.0 0.0205
6  0  26.3 0.03210 0.03213 0.13391   2340      17474.0 0.0207
6  0  26.3 0.03230 0.03232 0.13391   2226      16622.7 0.0212
6  0  26.3 0.03250 0.03252 0.13391   2288      17085.7 0.0209
6  0  26.3 0.03270 0.03271 0.14657   2284      15583.4 0.0209
6  0  26.3 0.03290 0.03291 0.14657   2248      15337.8 0.0211
6  0  26.3 0.03310 0.03311 0.14657   2290      15624.4 0.0209
6  0  26.3 0.03330 0.03330 0.15702   2302      14660.1 0.0208
6  0  26.3 0.03350 0.03350 0.16458   2300      13975.0 0.0209
6  0  26.3 0.03370 0.03369 0.16547   2232      13488.6 0.0212
6  0  26.3 0.03390 0.03389 0.17592   2338      13289.8 0.0207
6  0  26.3 0.03410 0.03408 0.17592   2244      12755.5 0.0211
6  0  26.3 0.03430 0.03428 0.18144   2240      12345.4 0.0211
6  0  26.3 0.03450 0.03447 0.18561   2224      11982.2 0.0212
6  0  26.3 0.03470 0.03467 0.20346   2412      11855.0 0.0204
6  0  26.3 0.03490 0.03486 0.20346   2308      11343.8 0.0208
6  0  26.3 0.03510 0.03506 0.21947   2250      10251.8 0.0211
6  0  26.3 0.03530 0.03525 0.24140   2296       9511.1 0.0209
6  0  26.3 0.03550 0.03555 0.26021   2252       8654.5 0.0211
6  0  26.3 0.03570 0.03574 0.26021   2230       8570.0 0.0212
6  0  26.3 0.03590 0.03594 0.28149   2310       8206.2 0.0208
6  0  26.3 0.03610 0.03613 0.31231   2294       7345.2 0.0209
6  0  26.3 0.03630 0.03633 0.32983   2230       6761.1 0.0212
6  0  26.3 0.03650 0.03652 0.35970   2312       6427.7 0.0208
6  0  26.3 0.03670 0.03672 0.39410   2314       5871.5 0.0208
6  0  26.3 0.03690 0.03691 0.44724   2296       5133.7 0.0209
6  0  26.3 0.03710 0.03711 0.49788   2310       4639.7 0.0208
6  0  26.3 0.03730 0.03730 0.55167   2278       4129.3 0.0210
6  0  26.3 0.03750 0.03750 0.61599   2286       3711.1 0.0209
6  0  26.3 0.03770 0.03770 0.67759   2244       3311.8 0.0211
6  0  26.3 0.03790 0.03789 0.70487   2242       3180.7 0.0211
6  0  26.3 0.03810 0.03809 0.78331   2240       2859.7 0.0211
6  0  26.3 0.03830 0.03828 0.79694   2274       2853.4 0.0210
6  0  26.3 0.03850 0.03848 0.88806   2274       2560.6 0.0210
6  0  26.3 0.03870 0.03867 0.92991   2260       2430.3 0.0210
6  0  26.3 0.03890 0.03887 1.00794   2282       2264.0 0.0209
6  0  26.3 0.03910 0.03906 1.06245   2252       2119.6 0.0211
6  0  26.3 0.03930 0.03926 1.08889   2240       2057.1 0.0211
6  0  26.3 0.03950 0.03945 1.08889   2226       2044.3 0.0212
6  0  26.3 0.03970 0.03975 1.20734   2360       1954.7 0.0206
6  0  26.3 0.03990 0.03994 1.21000   2142       1770.2 0.0216
6  1  26.3 0.00010 0.00010 1.21000      2          1.7 0.7071
6  1  26.3 0.00030 0.00029 1.21000      2          1.7 0.7071
6  1  26.3 0.00050 0.00049 1.21000      2          1.7 0.7071
6  1  26.3 0.00070 0.00068 1.21000      2          1.7 0.7071
6  1  26.3 0.00090 0.00088 1.21000      2          1.7 0.7071
6  1  26.3 0.00110 0.00107 1.21000      2          1.7 0.7071
6  1  26.3 0.00130 0.00127 1.21000      0          0.0 999.9990
6  1  26.2 0.00150 0.00146 1.21000      4          3.3 0.5000
6  1  26.2 0.00170 0.00166 1.21000     10          8.3 0.3162
6  1  26.2 0.00190 0.00186 1.21000      8          6.6 0.3536
6  1  26.2 0.00210 0.00215 1.21000      4          3.3 0.5000
6  1  26.2 0.00230 0.00234 1.21000      2          1.7 0.7071
6  1  26.2 0.00250 0.00254 1.21000      2          1.7 0.7071
6  1  26.2 0.00270 0.00273 1.21000      4          3.3 0.5000
6  1  26.2 0.00290 0.00293 1.21000      4          3.3 0.5000
6  1  26.2 0.00310 0.00313 1.21000      8          6.6 0.3536
6  1  26.2 0.00330 0.00332 1.21000      6          5.0 0.4082
6  1  26.2 0.00350 0.00352 1.21000      4          3.3 0.5000
6  1  26.2 0.00370 0.00371 1.21000     14         11.6 0.2673
6  1  26.2 0.00390 0.00391 1.21000      8          6.6 0.3536
6  1  26.2 0.00410 0.00410 1.21000      4          3.3 0.5000
6  1  26.2 0.00430 0.00430 1.21000     10          8.3 0.3162
6  1  26.2 0.00450 0.00449 1.21000     12          9.9 0.2887
6  1  26.2 0.00470 0.00469 1.21000     14         11.6 0.2673
6  1  26.2 0.00490 0.00488 1.21000     12          9.9 0.2887
6  1  26.2 0.00510 0.00508 1.21000      8          6.6 0.3536
6  1  26.2 0.00530 0.00527 1.21000     14         11.6 0.2673
6  1  26.2 0.00550 0.00547 1.21000     14         11.6 0.2673
6  1  26.2 0.00570 0.00566 1.21000     16         13.2 0.2500
6  1  26.2 0.00590 0.00586 1.21000     18         14.9 0.2357
6  1  26.2 0.00610 0.00605 1.21000     14         11.6 0.2673
6  1  26.2 0.00630 0.00635 1.21000     14         11.6 0.2673
6  1  26.2 0.00650 0.00654 1.21000     24         19.8 0.2041
6  1  26.2 0.00670 0.00674 1.21000     28         23.1 0.1890
6  1  26.2 0.00690 0.00693 1.21000     36         29.8 0.1667
6  1  26.2 0.00710 0.00713 1.21000     38         31.4 0.1622
6  1  26.2 0.00730 0.00732 1.21000     30         24.8 0.1826
6  1  26.2 0.00750 0.00752 1.21000     66         54.5 0.1231
6  1  26.2 0.00770 0.00771 1.21000    120         99.2 0.0913
6  1  26.2 0.00790 0.00791 1.21000    262        216.5 0.0618
6  1  26.2 0.00810 0.00811 1.21000    684        565.3 0.0382
6  1  26.2 0.00830 0.00830 1.21000   1882       1555.4 0.0231
6  1  26.2 0.00850 0.00850 1.21000   4556       3765.3 0.0148
6  1  26.2 0.00870 0.00869 1.21000  10866       8980.2 0.0096
6  1  26.2 0.00890 0.00889 1.21000  25956      21451.2 0.0062
6  1  26.2 0.00910 0.00908 1.21000  59454      49135.5 0.0041
6  1  26.2 0.00930 0.00928 0.55525  72198     130027.1 0.0037
6  1  26.2 0.00950 0.00947 0.27384  72488     264713.8 0.0037
6  1  26.2 0.00970 0.00967 0.15042  76706     509930.0 0.0036
6  1  26.2 0.00990 0.00986 0.08263  75462     913230.3 0.0036
6  1  26.2 0.01010 0.01006 0.04879  72162    1478996.5 0.0037
6  1  26.2 0.01030 0.01025 0.03468  72236    2083040.9 0.0037
6  1  26.2 0.01050 0.01055 0.02349  71634    3049806.3 0.0037
6  1  26.2 0.01070 0.01074 0.02029  72250    3561276.5 0.0037
6  1  26.2 0.01090 0.01094 0.02029  79206    3904144.8 0.0036
6  1  26.2 0.01110 0.01113 0.01739  71854    4132935.6 0.0037
6  1  26.2 0.01130 0.01133 0.01739  74544    4287660.4 0.0037
6  1  26.2 0.01150 0.01152 0.01739  76264    4386592.2 0.0036
6  1  26.2 0.01170 0.01172 0.01739  77352    4449172.4 0.0036
6  1  26.2 0.01190 0.01191 0.01739  78148    4494957.1 0.0036
6  1  26.2 0.01210 0.01211 0.01739  78690    4526132.1 0.0036
6  1  26.2 0.01230 0.01230 0.01739  79046    4546608.7 0.0036
6  1  26.2 0.01250 0.01250 0.01739  79274    4559723.0 0.0036
6  1  26.2 0.01270 0.01270 0.01739  79360    4564669.5 0.0035
6  1  26.2 0.01290 0.01289 0.01739  79360    4564669.5 0.0035
6  1  26.2 0.01310 0.01309 0.01739  79242    4557882.4 0.0036
6  1  26.2 0.01330 0.01328 0.01739  79022    4545228.3 0.0036
6  1  26.2 0.01350 0.01348 0.01739  78628    4522566.0 0.0036
6  1  26.2 0.01370 0.01367 0.01739  77996    4486214.3 0.0036
6  1  26.2 0.01390 0.01387 0.01739  77052    4431916.8 0.0036
6  1  26.2 0.01410 0.01406 0.01739  75592    4347939.8 0.0036
6  1  26.2 0.01430 0.01426 0.01739  73346    4218753.2 0.0037
6  1  26.1 0.01450 0.01445 0.01739  70090    4031472.9 0.0038
6  1  26.1 0.01470 0.01475 0.01739  62306    3583748.7 0.0040
6  1  26.1 0.01490 0.01494 0.01739  55766    3207577.6 0.0042
6  1  26.1 0.01510 0.01514 0.01739  46818    2692902.0 0.0046
6  1  26.1 0.01530 0.01533 0.01739  38392    2208250.9 0.0051
6  1  26.1 0.01550 0.01553 0.01739  31388    1805391.2 0.0056
6  1  26.1 0.01570 0.01572 0.01739  26668    1533903.8 0.0061
6  1  26.1 0.01590 0.01592 0.01739  23324    1341561.9 0.0065
6  1  26.1 0.01610 0.01611 0.01739  21840    1256204.4 0.0068
6  1  26.1 0.01630 0.01631 0.01739  20982    1206853.5 0.0069
6  1  26.1 0.01650 0.01650 0.01739  20368    1171537.2 0.0070
6  1  26.1 0.01670 0.01670 0.01739  20348    1170386.8 0.0070
6  1  26.1 0.01690 0.01689 0.01739  20226    1163369.5 0.0070
6  1  26.1 0.01710 0.01709 0.01739  20140    1158422.9 0.0070
6  1  26.1 0.01730 0.01729 0.01739  20048    1153131.2 0.0071
6  1  26.1 0.01750 0.01748 0.01739  20224    1163254.5 0.0070
6  1  26.1 0.01770 0.01768 0.01739  19990    1149795.2 0.0071
6  1  26.1 0.01790 0.01787 0.01739  20174    1160378.6 0.0070
6  1  26.1 0.01810 0.01807 0.01739  20256    1165095.1 0.0070
6  1  26.1 0.01830 0.01826 0.01739  19984    1149450.1 0.0071
6  1  26.1 0.01850 0.01846 0.01739  20030    1152095.9 0.0071
6  1  26.1 0.01870 0.01865 0.01739  20074    1154626.7 0.0071
6  1  26.1 0.01890 0.01895 0.01739  20064    1154051.5 0.0071
6  1  26.1 0.01910 0.01914 0.01739  19882    1143583.2 0.0071
6  1  26.1 0.01930 0.01934 0.01739  19394    1115514.1 0.0072
6  1  26.1 0.01950 0.01953 0.01739  18998    1092736.8 0.0073
6  1  26.1 0.01970 0.01973 0.01739  18620    1070994.8 0.0073
6  1  26.1 0.01990 0.01992 0.01739  17638    1014511.6 0.0075
6  1  26.1 0.02010 0.02012 0.01739  16502     949170.6 0.0078
6  1  26.1 0.02030 0.02031 0.01739  15014     863583.0 0.0082
6  1  26.1 0.02050 0.02051 0.01739  13256     762465.5 0.0087
6  1  26.1 0.02070 0.02070 0.01739  11774     677223.0 0.0092
6  1  26.1 0.02090 0.02090 0.01739  10018     576220.5 0.0100
6  1  26.1 0.02110 0.02109 0.01739   8652     497650.2 0.0108
6  1  26.1 0.02130 0.02129 0.01739   7104     408611.5 0.0119
6  1  26.1 0.02150 0.02148 0.01739   6116     351783.3 0.0128
6  1  26.1 0.02170 0.02168 0.01739   5072     291733.9 0.0140
6  1  26.1 0.02190 0.02188 0.01739   4452     256072.4 0.0150
6  1  26.1 0.02210 0.02207 0.01739   3840     220871.1 0.0161
6  1  26.1 0.02230 0.02227 0.01739   3414     196368.2 0.0171
6  1  26.1 0.02250 0.02246 0.01739   3226     185554.7 0.0176
6  1  26.1 0.02270 0.02266 0.01739   3030     174281.1 0.0182
6  1  26.1 0.02290 0.02285 0.01739   2978     171290.1 0.0183
6  1  26.1 0.02310 0.02314 0.01739   2760     158751.1 0.0190
6  1  26.1 0.02330 0.02334 0.01739   2630     151273.7 0.0195
6  1  26.1 0.02350 0.02354 0.01739   2706     155645.1 0.0192
6  1  26.1 0.02370 0.02373 0.01739   2636     151618.8 0.0195
6  1  26.1 0.02390 0.02393 0.01739   2652     152539.1 0.0194
6  1  26.1 0.02410 0.02412 0.01739   2606     149893.3 0.0196
6  1  26.1 0.02430 0.02432 0.01739   2554     146902.3 0.0198
6  1  26.1 0.02450 0.02451 0.01739   2388     137354.2 0.0205
6  1  26.1 0.02470 0.02471 0.01739   2434     140000.1 0.0203
6  1  26.1 0.02490 0.02490 0.01739   2446     140690.3 0.0202
6  1  26.1 0.02510 0.02510 0.01739   2370     136318.9 0.0205
6  1  26.1 0.02530 0.02529 0.01739   2344     134823.4 0.0207
6  1  26.1 0.02550 0.02549 0.01739   2244     129071.6 0.0211
6  1  26.1 0.02570 0.02568 0.01739   2256     129761.8 0.0211
6  1  26.1 0.02590 0.02588 0.01769   2276     128673.3 0.0210
6  1  26.1 0.02610 0.02607 0.01844   2280     123617.3 0.0209
6  1  26.1 0.02630 0.02627 0.01963   2296     116977.6 0.0209
6  1  26.1 0.02650 0.02646 0.02037   2258     110833.4 0.0210
6  1  26.1 0.02670 0.02666 0.02037   2238     109851.7 0.0211
6  1  26.1 0.02690 0.02686 0.02246   2248     100089.2 0.0211
6  1  26.1 0.02710 0.02715 0.02376   2260      95098.7 0.0210
6  1  26.1 0.02730 0.02734 0.02576   2316      89911.4 0.0208
6  1  26.1 0.02750 0.02754 0.02920   2274      77871.5 0.0210
6  1  26.1 0.02770 0.02773 0.03261   2274      69740.9 0.0210
6  1  26.1 0.02790 0.02793 0.03512   2256      64229.0 0.0211
6  1  26.1 0.02810 0.02813 0.03988   2230      55919.2 0.0212
6  1  26.1 0.02830 0.02832 0.04439   2238      50411.8 0.0211
6  1  26.1 0.02850 0.02852 0.05352   2238      41817.7 0.0211
6  1  26.1 0.02870 0.02871 0.05956   2288      38415.0 0.0209
6  1  26.1 0.02890 0.02891 0.06745   2226      33000.8 0.0212
6  1  26.1 0.02910 0.02910 0.07957   2344      29459.2 0.0207
6  1  26.1 0.02930 0.02930 0.08689   2244      25824.6 0.0211
6  1  26.1 0.02950 0.02949 0.09751   2364      24242.6 0.0206
6  1  26.1 0.02970 0.02969 0.09751   2256      23135.0 0.0211
6  1  26.1 0.02990 0.02988 0.10846   2258      20818.6 0.0210
6  1  26.1 0.03010 0.03008 0.11465   2240      19537.3 0.0211
6  1  26.1 0.03030 0.03027 0.11994   2342      19526.0 0.0207
6  1  26.1 0.03050 0.03047 0.12438   2254      18121.8 0.0211
6  1  26.1 0.03070 0.03066 0.12793   2276      17791.2 0.0210
6  1  26.1 0.03090 0.03086 0.12793   2226      17400.4 0.0212
6  1  26.1 0.03110 0.03105 0.12897   2226      17259.4 0.0212
6  1  26.0 0.03130 0.03135 0.13831   2244      16224.4 0.0211
6  1  26.0 0.03150 0.03154 0.14189   2270      15998.8 0.0210
6  1  26.0 0.03170 0.03174 0.14189   2286      16111.6 0.0209
6  1  26.0 0.03190 0.03193 0.14999   2250      15001.4 0.0211
6  1  26.0 0.03210 0.03213 0.14999   2292      15281.4 0.0209
6  1  26.0 0.03230 0.03232 0.15866   2222      14004.7 0.0212
6  1  26.0 0.03250 0.03252 0.15866   2270      14307.2 0.0210
6  1  26.0 0.03270 0.03271 0.16187   2284      14110.4 0.0209
6  1  26.0 0.03290 0.03291 0.16542   2284      13807.2 0.0209
6  1  26.0 0.03310 0.03311 0.17740   2314      13044.2 0.0208
6  1  26.0 0.03330 0.03330 0.17740   2298      12954.1 0.0209
6  1  26.0 0.03350 0.03350 0.18419   2330      12649.7 0.0207
6  1  26.0 0.03370 0.03369 0.19017   2258      11873.9 0.0210
6  1  26.0 0.03390 0.03389 0.19708   2270      11518.0 0.0210
6  1  26.0 0.03410 0.03408 0.21013   2240      10659.8 0.0211
6  1  26.0 0.03430 0.03428 0.22367   2274      10166.9 0.0210
6  1  26.0 0.03450 0.03447 0.22549   2234       9907.3 0.0212
6  1  26.0 0.03470 0.03467 0.24521   2272       9265.7 0.0210
6  1  26.0 0.03490 0.03486 0.25580   2228       8710.0 0.0212
6  1  26.0 0.03510 0.03506 0.29572   2338       7906.0 0.0207
6  1  26.0 0.03530 0.03525 0.31565   2314       7330.9 0.0208
6  1  26.0 0.03550 0.03555 0.35495   2260       6367.1 0.0210
6  1  26.0 0.03570 0.03574 0.41467   2376       5729.9 0.0205
6  1  26.0 0.03590 0.03594 0.47335   2428       5129.5 0.0203
6  1  26.0 0.03610 0.03613 0.51276   2260       4407.5 0.0210
6  1  26.0 0.03630 0.03633 0.57543   2244       3899.7 0.0211
6  1  26.0 0.03650 0.03652 0.63257   2240       3541.1 0.0211
6  1  26.0 0.03670 0.03672 0.68833   2270       3297.8 0.0210
6  1  26.0 0.03690 0.03691 0.75196   2228       2962.9 0.0212
6  1  26.0 0.03710 0.03711 0.82633   2256       2730.1 0.0211
6  1  26.0 0.03730 0.03730 0.87268   2308       2644.7 0.0208
6  1  26.0 0.03750 0.03750 0.90442   2394       2647.0 0.0204
6  1  26.0 0.03770 0.03770 0.93534   2314       2474.0 0.0208
6  1  26.0 0.03790 0.03789 0.93534   2266       2422.7 0.0210
6  1  26.0 0.03810 0.03809 1.00600   2248       2234.6 0.0211
6  1  26.0 0.03830 0.03828 1.04430   2278       2181.4 0.0210
6  1  26.0 0.03850 0.03848 1.05859   2272       2146.3 0.0210
6  1  26.0 0.03870 0.03867 1.06337   2264       2129.1 0.0210
6  1  25.9 0.03890 0.03887 1.11790   2288       2046.7 0.0209
6  1  25.9 0.03910 0.03906 1.15295   2272       1970.6 0.0210
6  1  25.9 0.03930 0.03926 1.15295   2224       1929.0 0.0212
6  1  25.9 0.03950 0.03945 1.20956   2236       1848.6 0.0211
6  1  25.9 0.03970 0.03975 1.21000   2152       1778.5 0.0216
6  1  25.9 0.03990 0.03994 1.21000   2178       1800.0 0.0214
6  2  25.9 0.00010 0.00010 1.21000     18         14.9 0.2357
6  2  25.9 0.00030 0.00029 1.21000     18         14.9 0.2357
6  2  25.9 0.00050 0.00049 1.21000     26         21.5 0.1961
6  2  25.9 0.00070 0.00068 1.21000     28         23.1 0.1890
6  2  25.9 0.00090 0.00088 1.21000     24         19.8 0.2041
6  2  25.9 0.00110 0.00107 1.21000     28         23.1 0.1890
6  2  25.9 0.00130 0.00127 1.21000     30         24.8 0.1826
6  2  25.9 0.00150 0.00146 1.21000     30         24.8 0.1826
6  2  25.9 0.00170 0.00166 1.21000     30         24.8 0.1826
6  2  25.9 0.00190 0.00186 1.21000     32         26.4 0.1768
6  2  25.9 0.00210 0.00215 1.21000     28         23.1 0.1890
6  2  25.9 0.00230 0.00234 1.21000     38         31.4 0.1622
6  2  25.9 0.00250 0.00254 1.21000     30         24.8 0.1826
6  2  25.9 0.00270 0.00273 1.21000     34         28.1 0.1715
6  2  25.9 0.00290 0.00293 1.21000     42         34.7 0.1543
6  2  25.9 0.00310 0.00313 1.21000     36         29.8 0.1667
6  2  25.9 0.00330 0.00332 1.21000     36         29.8 0.1667
6  2  25.9 0.00350 0.00352 1.21000     20         16.5 0.2236
6  2  25.9 0.00370 0.00371 1.21000     46         38.0 0.1474
6  2  25.9 0.00390 0.00391 1.21000     42         34.7 0.1543
6  2  25.9 0.00410 0.00410 1.21000     52         43.0 0.1387
6  2  25.9 0.00430 0.00430 1.21000     60         49.6 0.1291
6  2  25.8 0.00450 0.00449 1.21000     36         29.8 0.1667
6  2  25.8 0.00470 0.00469 1.21000     44         36.4 0.1508
6  2  25.8 0.00490 0.00488 1.21000     56         46.3 0.1336
6  2  25.8 0.00510 0.00508 1.21000     60         49.6 0.1291
6  2  25.8 0.00530 0.00527 1.21000     56         46.3 0.1336
6  2  25.8 0.00550 0.00547 1.21000     62         51.2 0.1270
6  2  25.8 0.00570 0.00566 1.21000     84         69.4 0.1091
6  2  25.8 0.00590 0.00586 1.21000     56         46.3 0.1336
6  2  25.8 0.00610 0.00605 1.21000     70         57.9 0.1195
6  2  25.8 0.00630 0.00635 1.21000     84         69.4 0.1091
6  2  25.8 0.00650 0.00654 1.21000     70         57.9 0.1195
6  2  25.8 0.00670 0.00674 1.21000     86         71.1 0.1078
6  2  25.8 0.00690 0.00693 1.21000     88         72.7 0.1066
6  2  25.8 0.00710 0.00713 1.21000     94         77.7 0.1031
6  2  25.8 0.00730 0.00732 1.21000    120         99.2 0.0913
6  2  25.8 0.00750 0.00752 1.21000    122        100.8 0.0905
6  2  25.8 0.00770 0.00771 1.21000    224        185.1 0.0668
6  2  25.8 0.00790 0.00791 1.21000    422        348.8 0.0487
6  2  25.8 0.00810 0.00811 1.21000   1026        847.9 0.0312
6  2  25.8 0.00830 0.00830 1.21000   2514       2077.7 0.0199
6  2  25.8 0.00850 0.00850 1.21000   6180       5107.4 0.0127
6  2  25.8 0.00870 0.00869 1.21000  13522      11175.2 0.0086
6  2  25.8 0.00890 0.00889 1.21000  31650      26157.0 0.0056
6  2  25.8 0.00910 0.00908 1.21000  71540      59124.0 0.0037
6  2  25.7 0.00930 0.00928 0.46698  71744     153633.6 0.0037
6  2  25.7 0.00950 0.00947 0.25652  78460     305857.9 0.0036
6  2  25.7 0.00970 0.00967 0.12328  71686     581492.1 0.0037
6  2  25.7 0.00990 0.00986 0.07007  71798    1024620.6 0.0037
6  2  25.7 0.01010 0.01006 0.04449  71656    1610472.2 0.0037
6  2  25.7 0.01030 0.01025 0.03228  71972    2229601.5 0.0037
6  2  25.7 0.01050 0.01055 0.02269  72358    3188306.8 0.0037
6  2  25.7 0.01070 0.01074 0.01973  71478    3622923.4 0.0037
6  2  25.7 0.01090 0.01094 0.01973  77800    3943359.4 0.0036
6  2  25.7 0.01110 0.01113 0.01732  72486    4186029.6 0.0037
6  2  25.7 0.01130 0.01133 0.01732  74966    4329248.3 0.0037
6  2  25.7 0.01150 0.01152 0.01732  76616    4424535.0 0.0036
6  2  25.7 0.01170 0.01172 0.01732  77548    4478357.5 0.0036
6  2  25.7 0.01190 0.01191 0.01732  78304    4522016.1 0.0036
6  2  25.7 0.01210 0.01211 0.01732  78822    4551930.3 0.0036
6  2  25.7 0.01230 0.01230 0.01732  79138    4570179.2 0.0036
6  2  25.7 0.01250 0.01250 0.01732  79324    4580920.6 0.0036
6  2  25.7 0.01270 0.01270 0.01732  79396    4585078.5 0.0035
6  2  25.7 0.01290 0.01289 0.01732  79362    4583115.1 0.0035
6  2  25.7 0.01310 0.01309 0.01732  79234    4575723.1 0.0036
6  2  25.7 0.01330 0.01328 0.01732  78958    4559784.3 0.0036
6  2  25.7 0.01350 0.01348 0.01732  78520    4534490.0 0.0036
6  2  25.7 0.01370 0.01367 0.01732  77842    4495335.8 0.0036
6  2  25.7 0.01390 0.01387 0.01732  76782    4434121.4 0.0036
6  2  25.7 0.01410 0.01406 0.01732  75184    4341837.7 0.0036
6  2  25.7 0.01430 0.01426 0.01732  72742    4200813.4 0.0037
6  2  25.7 0.01450 0.01445 0.01732  69088    3989796.8 0.0038
6  2  25.7 0.01470 0.01475 0.01732  60558    3497193.6 0.0041
6  2  25.7 0.01490 0.01494 0.01732  53302    3078163.3 0.0043
6  2  25.7 0.01510 0.01514 0.01732  44204    2552758.5 0.0048
6  2  25.7 0.01530 0.01533 0.01732  34986    2020423.7 0.0053
6  2  25.7 0.01550 0.01553 0.01732  27732    1601508.9 0.0060
6  2  25.7 0.01570 0.01572 0.01732  22630    1306871.0 0.0066
6  2  25.7 0.01590 0.01592 0.01732  19536    1128194.0 0.0072
6  2  25.7 0.01610 0.01611 0.01732  18014    1040299.3 0.0075
6  2  25.7 0.01630 0.01631 0.01732  17138     989710.8 0.0076
6  2  25.7 0.01650 0.01650 0.01732  16670     962684.0 0.0077
6  2  25.7 0.01670 0.01670 0.01732  16474     951365.1 0.0078
6  2  25.7 0.01690 0.01689 0.01732  16352     944319.7 0.0078
6  2  25.7 0.01710 0.01709 0.01732  16290     940739.2 0.0078
6  2  25.7 0.01730 0.01729 0.01732  16436     949170.6 0.0078
6  2  25.7 0.01750 0.01748 0.01732  16108     930228.8 0.0079
6  2  25.7 0.01770 0.01768 0.01732  16444     949632.6 0.0078
6  2  25.7 0.01790 0.01787 0.01732  16492     952404.6 0.0078
6  2  25.7 0.01810 0.01807 0.01732  16394     946745.1 0.0078
6  2  25.7 0.01830 0.01826 0.01732  16298     941201.2 0.0078
6  2  25.7 0.01850 0.01846 0.01732  16436     949170.6 0.0078
6  2  25.7 0.01870 0.01865 0.01732  16134     931730.3 0.0079
6  2  25.7 0.01890 0.01895 0.01732  16258     938891.2 0.0078
6  2  25.7 0.01910 0.01914 0.01732  16306     941663.2 0.0078
6  2  25.7 0.01930 0.01934 0.01732  16236     937620.7 0.0078
6  2  25.7 0.01950 0.01953 0.01732  16100     929766.8 0.0079
6  2  25.7 0.01970 0.01973 0.01732  15580     899737.1 0.0080
6  2  25.7 0.01990 0.01992 0.01732  15112     872710.3 0.0081
6  2  25.7 0.02010 0.02012 0.01732  14448     834364.6 0.0083
6  2  25.7 0.02030 0.02031 0.01732  13734     793131.5 0.0085
6  2  25.7 0.02050 0.02051 0.01732  12626     729145.1 0.0089
6  2  25.7 0.02070 0.02070 0.01732  11136     643098.3 0.0095
6  2  25.7 0.02090 0.02090 0.01732   9762     563750.5 0.0101
6  2  25.7 0.02110 0.02109 0.01732   8606     496992.1 0.0108
6  2  25.7 0.02130 0.02129 0.01732   7084     409097.4 0.0119
6  2  25.7 0.02150 0.02148 0.01732   5916     341646.0 0.0130
6  2  25.7 0.02170 0.02168 0.01732   4902     283088.0 0.0143
6  2  25.7 0.02190 0.02188 0.01732   4170     240815.4 0.0155
6  2  25.7 0.02210 0.02207 0.01732   3434     198311.8 0.0171
6  2  25.7 0.02230 0.02227 0.01732   3072     177406.4 0.0180
6  2  25.7 0.02250 0.02246 0.01732   2776     160312.6 0.0190
6  2  25.7 0.02270 0.02266 0.01732   2414     139407.3 0.0204
6  2  25.7 0.02290 0.02285 0.01732   2422     139869.3 0.0203
6  2  25.6 0.02310 0.02314 0.01732   2236     129127.9 0.0211
6  2  25.6 0.02330 0.02334 0.01788   2270     126961.6 0.0210
6  2  25.6 0.02350 0.02354 0.01918   2312     120540.8 0.0208
6  2  25.6 0.02370 0.02373 0.01918   2258     117725.4 0.0210
6  2  25.6 0.02390 0.02393 0.01918   2280     118872.4 0.0209
6  2  25.6 0.02410 0.02412 0.01918   2234     116474.1 0.0212
6  2  25.6 0.02430 0.02432 0.02011   2298     114265.2 0.0209
6  2  25.6 0.02450 0.02451 0.02011   2262     112475.2 0.0210
6  2  25.6 0.02470 0.02471 0.02011   2262     112475.2 0.0210
6  2  25.6 0.02490 0.02490 0.02046   2230     108987.7 0.0212
6  2  25.6 0.02510 0.02510 0.02095   2252     107502.2 0.0211
6  2  25.6 0.02530 0.02529 0.02125   2296     108024.2 0.0209
6  2  25.6 0.02550 0.02549 0.02125   2226     104730.7 0.0212
6  2  25.6 0.02570 0.02568 0.02260   2250      99564.4 0.0211
6  2  25.6 0.02590 0.02588 0.02260   2238      99033.4 0.0211
6  2  25.6 0.02610 0.02607 0.02308   2302      99756.6 0.0208
6  2  25.6 0.02630 0.02627 0.02383   2250      94431.6 0.0211
6  2  25.6 0.02650 0.02646 0.02440   2286      93697.2 0.0209
6  2  25.6 0.02670 0.02666 0.02529   2250      88984.4 0.0211
6  2  25.6 0.02690 0.02686 0.02580   2256      87454.9 0.0211
6  2  25.6 0.02710 0.02715 0.02702   2234      82679.5 0.0212
6  2  25.6 0.02730 0.02734 0.02906   2322      79912.0 0.0208
6  2  25.6 0.02750 0.02754 0.03101   2278      73450.4 0.0210
6  2  25.6 0.02770 0.02773 0.03313   2270      68525.4 0.0210
6  2  25.6 0.02790 0.02793 0.03566   2234      62643.3 0.0212
6  2  25.6 0.02810 0.02813 0.03873   2228      57526.5 0.0212
6  2  25.6 0.02830 0.02832 0.04519   2336      51696.3 0.0207
6  2  25.6 0.02850 0.02852 0.05106   2268      44416.9 0.0210
6  2  25.6 0.02870 0.02871 0.05753   2292      39836.7 0.0209
6  2  25.6 0.02890 0.02891 0.06529   2264      34674.8 0.0210
6  2  25.6 0.02910 0.02910 0.07506   2256      30054.6 0.0211
6  2  25.6 0.02930 0.02930 0.08744   2304      26348.0 0.0208
6  2  25.6 0.02950 0.02949 0.10184   2354      23115.6 0.0206
6  2  25.6 0.02970 0.02969 0.11325   2314      20432.2 0.0208
6  2  25.6 0.02990 0.02988 0.12133   2228      18362.5 0.0212
6  2  25.6 0.03010 0.03008 0.13657   2246      16446.2 0.0211
6  2  25.6 0.03030 0.03027 0.14813   2276      15365.1 0.0210
6  2  25.6 0.03050 0.03047 0.14893   2262      15188.2 0.0210
6  2  25.6 0.03070 0.03066 0.15788   2224      14086.3 0.0212
6  2  25.6 0.03090 0.03086 0.16455   2300      13977.6 0.0209
6  2  25.6 0.03110 0.03105 0.16940   2288      13506.5 0.0209
6  2  25.6 0.03130 0.03135 0.17939   2298      12809.8 0.0209
6  2  25.6 0.03150 0.03154 0.18506   2336      12623.1 0.0207
6  2  25.6 0.03170 0.03174 0.18506   2246      12136.8 0.0211
6  2  25.6 0.03190 0.03193 0.18506   2248      12147.6 0.0211
6  2  25.6 0.03210 0.03213 0.18506   2230      12050.3 0.0212
6  2  25.6 0.03230 0.03232 0.19562   2270      11604.0 0.0210
6  2  25.6 0.03250 0.03252 0.20493   2282      11135.6 0.0209
6  2  25.6 0.03270 0.03271 0.20493   2298      11213.7 0.0209
6  2  25.6 0.03290 0.03291 0.21236   2228      10491.7 0.0212
6  2  25.6 0.03310 0.03311 0.21236   2300      10830.7 0.0209
6  2  25.6 0.03330 0.03330 0.21765   2252      10347.0 0.0211
6  2  25.6 0.03350 0.03350 0.21843   2226      10190.7 0.0212
6  2  25.6 0.03370 0.03369 0.24147   2370       9814.8 0.0205
6  2  25.6 0.03390 0.03389 0.24590   2330       9475.4 0.0207
6  2  25.6 0.03410 0.03408 0.25411   2376       9350.4 0.0205
6  2  25.6 0.03430 0.03428 0.25411   2248       8846.7 0.0211
6  2  25.6 0.03450 0.03447 0.26972   2240       8305.0 0.0211
6  2  25.6 0.03470 0.03467 0.28785   2324       8073.6 0.0207
6  2  25.6 0.03490 0.03486 0.30015   2276       7582.8 0.0210
6  2  25.6 0.03510 0.03506 0.31341   2298       7332.2 0.0209
6  2  25.6 0.03530 0.03525 0.33708   2262       6710.7 0.0210
6  2  25.6 0.03550 0.03555 0.36550   2264       6194.2 0.0210
6  2  25.6 0.03570 0.03574 0.39617   2280       5755.1 0.0209
6  2  25.6 0.03590 0.03594 0.44776   2270       5069.7 0.0210
6  2  25.6 0.03610 0.03613 0.47664   2302       4829.7 0.0208
6  2  25.6 0.03630 0.03633 0.53489   2224       4157.8 0.0212
6  2  25.6 0.03650 0.03652 0.60770   2276       3745.3 0.0210
6  2  25.5 0.03670 0.03672 0.68235   2236       3276.9 0.0211
6  2  25.5 0.03690 0.03691 0.74688   2304       3084.8 0.0208
6  2  25.5 0.03710 0.03711 0.82402   2268       2752.4 0.0210
6  2  25.5 0.03730 0.03730 0.90642   2244       2475.7 0.0211
6  2  25.5 0.03750 0.03750 1.00908   2304       2283.3 0.0208
6  2  25.5 0.03770 0.03770 1.03613   2224       2146.5 0.0212
6  2  25.5 0.03790 0.03789 1.15576   2234       1932.9 0.0212
6  2  25.5 0.03810 0.03809 1.21000   2122       1753.7 0.0217
6  2  25.5 0.03830 0.03828 1.21000   2006       1657.9 0.0223
6  2  25.5 0.03850 0.03848 1.21000   2024       1672.7 0.0222
6  2  25.5 0.03870 0.03867 1.21000   1962       1621.5 0.0226
6  2  25.5 0.03890 0.03887 1.21000   1898       1568.6 0.0230
6  2  25.5 0.03910 0.03906 1.21000   1770       1462.8 0.0238
6  2  25.5 0.03930 0.03926 1.21000   1766       1459.5 0.0238
6  2  25.5 0.03950 0.03945 1.21000   1744       1441.3 0.0239
6  2  25.5 0.03970 0.03975 1.21000   1688       1395.0 0.0243
6  2  25.5 0.03990 0.03994 1.21000   1692       1398.3 0.0243
6  3  25.5 0.00010 0.00010 1.21000      8          6.6 0.3536
6  3  25.5 0.00030 0.00029 1.21000     10          8.3 0.3162
6  3  25.5 0.00050 0.00049 1.21000      8          6.6 0.3536
6  3  25.5 0.00070 0.00068 1.21000     10          8.3 0.3162
6  3  25.5 0.00090 0.00088 1.21000     12          9.9 0.2887
6  3  25.5 0.00110 0.00107 1.21000     14         11.6 0.2673
6  3  25.5 0.00130 0.00127 1.21000     12          9.9 0.2887
6  3  25.5 0.00150 0.00146 1.21000     14         11.6 0.2673
6  3  25.5 0.00170 0.00166 1.21000      8          6.6 0.3536
6  3  25.5 0.00190 0.00186 1.21000     12          9.9 0.2887
6  3  25.5 0.00210 0.00215 1.21000     12          9.9 0.2887
6  3  25.5 0.00230 0.00234 1.21000     10          8.3 0.3162
6  3  25.5 0.00250 0.00254 1.21000     20         16.5 0.2236
6  3  25.5 0.00270 0.00273 1.21000     18         14.9 0.2357
6  3  25.5 0.00290 0.00293 1.21000     18         14.9 0.2357
6  3  25.5 0.00310 0.00313 1.21000     16         13.2 0.2500
6  3  25.5 0.00330 0.00332 1.21000     12          9.9 0.2887
6  3  25.5 0.00350 0.00352 1.21000     20         16.5 0.2236
6  3  25.5 0.00370 0.00371 1.21000     18         14.9 0.2357
6  3  25.4 0.00390 0.00391 1.21000     32         26.4 0.1768
6  3  25.4 0.00410 0.00410 1.21000     20         16.5 0.2236
6  3  25.4 0.00430 0.00430 1.21000     24         19.8 0.2041
6  3  25.4 0.00450 0.00449 1.21000     20         16.5 0.2236
6  3  25.4 0.00470 0.00469 1.21000     36         29.8 0.1667
6  3  25.4 0.00490 0.00488 1.21000     24         19.8 0.2041
6  3  25.4 0.00510 0.00508 1.21000     38         31.4 0.1622
6  3  25.4 0.00530 0.00527 1.21000     34         28.1 0.1715
6  3  25.4 0.00550 0.00547 1.21000     38         31.4 0.1622
6  3  25.4 0.00570 0.00566 1.21000     54         44.6 0.1361
6  3  25.4 0.00590 0.00586 1.21000     48         39.7 0.1443
6  3  25.4 0.00610 0.00605 1.21000     54         44.6 0.1361
6  3  25.4 0.00630 0.00635 1.21000     52         43.0 0.1387
6  3  25.4 0.00650 0.00654 1.21000     50         41.3 0.1414
6  3  25.4 0.00670 0.00674 1.21000     56         46.3 0.1336
6  3  25.4 0.00690 0.00693 1.21000     64         52.9 0.1250
6  3  25.4 0.00710 0.00713 1.21000     60         49.6 0.1291
6  3  25.4 0.00730 0.00732 1.21000     72         59.5 0.1179
6  3  25.4 0.00750 0.00752 1.21000    108         89.3 0.0962
6  3  25.4 0.00770 0.00771 1.21000    186        153.7 0.0733
6  3  25.4 0.00790 0.00791 1.21000    382        315.7 0.0512
6  3  25.4 0.00810 0.00811 1.21000    886        732.2 0.0336
6  3  25.4 0.00830 0.00830 1.21000   2268       1874.4 0.0210
6  3  25.4 0.00850 0.00850 1.21000   5658       4676.0 0.0133
6  3  25.4 0.00870 0.00869 1.21000  12946      10699.2 0.0088
6  3  25.4 0.00890 0.00889 1.21000  30370      25099.2 0.0057
6  3  25.4 0.00910 0.00908 1.21000  70188      58006.6 0.0038
6  3  25.4 0.00930 0.00928 0.47466  71618     150882.6 0.0037
6  3  25.4 0.00950 0.00947 0.26074  78592     301415.8 0.0036
6  3  25.4 0.00970 0.00967 0.12396  71582     577446.0 0.0037
6  3  25.4 0.00990 0.00986 0.07048  72266    1025303.7 0.0037
6  3  25.4 0.01010 0.01006 0.04489  71918    1602258.5 0.0037
6  3  25.4 0.01030 0.01025 0.03261  71900    2204734.4 0.0037
6  3  25.4 0.01050 0.01055 0.02274  72256    3177427.8 0.0037
6  3  25.4 0.01070 0.01074 0.01983  72022    3632003.1 0.0037
6  3  25.4 0.01090 0.01094 0.01983  78588    3963120.5 0.0036
6  3  25.4 0.01110 0.01113 0.01723  71860    4171636.5 0.0037
6  3  25.4 0.01130 0.01133 0.01723  74324    4314677.3 0.0037
6  3  25.4 0.01150 0.01152 0.01723  75906    4406516.0 0.0036
6  3  25.4 0.01170 0.01172 0.01723  76870    4462478.4 0.0036
6  3  25.4 0.01190 0.01191 0.01723  77594    4504508.2 0.0036
6  3  25.4 0.01210 0.01211 0.01723  78098    4533766.6 0.0036
6  3  25.4 0.01230 0.01230 0.01723  78416    4552227.2 0.0036
6  3  25.4 0.01250 0.01250 0.01723  78582    4561863.9 0.0036
6  3  25.4 0.01270 0.01270 0.01723  78658    4566275.9 0.0036
6  3  25.4 0.01290 0.01289 0.01723  78632    4564766.5 0.0036
6  3  25.4 0.01310 0.01309 0.01723  78482    4556058.7 0.0036
6  3  25.4 0.01330 0.01328 0.01723  78224    4541081.2 0.0036
6  3  25.4 0.01350 0.01348 0.01723  77776    4515073.7 0.0036
6  3  25.4 0.01370 0.01367 0.01723  77098    4475714.3 0.0036
6  3  25.4 0.01390 0.01387 0.01723  76036    4414062.8 0.0036
6  3  25.4 0.01410 0.01406 0.01723  74468    4323036.8 0.0037
6  3  25.4 0.01430 0.01426 0.01723  72060    4183246.9 0.0037
6  3  25.4 0.01450 0.01445 0.01723  68286    3964157.7 0.0038
6  3  25.4 0.01470 0.01475 0.01723  59638    3462121.6 0.0041
6  3  25.4 0.01490 0.01494 0.01723  52514    3048557.2 0.0044
6  3  25.4 0.01510 0.01514 0.01723  43450    2522371.4 0.0048
6  3  25.4 0.01530 0.01533 0.01723  34260    1988870.9 0.0054
6  3  25.4 0.01550 0.01553 0.01723  27104    1573448.9 0.0061
6  3  25.4 0.01570 0.01572 0.01723  22228    1290386.0 0.0067
6  3  25.4 0.01590 0.01592 0.01723  19276    1119015.7 0.0072
6  3  25.4 0.01610 0.01611 0.01723  17544    1018469.1 0.0075
6  3  25.4 0.01630 0.01631 0.01723  16820     976439.3 0.0077
6  3  25.4 0.01650 0.01650 0.01723  16526     959371.9 0.0078
6  3  25.4 0.01670 0.01670 0.01723  16222     941724.0 0.0079
6  3  25.4 0.01690 0.01689 0.01723  16200     940446.9 0.0079
6  3  25.4 0.01710 0.01709 0.01723  16164     938357.0 0.0079
6  3  25.4 0.01730 0.01729 0.01723  16248     943233.4 0.0078
6  3  25.4 0.01750 0.01748 0.01723  15970     927094.8 0.0079
6  3  25.4 0.01770 0.01768 0.01723  15880     921870.1 0.0079
6  3  25.4 0.01790 0.01787 0.01723  15946     925701.6 0.0079
6  3  25.4 0.01810 0.01807 0.01723  15928     924656.6 0.0079
6  3  25.4 0.01830 0.01826 0.01723  16026     930345.8 0.0079
6  3  25.4 0.01850 0.01846 0.01723  16212     941143.5 0.0079
6  3  25.4 0.01870 0.01865 0.01723  16192     939982.4 0.0079
6  3  25.4 0.01890 0.01895 0.01723  16104     934873.8 0.0079
6  3  25.4 0.01910 0.01914 0.01723  15842     919664.1 0.0079
6  3  25.4 0.01930 0.01934 0.01723  15756     914671.6 0.0080
6  3  25.4 0.01950 0.01953 0.01723  15380     892844.0 0.0081
6  3  25.4 0.01970 0.01973 0.01723  15038     872990.1 0.0082
6  3  25.4 0.01990 0.01992 0.01723  14416     836881.6 0.0083
6  3  25.4 0.02010 0.02012 0.01723  13622     790788.1 0.0086
6  3  25.4 0.02030 0.02031 0.01723  12664     735174.0 0.0089
6  3  25.4 0.02050 0.02051 0.01723  11456     665046.9 0.0093
6  3  25.4 0.02070 0.02070 0.01723  10228     593758.7 0.0099
6  3  25.4 0.02090 0.02090 0.01723   8824     512253.3 0.0106
6  3  25.4 0.02110 0.02109 0.01723   7618     442242.2 0.0115
6  3  25.4 0.02130 0.02129 0.01723   6330     367470.9 0.0126
6  3  25.4 0.02150 0.02148 0.01723   5314     308489.8 0.0137
6  3  25.4 0.02170 0.02168 0.01723   4334     251598.6 0.0152
6  3  25.4 0.02190 0.02188 0.01723   3780     219437.6 0.0163
6  3  25.4 0.02210 0.02207 0.01723   3292     191108.1 0.0174
6  3  25.4 0.02230 0.02227 0.01723   3002     174272.9 0.0183
6  3  25.4 0.02250 0.02246 0.01723   2642     153374.1 0.0195
6  3  25.4 0.02270 0.02266 0.01723   2598     150819.8 0.0196
6  3  25.4 0.02290 0.02285 0.01723   2320     134681.3 0.0208
6  3  25.4 0.02310 0.02314 0.01723   2336     135610.1 0.0207
6  3  25.4 0.02330 0.02334 0.01723   2226     129224.4 0.0212
6  3  25.4 0.02350 0.02354 0.01811   2298     126920.0 0.0209
6  3  25.4 0.02370 0.02373 0.01811   2268     125263.1 0.0210
6  3  25.4 0.02390 0.02393 0.01822   2242     123046.9 0.0211
6  3  25.4 0.02410 0.02412 0.01844   2238     121390.2 0.0211
6  3  25.4 0.02430 0.02432 0.01844   2244     121715.6 0.0211
6  3  25.4 0.02450 0.02451 0.01844   2228     120847.8 0.0212
6  3  25.4 0.02470 0.02471 0.01937   2282     117797.5 0.0209
6  3  25.4 0.02490 0.02490 0.02010   2252     112063.5 0.0211
6  3  25.4 0.02510 0.02510 0.02010   2282     113556.4 0.0209
6  3  25.4 0.02530 0.02529 0.02010   2242     111565.9 0.0211
6  3  25.4 0.02550 0.02549 0.02056   2236     108763.6 0.0211
6  3  25.4 0.02570 0.02568 0.02056   2226     108277.1 0.0212
6  3  25.4 0.02590 0.02588 0.02149   2234     103971.4 0.0212
6  3  25.4 0.02610 0.02607 0.02284   2254      98670.4 0.0211
6  3  25.4 0.02630 0.02627 0.02284   2318     101472.1 0.0208
6  3  25.4 0.02650 0.02646 0.02348   2282      97198.7 0.0209
6  3  25.4 0.02670 0.02666 0.02421   2328      96157.6 0.0207
6  3  25.4 0.02690 0.02686 0.02421   2264      93514.1 0.0210
6  3  25.4 0.02710 0.02715 0.02678   2298      85798.7 0.0209
6  3  25.4 0.02730 0.02734 0.02845   2240      78730.5 0.0211
6  3  25.4 0.02750 0.02754 0.03028   2294      75766.1 0.0209
6  3  25.4 0.02770 0.02773 0.03304   2246      67971.2 0.0211
6  3  25.4 0.02790 0.02793 0.03628   2270      62575.9 0.0210
6  3  25.4 0.02810 0.02813 0.04146   2308      55663.4 0.0208
6  3  25.4 0.02830 0.02832 0.04593   2260      49207.2 0.0210
6  3  25.4 0.02850 0.02852 0.05144   2244      43625.6 0.0211
6  3  25.4 0.02870 0.02871 0.05953   2246      37729.8 0.0211
6  3  25.4 0.02890 0.02891 0.06746   2328      34511.3 0.0207
6  3  25.4 0.02910 0.02910 0.07487   2248      30025.8 0.0211
6  3  25.4 0.02930 0.02930 0.08849   2278      25743.4 0.0210
6  3  25.4 0.02950 0.02949 0.10001   2284      22837.4 0.0209
6  3  25.4 0.02970 0.02969 0.10532   2244      21306.5 0.0211
6  3  25.4 0.02990 0.02988 0.11701   2310      19741.8 0.0208
6  3  25.4 0.03010 0.03008 0.12695   2242      17660.3 0.0211
6  3  25.4 0.03030 0.03027 0.12845   2222      17297.9 0.0212
6  3  25.4 0.03050 0.03047 0.13856   2376      17148.2 0.0205
6  3  25.4 0.03070 0.03066 0.13881   2254      16238.4 0.0211
6  3  25.4 0.03090 0.03086 0.14343   2232      15562.1 0.0212
6  3  25.4 0.03110 0.03105 0.14343   2238      15603.9 0.0211
6  3  25.4 0.03130 0.03135 0.15321   2276      14855.8 0.0210
6  3  25.4 0.03150 0.03154 0.16103   2346      14568.4 0.0206
6  3  25.4 0.03170 0.03174 0.16103   2222      13798.4 0.0212
6  3  25.4 0.03190 0.03193 0.16103   2266      14071.7 0.0210
6  3  25.4 0.03210 0.03213 0.16398   2238      13648.2 0.0211
6  3  25.4 0.03230 0.03232 0.17347   2316      13351.1 0.0208
6  3  25.4 0.03250 0.03252 0.17536   2234      12739.3 0.0212
6  3  25.4 0.03270 0.03271 0.18345   2310      12591.7 0.0208
6  3  25.4 0.03290 0.03291 0.18614   2282      12259.9 0.0209
6  3  25.4 0.03310 0.03311 0.18614   2224      11948.3 0.0212
6  3  25.4 0.03330 0.03330 0.19555   2338      11956.0 0.0207
6  3  25.4 0.03350 0.03350 0.19555   2254      11526.4 0.0211
6  3  25.4 0.03370 0.03369 0.20691   2276      10999.9 0.0210
6  3  25.4 0.03390 0.03389 0.20691   2260      10922.5 0.0210
6  3  25.4 0.03410 0.03408 0.21437   2270      10589.0 0.0210
6  3  25.4 0.03430 0.03428 0.22769   2254       9899.2 0.0211
6  3  25.4 0.03450 0.03447 0.23337   2228       9547.2 0.0212
6  3  25.4 0.03470 0.03467 0.24953   2264       9073.1 0.0210
6  3  25.4 0.03490 0.03486 0.26426   2308       8733.9 0.0208
6  3  25.4 0.03510 0.03506 0.27845   2228       8001.3 0.0212
6  3  25.4 0.03530 0.03525 0.29480   2234       7577.9 0.0212
6  3  25.4 0.03550 0.03555 0.34229   2296       6707.8 0.0209
6  3  25.4 0.03570 0.03574 0.36992   2292       6195.9 0.0209
6  3  25.4 0.03590 0.03594 0.41627   2354       5655.0 0.0206
6  3  25.4 0.03610 0.03613 0.46011   2272       4938.0 0.0210
6  3  25.4 0.03630 0.03633 0.51255   2356       4596.6 0.0206
6  3  25.4 0.03650 0.03652 0.55233   2224       4026.6 0.0212
6  3  25.4 0.03670 0.03672 0.62235   2302       3698.9 0.0208
6  3  25.4 0.03690 0.03691 0.68090   2270       3333.8 0.0210
6  3  25.5 0.03710 0.03711 0.76185   2332       3061.0 0.0207
6  3  25.5 0.03730 0.03730 0.81702   2272       2780.8 0.0210
6  3  25.5 0.03750 0.03750 0.81702   2278       2788.2 0.0210
6  3  25.5 0.03770 0.03770 0.90680   2276       2509.9 0.0210
6  3  25.5 0.03790 0.03789 0.95857   2224       2320.1 0.0212
6  3  25.5 0.03810 0.03809 0.99997   2276       2276.1 0.0210
6  3  25.5 0.03830 0.03828 1.02963   2300       2233.8 0.0209
6  3  25.5 0.03850 0.03848 1.02963   2246       2181.4 0.0211
6  3  25.5 0.03870 0.03867 1.11131   2328       2094.8 0.0207
6  3  25.5 0.03890 0.03887 1.11131   2244       2019.2 0.0211
6  3  25.5 0.03910 0.03906 1.20150   2376       1977.5 0.0205
6  3  25.5 0.03930 0.03926 1.20150   2318       1929.3 0.0208
6  3  25.5 0.03950 0.03945 1.20150   2270       1889.3 0.0210
6  3  25.5 0.03970 0.03975 1.21000   2166       1790.1 0.0215
6  3  25.5 0.03990 0.03994 1.21000   2152       1778.5 0.0216
