# Scan Time    : Fri, 18 Mar 2022 16:05:00 +0000 (GMT) +602367000 nsec
# Board Lane   : 8
# Board Loc    : BTOF - Northeast
# SiPM Biases  :  57.007  56.994  57.252  57.336
# SiPM Currents:   1.164   1.130   1.246   1.257
#
3 -1  25.9 0.00010 0.00010 1.20000  14232      11860.0 0.0084
3 -1  25.9 0.00030 0.00029 1.20000  32190      26825.0 0.0056
3 -1  25.9 0.00050 0.00049 1.20000  74732      62276.7 0.0037
3 -1  25.9 0.00070 0.00068 0.54642  72622     132906.2 0.0037
3 -1  25.9 0.00090 0.00088 0.30016  79880     266125.0 0.0035
3 -1  25.9 0.00110 0.00107 0.13897  72018     518211.4 0.0037
3 -1  25.9 0.00130 0.00127 0.07634  74504     975924.7 0.0037
3 -1  25.9 0.00150 0.00146 0.04198  71784    1709979.6 0.0037
3 -1  25.9 0.00170 0.00166 0.02605  74006    2840734.0 0.0037
3 -1  25.9 0.00190 0.00186 0.01701  71718    4215238.5 0.0037
3 -1  25.9 0.00210 0.00215 0.01069  71756    6714566.8 0.0037
3 -1  25.9 0.00230 0.00234 0.00874  71788    8214831.0 0.0037
3 -1  25.9 0.00250 0.00254 0.00767  73052    9529566.8 0.0037
3 -1  25.9 0.00270 0.00273 0.00678  70930   10466149.7 0.0038
3 -1  25.9 0.00290 0.00293 0.00678  76066   11223997.5 0.0036
3 -1  25.9 0.00310 0.00313 0.00678  79832   11779693.5 0.0035
3 -1  25.9 0.00330 0.00332 0.00589  72754   12358408.4 0.0037
3 -1  25.9 0.00350 0.00352 0.00589  74760   12699159.0 0.0037
3 -1  25.9 0.00370 0.00371 0.00589  76164   12937650.4 0.0036
3 -1  25.9 0.00390 0.00391 0.00589  77104   13097324.1 0.0036
3 -1  25.9 0.00410 0.00410 0.00589  77882   13229479.6 0.0036
3 -1  25.9 0.00430 0.00430 0.00589  78218   13286554.5 0.0036
3 -1  25.9 0.00450 0.00449 0.00589  78344   13307957.6 0.0036
3 -1  25.9 0.00470 0.00469 0.00589  78172   13278740.7 0.0036
3 -1  25.9 0.00490 0.00488 0.00589  77520   13167988.3 0.0036
3 -1  25.9 0.00510 0.00508 0.00589  76444   12985212.8 0.0036
3 -1  25.9 0.00530 0.00527 0.00589  74938   12729395.1 0.0037
3 -1  25.9 0.00550 0.00547 0.00589  72658   12342101.3 0.0037
3 -1  25.9 0.00570 0.00566 0.00589  69300   11771692.3 0.0038
3 -1  25.9 0.00590 0.00586 0.00589  64556   10965849.5 0.0039
3 -1  25.9 0.00610 0.00605 0.00589  58978   10018338.6 0.0041
3 -1  25.9 0.00630 0.00635 0.00589  48896    8305752.8 0.0045
3 -1  25.9 0.00650 0.00654 0.00589  41970    7129263.0 0.0049
3 -1  25.9 0.00670 0.00674 0.00589  36252    6157971.0 0.0053
3 -1  25.9 0.00690 0.00693 0.00589  32210    5471373.9 0.0056
3 -1  25.9 0.00710 0.00713 0.00589  29192    4958719.2 0.0059
3 -1  25.9 0.00730 0.00732 0.00589  27356    4646845.8 0.0060
3 -1  25.9 0.00750 0.00752 0.00589  26554    4510613.5 0.0061
3 -1  25.9 0.00770 0.00771 0.00589  25826    4386951.3 0.0062
3 -1  25.9 0.00790 0.00791 0.00589  25528    4336331.3 0.0063
3 -1  25.9 0.00810 0.00811 0.00589  25254    4289788.1 0.0063
3 -1  25.9 0.00830 0.00830 0.00589  25056    4256154.7 0.0063
3 -1  25.9 0.00850 0.00850 0.00589  25276    4293525.2 0.0063
3 -1  25.9 0.00870 0.00869 0.00589  24986    4244264.1 0.0063
3 -1  25.9 0.00890 0.00889 0.00589  25172    4275859.1 0.0063
3 -1  25.9 0.00910 0.00908 0.00589  24848    4220822.7 0.0063
3 -1  25.9 0.00930 0.00928 0.00589  24868    4224220.0 0.0063
3 -1  25.9 0.00950 0.00947 0.00589  24966    4240866.8 0.0063
3 -1  25.9 0.00970 0.00967 0.00589  24786    4210291.0 0.0064
3 -1  25.9 0.00990 0.00986 0.00589  24924    4233732.5 0.0063
3 -1  25.9 0.01010 0.01006 0.00589  24652    4187529.0 0.0064
3 -1  25.9 0.01030 0.01025 0.00589  24724    4199759.3 0.0064
3 -1  25.9 0.01050 0.01055 0.00589  24766    4206893.7 0.0064
3 -1  25.9 0.01070 0.01074 0.00589  24478    4157972.4 0.0064
3 -1  25.9 0.01090 0.01094 0.00589  24484    4158991.5 0.0064
3 -1  25.9 0.01110 0.01113 0.00589  24250    4119243.0 0.0064
3 -1  25.9 0.01130 0.01133 0.00589  24062    4087308.2 0.0064
3 -1  25.9 0.01150 0.01152 0.00589  23416    3977575.0 0.0065
3 -1  25.9 0.01170 0.01172 0.00589  22984    3904193.0 0.0066
3 -1  25.9 0.01190 0.01191 0.00589  21984    3734327.3 0.0067
3 -1  25.9 0.01210 0.01211 0.00589  21022    3570916.5 0.0069
3 -1  25.9 0.01230 0.01230 0.00589  19778    3359603.6 0.0071
3 -1  25.9 0.01250 0.01250 0.00589  18126    3078985.5 0.0074
3 -1  25.9 0.01270 0.01270 0.00589  16182    2748766.6 0.0079
3 -1  25.9 0.01290 0.01289 0.00589  14718    2500083.2 0.0082
3 -1  25.9 0.01310 0.01309 0.00589  12948    2199421.0 0.0088
3 -1  25.9 0.01330 0.01328 0.00589  11118    1888566.7 0.0095
3 -1  25.9 0.01350 0.01348 0.00589   9920    1685067.6 0.0100
3 -1  25.9 0.01370 0.01367 0.00589   8880    1508407.3 0.0106
3 -1  25.9 0.01390 0.01387 0.00589   7684    1305248.0 0.0114
3 -1  25.9 0.01410 0.01406 0.00589   6928    1176829.5 0.0120
3 -1  25.9 0.01430 0.01426 0.00589   6330    1075249.8 0.0126
3 -1  25.9 0.01450 0.01445 0.00589   5862     995752.7 0.0131
3 -1  25.9 0.01470 0.01475 0.00589   5238     889756.5 0.0138
3 -1  25.9 0.01490 0.01494 0.00589   5152     875148.0 0.0139
3 -1  25.9 0.01510 0.01514 0.00589   4860     825547.3 0.0143
3 -1  25.9 0.01530 0.01533 0.00589   4800     815355.3 0.0144
3 -1  25.9 0.01550 0.01553 0.00589   4720     801766.1 0.0146
3 -1  25.9 0.01570 0.01572 0.00589   4530     769491.6 0.0149
3 -1  25.9 0.01590 0.01592 0.00589   4338     736877.4 0.0152
3 -1  25.9 0.01610 0.01611 0.00589   4294     729403.3 0.0153
3 -1  25.9 0.01630 0.01631 0.00589   4142     703583.7 0.0155
3 -1  25.9 0.01650 0.01650 0.00589   4098     696109.6 0.0156
3 -1  25.9 0.01670 0.01670 0.00589   4000     679462.8 0.0158
3 -1  25.9 0.01690 0.01689 0.00589   3832     650925.3 0.0162
3 -1  25.9 0.01710 0.01709 0.00589   3672     623746.8 0.0165
3 -1  25.9 0.01730 0.01729 0.00589   3590     609817.8 0.0167
3 -1  25.9 0.01750 0.01748 0.00589   3392     576184.4 0.0172
3 -1  25.9 0.01770 0.01768 0.00589   3398     577203.6 0.0172
3 -1  25.9 0.01790 0.01787 0.00589   3192     542211.3 0.0177
3 -1  25.9 0.01810 0.01807 0.00589   3192     542211.3 0.0177
3 -1  25.9 0.01830 0.01826 0.00589   3110     528282.3 0.0179
3 -1  25.9 0.01850 0.01846 0.00589   2900     492610.5 0.0186
3 -1  25.9 0.01870 0.01865 0.00589   2886     490232.4 0.0186
3 -1  25.9 0.01890 0.01895 0.00589   2678     454900.3 0.0193
3 -1  25.9 0.01910 0.01914 0.00589   2490     422965.6 0.0200
3 -1  25.9 0.01930 0.01934 0.00589   2380     404280.3 0.0205
3 -1  25.9 0.01950 0.01953 0.00589   2290     388992.4 0.0209
3 -1  25.9 0.01970 0.01973 0.00619   2316     373933.2 0.0208
3 -1  25.9 0.01990 0.01992 0.00646   2222     343902.3 0.0212
3 -1  25.9 0.02010 0.02012 0.00718   2258     314678.5 0.0210
3 -1  25.9 0.02030 0.02031 0.00768   2278     296606.1 0.0210
3 -1  25.9 0.02050 0.02051 0.00841   2240     266194.0 0.0211
3 -1  25.9 0.02070 0.02070 0.00947   2330     245985.4 0.0207
3 -1  25.9 0.02090 0.02090 0.01052   2272     215919.3 0.0210
3 -1  25.9 0.02110 0.02109 0.01160   2276     196146.7 0.0210
3 -1  25.9 0.02130 0.02129 0.01278   2318     181425.9 0.0208
3 -1  25.9 0.02150 0.02148 0.01412   2222     157414.8 0.0212
3 -1  25.9 0.02170 0.02168 0.01640   2332     142158.9 0.0207
3 -1  25.9 0.02190 0.02188 0.01683   2234     132752.6 0.0212
3 -1  25.9 0.02210 0.02207 0.01922   2350     122300.0 0.0206
3 -1  25.9 0.02230 0.02227 0.02051   2412     117623.7 0.0204
3 -1  25.9 0.02250 0.02246 0.02098   2236     106587.2 0.0211
3 -1  25.9 0.02270 0.02266 0.02397   2326      97026.8 0.0207
3 -1  25.9 0.02290 0.02285 0.02397   2230      93022.2 0.0212
3 -1  25.9 0.02310 0.02314 0.02629   2286      86967.5 0.0209
3 -1  25.9 0.02330 0.02334 0.02800   2340      83573.2 0.0207
3 -1  25.9 0.02350 0.02354 0.02800   2324      83001.7 0.0207
3 -1  25.9 0.02370 0.02373 0.02843   2244      78918.2 0.0211
3 -1  25.9 0.02390 0.02393 0.03040   2310      75974.5 0.0208
3 -1  25.9 0.02410 0.02412 0.03040   2222      73080.2 0.0212
3 -1  25.9 0.02430 0.02432 0.03242   2290      70639.0 0.0209
3 -1  25.9 0.02450 0.02451 0.03422   2240      65450.1 0.0211
3 -1  25.9 0.02470 0.02471 0.03632   2274      62609.4 0.0210
3 -1  25.9 0.02490 0.02490 0.03764   2278      60523.3 0.0210
3 -1  25.9 0.02510 0.02510 0.03846   2278      59224.4 0.0210
3 -1  25.9 0.02530 0.02529 0.04031   2242      55612.7 0.0211
3 -1  25.9 0.02550 0.02549 0.04204   2284      54330.1 0.0209
3 -1  25.9 0.02570 0.02568 0.04508   2224      49331.6 0.0212
3 -1  25.9 0.02590 0.02588 0.04646   2266      48770.3 0.0210
3 -1  25.9 0.02610 0.02607 0.04784   2232      46654.8 0.0212
3 -1  25.9 0.02630 0.02627 0.05125   2236      43625.4 0.0211
3 -1  25.9 0.02650 0.02646 0.05425   2384      43943.8 0.0205
3 -1  25.9 0.02670 0.02666 0.05654   2226      39369.5 0.0212
3 -1  25.9 0.02690 0.02686 0.06136   2248      36635.0 0.0211
3 -1  25.9 0.02710 0.02715 0.06377   2228      34936.5 0.0212
3 -1  25.9 0.02730 0.02734 0.06899   2306      33425.6 0.0208
3 -1  25.9 0.02750 0.02754 0.07551   2332      30881.7 0.0207
3 -1  25.9 0.02770 0.02773 0.07936   2294      28904.5 0.0209
3 -1  25.9 0.02790 0.02793 0.08398   2270      27031.7 0.0210
3 -1  25.9 0.02810 0.02813 0.09064   2288      25243.3 0.0209
3 -1  25.9 0.02830 0.02832 0.09711   2270      23376.5 0.0210
3 -1  25.9 0.02850 0.02852 0.10602   2250      21221.6 0.0211
3 -1  25.9 0.02870 0.02871 0.11480   2224      19372.5 0.0212
3 -1  25.9 0.02890 0.02891 0.12359   2294      18561.3 0.0209
3 -1  25.9 0.02910 0.02910 0.13515   2224      16456.2 0.0212
3 -1  25.9 0.02930 0.02930 0.14972   2222      14841.2 0.0212
3 -1  25.9 0.02950 0.02949 0.16040   2256      14064.6 0.0211
3 -1  25.9 0.02970 0.02969 0.17869   2356      13184.7 0.0206
3 -1  25.9 0.02990 0.02988 0.19140   2358      12319.9 0.0206
3 -1  25.9 0.03010 0.03008 0.20746   2314      11154.2 0.0208
3 -1  25.9 0.03030 0.03027 0.22077   2266      10264.1 0.0210
3 -1  25.9 0.03050 0.03047 0.23227   2270       9773.2 0.0210
3 -1  25.9 0.03070 0.03066 0.24712   2274       9202.1 0.0210
3 -1  25.9 0.03090 0.03086 0.26250   2340       8914.4 0.0207
3 -1  25.9 0.03110 0.03105 0.27934   2344       8391.1 0.0207
3 -1  25.9 0.03130 0.03135 0.30073   2316       7701.3 0.0208
3 -1  25.9 0.03150 0.03154 0.30457   2262       7427.0 0.0210
3 -1  25.9 0.03170 0.03174 0.32852   2300       7001.2 0.0209
3 -1  25.8 0.03190 0.03193 0.34367   2282       6640.0 0.0209
3 -1  25.8 0.03210 0.03213 0.35672   2264       6346.7 0.0210
3 -1  25.8 0.03230 0.03232 0.37059   2250       6071.4 0.0211
3 -1  25.8 0.03250 0.03252 0.37294   2224       5963.4 0.0212
3 -1  25.8 0.03270 0.03271 0.40059   2262       5646.6 0.0210
3 -1  25.8 0.03290 0.03291 0.43043   2288       5315.7 0.0209
3 -1  25.8 0.03310 0.03311 0.44939   2362       5256.0 0.0206
3 -1  25.8 0.03330 0.03330 0.45885   2274       4955.9 0.0210
3 -1  25.8 0.03350 0.03350 0.49686   2232       4492.2 0.0212
3 -1  25.8 0.03370 0.03369 0.49866   2232       4476.0 0.0212
3 -1  25.8 0.03390 0.03389 0.53168   2278       4284.5 0.0210
3 -1  25.8 0.03410 0.03408 0.56005   2326       4153.2 0.0207
3 -1  25.8 0.03430 0.03428 0.57657   2278       3950.9 0.0210
3 -1  25.8 0.03450 0.03447 0.61194   2254       3683.4 0.0211
3 -1  25.8 0.03470 0.03467 0.63403   2254       3555.0 0.0211
3 -1  25.8 0.03490 0.03486 0.68423   2252       3291.3 0.0211
3 -1  25.8 0.03510 0.03506 0.70322   2254       3205.3 0.0211
3 -1  25.8 0.03530 0.03525 0.72785   2274       3124.3 0.0210
3 -1  25.8 0.03550 0.03555 0.81026   2234       2757.1 0.0212
3 -1  25.8 0.03570 0.03574 0.83895   2262       2696.2 0.0210
3 -1  25.8 0.03590 0.03594 0.94054   2320       2466.7 0.0208
3 -1  25.8 0.03610 0.03613 0.95341   2248       2357.8 0.0211
3 -1  25.8 0.03630 0.03633 1.03561   2332       2251.8 0.0207
3 -1  25.8 0.03650 0.03652 1.06632   2296       2153.2 0.0209
3 -1  25.8 0.03670 0.03672 1.14299   2228       1949.3 0.0212
3 -1  25.8 0.03690 0.03691 1.21000   2052       1695.9 0.0221
3 -1  25.8 0.03710 0.03711 1.21000   2014       1664.5 0.0223
3 -1  25.8 0.03730 0.03730 1.21000   1826       1509.1 0.0234
3 -1  25.8 0.03750 0.03750 1.21000   1742       1439.7 0.0240
3 -1  25.8 0.03770 0.03770 1.21000   1740       1438.0 0.0240
3 -1  25.8 0.03790 0.03789 1.21000   1540       1272.7 0.0255
3 -1  25.8 0.03810 0.03809 1.21000   1524       1259.5 0.0256
3 -1  25.8 0.03830 0.03828 1.21000   1440       1190.1 0.0264
3 -1  25.8 0.03850 0.03848 1.21000   1346       1112.4 0.0273
3 -1  25.8 0.03870 0.03867 1.21000   1324       1094.2 0.0275
3 -1  25.8 0.03890 0.03887 1.21000   1240       1024.8 0.0284
3 -1  25.8 0.03910 0.03906 1.21000   1238       1023.1 0.0284
3 -1  25.8 0.03930 0.03926 1.21000   1128        932.2 0.0298
3 -1  25.8 0.03950 0.03945 1.21000   1108        915.7 0.0300
3 -1  25.8 0.03970 0.03975 1.21000   1070        884.3 0.0306
3 -1  25.8 0.03990 0.03994 1.21000   1050        867.8 0.0309
3  0  25.8 0.00010 0.00010 1.21000  17150      14173.6 0.0076
3  0  25.8 0.00030 0.00029 1.21000  38390      31727.3 0.0051
3  0  25.8 0.00050 0.00049 0.83628  72568      86774.9 0.0037
3  0  25.8 0.00070 0.00068 0.40357  71784     177871.4 0.0037
3  0  25.8 0.00090 0.00088 0.22169  76944     347075.5 0.0036
3  0  25.8 0.00110 0.00107 0.12178  76316     626665.2 0.0036
3  0  25.8 0.00130 0.00127 0.06690  72056    1077112.2 0.0037
3  0  25.8 0.00150 0.00146 0.04335  69560    1604615.7 0.0038
3  0  25.8 0.00170 0.00166 0.03116  71880    2307062.6 0.0037
3  0  25.8 0.00190 0.00186 0.02466  71968    2918606.5 0.0037
3  0  25.8 0.00210 0.00215 0.01975  71994    3644466.7 0.0037
3  0  25.8 0.00230 0.00234 0.01975  77768    3936757.0 0.0036
3  0  25.8 0.00250 0.00254 0.01737  71728    4128246.8 0.0037
3  0  25.8 0.00270 0.00273 0.01737  74172    4268909.2 0.0037
3  0  25.8 0.00290 0.00293 0.01737  75726    4358348.4 0.0036
3  0  25.8 0.00310 0.00313 0.01737  76726    4415902.6 0.0036
3  0  25.8 0.00330 0.00332 0.01737  77456    4457917.1 0.0036
3  0  25.8 0.00350 0.00352 0.01737  77948    4486233.8 0.0036
3  0  25.8 0.00370 0.00371 0.01737  78262    4504305.8 0.0036
3  0  25.8 0.00390 0.00391 0.01737  78454    4515356.2 0.0036
3  0  25.8 0.00410 0.00410 0.01737  78538    4520190.8 0.0036
3  0  25.8 0.00430 0.00430 0.01737  78528    4519615.2 0.0036
3  0  25.8 0.00450 0.00449 0.01737  78434    4514205.1 0.0036
3  0  25.8 0.00470 0.00469 0.01737  78212    4501428.1 0.0036
3  0  25.8 0.00490 0.00488 0.01737  77860    4481169.0 0.0036
3  0  25.8 0.00510 0.00508 0.01737  77260    4446636.5 0.0036
3  0  25.8 0.00530 0.00527 0.01737  76412    4397830.6 0.0036
3  0  25.8 0.00550 0.00547 0.01737  75156    4325542.5 0.0036
3  0  25.8 0.00570 0.00566 0.01737  73278    4217455.8 0.0037
3  0  25.8 0.00590 0.00586 0.01737  70446    4054462.3 0.0038
3  0  25.8 0.00610 0.00605 0.01737  66198    3809972.1 0.0039
3  0  25.8 0.00630 0.00635 0.01737  57246    3294747.0 0.0042
3  0  25.8 0.00650 0.00654 0.01737  49412    2843867.5 0.0045
3  0  25.8 0.00670 0.00674 0.01737  40816    2349131.7 0.0049
3  0  25.8 0.00690 0.00693 0.01737  33270    1914827.8 0.0055
3  0  25.8 0.00710 0.00713 0.01737  27272    1569617.8 0.0061
3  0  25.8 0.00730 0.00732 0.01737  23614    1359084.6 0.0065
3  0  25.8 0.00750 0.00752 0.01737  21454    1234767.5 0.0068
3  0  25.8 0.00770 0.00771 0.01737  20002    1151198.9 0.0071
3  0  25.8 0.00790 0.00791 0.01737  19382    1115515.3 0.0072
3  0  25.8 0.00810 0.00811 0.01737  19088    1098594.3 0.0072
3  0  25.8 0.00830 0.00830 0.01737  19038    1095716.6 0.0072
3  0  25.8 0.00850 0.00850 0.01737  18954    1090882.1 0.0073
3  0  25.8 0.00870 0.00869 0.01737  19090    1098709.4 0.0072
3  0  25.8 0.00890 0.00889 0.01737  18898    1087659.0 0.0073
3  0  25.8 0.00910 0.00908 0.01737  18944    1090306.5 0.0073
3  0  25.8 0.00930 0.00928 0.01737  18912    1088464.8 0.0073
3  0  25.8 0.00950 0.00947 0.01737  18840    1084320.9 0.0073
3  0  25.8 0.00970 0.00967 0.01737  18940    1090076.3 0.0073
3  0  25.8 0.00990 0.00986 0.01737  18764    1079946.8 0.0073
3  0  25.8 0.01010 0.01006 0.01737  18946    1090421.6 0.0073
3  0  25.8 0.01030 0.01025 0.01737  18726    1077759.7 0.0073
3  0  25.8 0.01050 0.01055 0.01737  18554    1067860.4 0.0073
3  0  25.8 0.01070 0.01074 0.01737  18528    1066364.0 0.0073
3  0  25.8 0.01090 0.01094 0.01737  18550    1067630.2 0.0073
3  0  25.8 0.01110 0.01113 0.01737  18330    1054968.3 0.0074
3  0  25.8 0.01130 0.01133 0.01737  18082    1040694.8 0.0074
3  0  25.8 0.01150 0.01152 0.01737  17644    1015486.1 0.0075
3  0  25.8 0.01170 0.01172 0.01737  17170     988205.4 0.0076
3  0  25.8 0.01190 0.01191 0.01737  16026     922363.4 0.0079
3  0  25.8 0.01210 0.01211 0.01737  14898     857442.3 0.0082
3  0  25.8 0.01230 0.01230 0.01737  13510     777557.1 0.0086
3  0  25.8 0.01250 0.01250 0.01737  12104     696635.9 0.0091
3  0  25.8 0.01270 0.01270 0.01737  10550     607196.7 0.0097
3  0  25.8 0.01290 0.01289 0.01737   8988     517297.0 0.0105
3  0  25.8 0.01310 0.01309 0.01737   7454     429008.9 0.0116
3  0  25.8 0.01330 0.01328 0.01737   6278     361325.2 0.0126
3  0  25.8 0.01350 0.01348 0.01737   5318     306073.2 0.0137
3  0  25.8 0.01370 0.01367 0.01737   4312     248173.7 0.0152
3  0  25.8 0.01390 0.01387 0.01737   3752     215943.3 0.0163
3  0  25.8 0.01410 0.01406 0.01737   3216     185094.3 0.0176
3  0  25.8 0.01430 0.01426 0.01737   2890     166331.6 0.0186
3  0  25.8 0.01450 0.01445 0.01737   2632     151482.6 0.0195
3  0  25.8 0.01470 0.01475 0.01737   2382     137094.1 0.0205
3  0  25.8 0.01490 0.01494 0.01737   2304     132604.8 0.0208
3  0  25.8 0.01510 0.01514 0.01737   2358     135712.8 0.0206
3  0  25.8 0.01530 0.01533 0.01737   2236     128691.2 0.0211
3  0  25.8 0.01550 0.01553 0.01861   2316     124452.0 0.0208
3  0  25.8 0.01570 0.01572 0.01861   2282     122625.0 0.0209
3  0  25.8 0.01590 0.01592 0.01885   2328     123525.4 0.0207
3  0  25.8 0.01610 0.01611 0.01912   2226     116412.2 0.0212
3  0  25.8 0.01630 0.01631 0.01963   2224     113291.3 0.0212
3  0  25.8 0.01650 0.01650 0.01986   2254     113476.0 0.0211
3  0  25.8 0.01670 0.01670 0.01994   2240     112365.1 0.0211
3  0  25.8 0.01690 0.01689 0.02013   2290     113735.9 0.0209
3  0  25.8 0.01710 0.01709 0.02106   2240     106345.9 0.0211
3  0  25.8 0.01730 0.01729 0.02155   2224     103210.3 0.0212
3  0  25.8 0.01750 0.01748 0.02216   2274     102606.1 0.0210
3  0  25.8 0.01770 0.01768 0.02305   2328     100977.1 0.0207
3  0  25.8 0.01790 0.01787 0.02305   2222      96379.3 0.0212
3  0  25.8 0.01810 0.01807 0.02428   2258      92979.9 0.0210
3  0  25.8 0.01830 0.01826 0.02428   2234      91991.7 0.0212
3  0  25.8 0.01850 0.01846 0.02627   2264      86183.3 0.0210
3  0  25.8 0.01870 0.01865 0.02663   2250      84497.7 0.0211
3  0  25.8 0.01890 0.01895 0.02909   2246      77211.0 0.0211
3  0  25.8 0.01910 0.01914 0.02998   2222      74117.0 0.0212
3  0  25.8 0.01930 0.01934 0.03222   2344      72753.5 0.0207
3  0  25.8 0.01950 0.01953 0.03497   2294      65594.4 0.0209
3  0  25.8 0.01970 0.01973 0.03806   2368      62225.2 0.0205
3  0  25.8 0.01990 0.01992 0.04088   2246      54946.2 0.0211
3  0  25.8 0.02010 0.02012 0.04588   2306      50261.4 0.0208
3  0  25.8 0.02030 0.02031 0.05132   2250      43841.6 0.0211
3  0  25.8 0.02050 0.02051 0.05952   2306      38745.0 0.0208
3  0  25.8 0.02070 0.02070 0.06931   2340      33760.3 0.0207
3  0  25.8 0.02090 0.02090 0.08106   2428      29953.6 0.0203
3  0  25.8 0.02110 0.02109 0.09139   2262      24751.8 0.0210
3  0  25.8 0.02130 0.02129 0.10426   2254      21618.3 0.0211
3  0  25.8 0.02150 0.02148 0.12054   2272      18848.9 0.0210
3  0  25.8 0.02170 0.02168 0.13486   2314      17158.3 0.0208
3  0  25.8 0.02190 0.02188 0.14941   2362      15808.6 0.0206
3  0  25.8 0.02210 0.02207 0.16173   2320      14345.2 0.0208
3  0  25.8 0.02230 0.02227 0.17792   2340      13152.1 0.0207
3  0  25.8 0.02250 0.02246 0.18286   2222      12151.6 0.0212
3  0  25.8 0.02270 0.02266 0.19220   2228      11592.2 0.0212
3  0  25.8 0.02290 0.02285 0.20107   2286      11369.4 0.0209
3  0  25.7 0.02310 0.02314 0.21583   2272      10526.8 0.0210
3  0  25.7 0.02330 0.02334 0.21583   2272      10526.8 0.0210
3  0  25.7 0.02350 0.02354 0.23466   2368      10091.1 0.0205
3  0  25.7 0.02370 0.02373 0.24297   2278       9375.6 0.0210
3  0  25.7 0.02390 0.02393 0.24297   2344       9647.2 0.0207
3  0  25.7 0.02410 0.02412 0.24297   2238       9210.9 0.0211
3  0  25.7 0.02430 0.02432 0.25953   2268       8738.9 0.0210
3  0  25.7 0.02450 0.02451 0.26673   2254       8450.4 0.0211
3  0  25.7 0.02470 0.02471 0.27930   2252       8063.0 0.0211
3  0  25.7 0.02490 0.02490 0.28547   2282       7993.9 0.0209
3  0  25.7 0.02510 0.02510 0.29668   2288       7711.9 0.0209
3  0  25.7 0.02530 0.02529 0.30407   2222       7307.4 0.0212
3  0  25.7 0.02550 0.02549 0.31840   2330       7317.8 0.0207
3  0  25.7 0.02570 0.02568 0.33341   2236       6706.5 0.0211
3  0  25.7 0.02590 0.02588 0.34641   2260       6524.0 0.0210
3  0  25.7 0.02610 0.02607 0.36759   2300       6257.0 0.0209
3  0  25.7 0.02630 0.02627 0.36759   2266       6164.5 0.0210
3  0  25.7 0.02650 0.02646 0.39081   2312       5916.0 0.0208
3  0  25.7 0.02670 0.02666 0.42360   2262       5340.0 0.0210
3  0  25.7 0.02690 0.02686 0.43415   2246       5173.4 0.0211
3  0  25.7 0.02710 0.02715 0.49420   2292       4637.8 0.0209
3  0  25.7 0.02730 0.02734 0.50418   2272       4506.3 0.0210
3  0  25.7 0.02750 0.02754 0.56021   2316       4134.2 0.0208
3  0  25.7 0.02770 0.02773 0.58605   2232       3808.5 0.0212
3  0  25.7 0.02790 0.02793 0.64617   2244       3472.8 0.0211
3  0  25.7 0.02810 0.02813 0.71078   2244       3157.1 0.0211
3  0  25.7 0.02830 0.02832 0.78341   2248       2869.5 0.0211
3  0  25.7 0.02850 0.02852 0.89360   2330       2607.4 0.0207
3  0  25.7 0.02870 0.02871 0.98548   2332       2366.4 0.0207
3  0  25.7 0.02890 0.02891 1.06921   2334       2182.9 0.0207
3  0  25.7 0.02910 0.02910 1.21000   1918       1585.1 0.0228
3  0  25.7 0.02930 0.02930 1.21000   1838       1519.0 0.0233
3  0  25.7 0.02950 0.02949 1.21000   1554       1284.3 0.0254
3  0  25.7 0.02970 0.02969 1.21000   1536       1269.4 0.0255
3  0  25.7 0.02990 0.02988 1.21000   1372       1133.9 0.0270
3  0  25.7 0.03010 0.03008 1.21000   1244       1028.1 0.0284
3  0  25.7 0.03030 0.03027 1.21000   1230       1016.5 0.0285
3  0  25.7 0.03050 0.03047 1.21000   1194        986.8 0.0289
3  0  25.7 0.03070 0.03066 1.21000   1100        909.1 0.0302
3  0  25.7 0.03090 0.03086 1.21000   1098        907.4 0.0302
3  0  25.7 0.03110 0.03105 1.21000   1036        856.2 0.0311
3  0  25.7 0.03130 0.03135 1.21000    958        791.7 0.0323
3  0  25.7 0.03150 0.03154 1.21000    978        808.3 0.0320
3  0  25.7 0.03170 0.03174 1.21000    980        809.9 0.0319
3  0  25.7 0.03190 0.03193 1.21000    884        730.6 0.0336
3  0  25.7 0.03210 0.03213 1.21000    914        755.4 0.0331
3  0  25.7 0.03230 0.03232 1.21000    866        715.7 0.0340
3  0  25.7 0.03250 0.03252 1.21000    772        638.0 0.0360
3  0  25.7 0.03270 0.03271 1.21000    782        646.3 0.0358
3  0  25.7 0.03290 0.03291 1.21000    798        659.5 0.0354
3  0  25.7 0.03310 0.03311 1.21000    776        641.3 0.0359
3  0  25.7 0.03330 0.03330 1.21000    716        591.7 0.0374
3  0  25.7 0.03350 0.03350 1.21000    728        601.7 0.0371
3  0  25.7 0.03370 0.03369 1.21000    668        552.1 0.0387
3  0  25.7 0.03390 0.03389 1.21000    704        581.8 0.0377
3  0  25.7 0.03410 0.03408 1.21000    610        504.1 0.0405
3  0  25.7 0.03430 0.03428 1.21000    622        514.0 0.0401
3  0  25.7 0.03450 0.03447 1.21000    614        507.4 0.0404
3  0  25.7 0.03470 0.03467 1.21000    568        469.4 0.0420
3  0  25.7 0.03490 0.03486 1.21000    562        464.5 0.0422
3  0  25.7 0.03510 0.03506 1.21000    516        426.4 0.0440
3  0  25.7 0.03530 0.03525 1.21000    464        383.5 0.0464
3  0  25.7 0.03550 0.03555 1.21000    482        398.3 0.0455
3  0  25.7 0.03570 0.03574 1.21000    422        348.8 0.0487
3  0  25.7 0.03590 0.03594 1.21000    434        358.7 0.0480
3  0  25.7 0.03610 0.03613 1.21000    398        328.9 0.0501
3  0  25.7 0.03630 0.03633 1.21000    408        337.2 0.0495
3  0  25.7 0.03650 0.03652 1.21000    402        332.2 0.0499
3  0  25.7 0.03670 0.03672 1.21000    340        281.0 0.0542
3  0  25.7 0.03690 0.03691 1.21000    348        287.6 0.0536
3  0  25.7 0.03710 0.03711 1.21000    320        264.5 0.0559
3  0  25.7 0.03730 0.03730 1.21000    328        271.1 0.0552
3  0  25.7 0.03750 0.03750 1.21000    302        249.6 0.0575
3  0  25.7 0.03770 0.03770 1.21000    294        243.0 0.0583
3  0  25.7 0.03790 0.03789 1.21000    294        243.0 0.0583
3  0  25.6 0.03810 0.03809 1.21000    290        239.7 0.0587
3  0  25.6 0.03830 0.03828 1.21000    276        228.1 0.0602
3  0  25.6 0.03850 0.03848 1.21000    282        233.1 0.0595
3  0  25.6 0.03870 0.03867 1.21000    256        211.6 0.0625
3  0  25.6 0.03890 0.03887 1.21000    240        198.3 0.0645
3  0  25.6 0.03910 0.03906 1.21000    274        226.4 0.0604
3  0  25.6 0.03930 0.03926 1.21000    286        236.4 0.0591
3  0  25.6 0.03950 0.03945 1.21000    258        213.2 0.0623
3  0  25.6 0.03970 0.03975 1.21000    256        211.6 0.0625
3  0  25.6 0.03990 0.03994 1.21000    252        208.3 0.0630
3  1  25.6 0.00010 0.00010 1.21000  19782      16348.8 0.0071
3  1  25.6 0.00030 0.00029 1.21000  43500      35950.4 0.0048
3  1  25.6 0.00050 0.00049 0.74602  72296      96908.9 0.0037
3  1  25.6 0.00070 0.00068 0.36523  72740     199162.7 0.0037
3  1  25.6 0.00090 0.00088 0.20063  76672     382157.4 0.0036
3  1  25.6 0.00110 0.00107 0.11021  74706     677847.1 0.0037
3  1  25.6 0.00130 0.00127 0.06250  71756    1148107.6 0.0037
3  1  25.6 0.00150 0.00146 0.04131  72058    1744461.7 0.0037
3  1  25.6 0.00170 0.00166 0.03008  71668    2382712.8 0.0037
3  1  25.6 0.00190 0.00186 0.02412  71832    2977710.4 0.0037
3  1  25.6 0.00210 0.00215 0.01961  72294    3685724.1 0.0037
3  1  25.6 0.00230 0.00234 0.01961  77792    3966025.5 0.0036
3  1  25.6 0.00250 0.00254 0.01728  71532    4140318.0 0.0037
3  1  25.6 0.00270 0.00273 0.01728  73758    4269160.3 0.0037
3  1  25.6 0.00290 0.00293 0.01728  75128    4348456.8 0.0036
3  1  25.6 0.00310 0.00313 0.01728  76118    4405758.6 0.0036
3  1  25.6 0.00330 0.00332 0.01728  76804    4445464.7 0.0036
3  1  25.6 0.00350 0.00352 0.01728  77264    4472089.8 0.0036
3  1  25.6 0.00370 0.00371 0.01728  77580    4490380.1 0.0036
3  1  25.6 0.00390 0.00391 0.01728  77732    4499178.0 0.0036
3  1  25.6 0.00410 0.00410 0.01728  77816    4504040.0 0.0036
3  1  25.6 0.00430 0.00430 0.01728  77796    4502882.3 0.0036
3  1  25.6 0.00450 0.00449 0.01728  77680    4496168.2 0.0036
3  1  25.6 0.00470 0.00469 0.01728  77428    4481582.3 0.0036
3  1  25.6 0.00490 0.00488 0.01728  77040    4459124.6 0.0036
3  1  25.6 0.00510 0.00508 0.01728  76414    4422891.3 0.0036
3  1  25.6 0.00530 0.00527 0.01728  75520    4371146.0 0.0036
3  1  25.6 0.00550 0.00547 0.01728  74190    4294164.8 0.0037
3  1  25.6 0.00570 0.00566 0.01728  72246    4181644.8 0.0037
3  1  25.6 0.00590 0.00586 0.01728  69112    4000246.9 0.0038
3  1  25.6 0.00610 0.00605 0.01728  65082    3766987.9 0.0039
3  1  25.6 0.00630 0.00635 0.01728  55454    3209713.1 0.0042
3  1  25.6 0.00650 0.00654 0.01728  47462    2747131.0 0.0046
3  1  25.6 0.00670 0.00674 0.01728  38504    2228636.2 0.0051
3  1  25.6 0.00690 0.00693 0.01728  31196    1805644.5 0.0057
3  1  25.6 0.00710 0.00713 0.01728  25910    1499687.4 0.0062
3  1  25.6 0.00730 0.00732 0.01728  22264    1288654.6 0.0067
3  1  25.6 0.00750 0.00752 0.01728  20186    1168378.6 0.0070
3  1  25.6 0.00770 0.00771 0.01728  18956    1097185.4 0.0073
3  1  25.6 0.00790 0.00791 0.01728  18428    1066624.5 0.0074
3  1  25.6 0.00810 0.00811 0.01728  18044    1044398.3 0.0074
3  1  25.6 0.00830 0.00830 0.01728  18012    1042546.1 0.0075
3  1  25.6 0.00850 0.00850 0.01728  17870    1034327.1 0.0075
3  1  25.6 0.00870 0.00869 0.01728  17992    1041388.5 0.0075
3  1  25.6 0.00890 0.00889 0.01728  17840    1032590.6 0.0075
3  1  25.6 0.00910 0.00908 0.01728  17928    1037684.1 0.0075
3  1  25.6 0.00930 0.00928 0.01728  18006    1042198.8 0.0075
3  1  25.6 0.00950 0.00947 0.01728  17956    1039304.8 0.0075
3  1  25.6 0.00970 0.00967 0.01728  17720    1025645.0 0.0075
3  1  25.6 0.00990 0.00986 0.01728  17642    1021130.3 0.0075
3  1  25.6 0.01010 0.01006 0.01728  17788    1029580.8 0.0075
3  1  25.6 0.01030 0.01025 0.01728  17802    1030391.2 0.0075
3  1  25.6 0.01050 0.01055 0.01728  17740    1026802.6 0.0075
3  1  25.6 0.01070 0.01074 0.01728  17832    1032127.6 0.0075
3  1  25.6 0.01090 0.01094 0.01728  17592    1018236.2 0.0075
3  1  25.6 0.01110 0.01113 0.01728  17552    1015921.0 0.0075
3  1  25.6 0.01130 0.01133 0.01728  17426    1008628.0 0.0076
3  1  25.6 0.01150 0.01152 0.01728  17202     995662.8 0.0076
3  1  25.6 0.01170 0.01172 0.01728  16428     950863.2 0.0078
3  1  25.6 0.01190 0.01191 0.01728  15934     922270.1 0.0079
3  1  25.6 0.01210 0.01211 0.01728  15022     869483.0 0.0082
3  1  25.6 0.01230 0.01230 0.01728  13706     793312.1 0.0085
3  1  25.6 0.01250 0.01250 0.01728  12518     724549.9 0.0089
3  1  25.6 0.01270 0.01270 0.01728  11154     645600.7 0.0095
3  1  25.6 0.01290 0.01289 0.01728   9498     549750.3 0.0103
3  1  25.6 0.01310 0.01309 0.01728   8176     473232.1 0.0111
3  1  25.6 0.01330 0.01328 0.01728   6872     397755.8 0.0121
3  1  25.6 0.01350 0.01348 0.01728   5666     327951.7 0.0133
3  1  25.6 0.01370 0.01367 0.01728   4700     272039.0 0.0146
3  1  25.6 0.01390 0.01387 0.01728   3954     228860.1 0.0159
3  1  25.6 0.01410 0.01406 0.01728   3340     193321.3 0.0173
3  1  25.6 0.01430 0.01426 0.01728   2998     173526.2 0.0183
3  1  25.6 0.01450 0.01445 0.01728   2770     160329.4 0.0190
3  1  25.6 0.01470 0.01475 0.01728   2456     142154.9 0.0202
3  1  25.6 0.01490 0.01494 0.01728   2318     134167.3 0.0208
3  1  25.6 0.01510 0.01514 0.01728   2232     129189.6 0.0212
3  1  25.6 0.01530 0.01533 0.01828   2310     126363.2 0.0208
3  1  25.6 0.01550 0.01553 0.01828   2310     126363.2 0.0208
3  1  25.6 0.01570 0.01572 0.01955   2340     119708.8 0.0207
3  1  25.6 0.01590 0.01592 0.01955   2248     115002.3 0.0211
3  1  25.6 0.01610 0.01611 0.01978   2248     113656.6 0.0211
3  1  25.6 0.01630 0.01631 0.01980   2304     116383.1 0.0208
3  1  25.6 0.01650 0.01650 0.02054   2306     112290.2 0.0208
3  1  25.6 0.01670 0.01670 0.02054   2290     111511.1 0.0209
3  1  25.6 0.01690 0.01689 0.02120   2338     110261.9 0.0207
3  1  25.6 0.01710 0.01709 0.02120   2300     108469.8 0.0209
3  1  25.6 0.01730 0.01729 0.02146   2268     105709.1 0.0210
3  1  25.6 0.01750 0.01748 0.02292   2268      98969.4 0.0210
3  1  25.6 0.01770 0.01768 0.02315   2248      97125.4 0.0211
3  1  25.6 0.01790 0.01787 0.02319   2276      98158.1 0.0210
3  1  25.6 0.01810 0.01807 0.02319   2256      97295.6 0.0211
3  1  25.6 0.01830 0.01826 0.02473   2346      94879.0 0.0206
3  1  25.6 0.01850 0.01846 0.02473   2254      91158.3 0.0211
3  1  25.6 0.01870 0.01865 0.02706   2282      84324.5 0.0209
3  1  25.6 0.01890 0.01895 0.02853   2304      80769.5 0.0208
3  1  25.6 0.01910 0.01914 0.02902   2276      78423.4 0.0210
3  1  25.6 0.01930 0.01934 0.03097   2222      71751.3 0.0212
3  1  25.6 0.01950 0.01953 0.03097   2226      71880.5 0.0212
3  1  25.6 0.01970 0.01973 0.03491   2298      65824.6 0.0209
3  1  25.6 0.01990 0.01992 0.03676   2282      62071.5 0.0209
3  1  25.6 0.02010 0.02012 0.04151   2330      56132.4 0.0207
3  1  25.6 0.02030 0.02031 0.04510   2258      50065.3 0.0210
3  1  25.6 0.02050 0.02051 0.05063   2264      44717.7 0.0210
3  1  25.6 0.02070 0.02070 0.05586   2306      41283.6 0.0208
3  1  25.6 0.02090 0.02090 0.06288   2232      35499.0 0.0212
3  1  25.6 0.02110 0.02109 0.07529   2312      30706.8 0.0208
3  1  25.6 0.02130 0.02129 0.08605   2318      26939.4 0.0208
3  1  25.6 0.02150 0.02148 0.09763   2234      22881.2 0.0212
3  1  25.6 0.02170 0.02168 0.11362   2232      19644.5 0.0212
3  1  25.6 0.02190 0.02188 0.12598   2230      17701.3 0.0212
3  1  25.6 0.02210 0.02207 0.14365   2250      15662.7 0.0211
3  1  25.6 0.02230 0.02227 0.15817   2296      14515.6 0.0209
3  1  25.6 0.02250 0.02246 0.16768   2282      13609.0 0.0209
3  1  25.6 0.02270 0.02266 0.18211   2276      12498.1 0.0210
3  1  25.6 0.02290 0.02285 0.19329   2252      11651.0 0.0211
3  1  25.6 0.02310 0.02314 0.20800   2292      11019.4 0.0209
3  1  25.6 0.02330 0.02334 0.21476   2242      10439.4 0.0211
3  1  25.6 0.02350 0.02354 0.23180   2420      10440.0 0.0203
3  1  25.6 0.02370 0.02373 0.23264   2240       9628.6 0.0211
3  1  25.6 0.02390 0.02393 0.23647   2288       9675.6 0.0209
3  1  25.6 0.02410 0.02412 0.24459   2280       9321.7 0.0209
3  1  25.6 0.02430 0.02432 0.24459   2252       9207.2 0.0211
3  1  25.6 0.02450 0.02451 0.25697   2292       8919.4 0.0209
3  1  25.6 0.02470 0.02471 0.27425   2282       8320.9 0.0209
3  1  25.6 0.02490 0.02490 0.27425   2236       8153.2 0.0211
3  1  25.6 0.02510 0.02510 0.28881   2314       8012.3 0.0208
3  1  25.6 0.02530 0.02529 0.30327   2358       7775.2 0.0206
3  1  25.6 0.02550 0.02549 0.30327   2272       7491.6 0.0210
3  1  25.6 0.02570 0.02568 0.31877   2238       7020.8 0.0211
3  1  25.6 0.02590 0.02588 0.31877   2254       7071.0 0.0211
3  1  25.6 0.02610 0.02607 0.34985   2354       6728.6 0.0206
3  1  25.6 0.02630 0.02627 0.35889   2340       6520.0 0.0207
3  1  25.6 0.02650 0.02646 0.35889   2232       6219.1 0.0212
3  1  25.6 0.02670 0.02666 0.38303   2306       6020.5 0.0208
3  1  25.6 0.02690 0.02686 0.39845   2222       5576.6 0.0212
3  1  25.6 0.02710 0.02715 0.42524   2274       5347.5 0.0210
3  1  25.6 0.02730 0.02734 0.45297   2242       4949.6 0.0211
3  1  25.6 0.02750 0.02754 0.49140   2284       4648.0 0.0209
3  1  25.6 0.02770 0.02773 0.50868   2294       4509.7 0.0209
3  1  25.6 0.02790 0.02793 0.55570   2322       4178.5 0.0208
3  1  25.6 0.02810 0.02813 0.59204   2296       3878.1 0.0209
3  1  25.6 0.02830 0.02832 0.64195   2308       3595.3 0.0208
3  1  25.6 0.02850 0.02852 0.70654   2284       3232.6 0.0209
3  1  25.6 0.02870 0.02871 0.75548   2290       3031.2 0.0209
3  1  25.6 0.02890 0.02891 0.84615   2304       2722.9 0.0208
3  1  25.6 0.02910 0.02910 0.93135   2254       2420.2 0.0211
3  1  25.6 0.02930 0.02930 1.05762   2278       2153.9 0.0210
3  1  25.6 0.02950 0.02949 1.14079   2256       1977.6 0.0211
3  1  25.6 0.02970 0.02969 1.21000   1978       1634.7 0.0225
3  1  25.5 0.02990 0.02988 1.21000   1794       1482.6 0.0236
3  1  25.5 0.03010 0.03008 1.21000   1676       1385.1 0.0244
3  1  25.5 0.03030 0.03027 1.21000   1506       1244.6 0.0258
3  1  25.5 0.03050 0.03047 1.21000   1432       1183.5 0.0264
3  1  25.5 0.03070 0.03066 1.21000   1348       1114.0 0.0272
3  1  25.5 0.03090 0.03086 1.21000   1290       1066.1 0.0278
3  1  25.5 0.03110 0.03105 1.21000   1198        990.1 0.0289
3  1  25.5 0.03130 0.03135 1.21000   1134        937.2 0.0297
3  1  25.5 0.03150 0.03154 1.21000   1144        945.5 0.0296
3  1  25.5 0.03170 0.03174 1.21000   1024        846.3 0.0312
3  1  25.5 0.03190 0.03193 1.21000   1054        871.1 0.0308
3  1  25.5 0.03210 0.03213 1.21000   1030        851.2 0.0312
3  1  25.5 0.03230 0.03232 1.21000   1050        867.8 0.0309
3  1  25.5 0.03250 0.03252 1.21000    996        823.1 0.0317
3  1  25.5 0.03270 0.03271 1.21000    924        763.6 0.0329
3  1  25.5 0.03290 0.03291 1.21000    940        776.9 0.0326
3  1  25.5 0.03310 0.03311 1.21000    846        699.2 0.0344
3  1  25.5 0.03330 0.03330 1.21000    844        697.5 0.0344
3  1  25.5 0.03350 0.03350 1.21000    854        705.8 0.0342
3  1  25.5 0.03370 0.03369 1.21000    788        651.2 0.0356
3  1  25.5 0.03390 0.03389 1.21000    790        652.9 0.0356
3  1  25.5 0.03410 0.03408 1.21000    752        621.5 0.0365
3  1  25.5 0.03430 0.03428 1.21000    756        624.8 0.0364
3  1  25.5 0.03450 0.03447 1.21000    714        590.1 0.0374
3  1  25.5 0.03470 0.03467 1.21000    720        595.0 0.0373
3  1  25.5 0.03490 0.03486 1.21000    650        537.2 0.0392
3  1  25.5 0.03510 0.03506 1.21000    652        538.8 0.0392
3  1  25.5 0.03530 0.03525 1.21000    692        571.9 0.0380
3  1  25.5 0.03550 0.03555 1.21000    548        452.9 0.0427
3  1  25.5 0.03570 0.03574 1.21000    540        446.3 0.0430
3  1  25.5 0.03590 0.03594 1.21000    524        433.1 0.0437
3  1  25.5 0.03610 0.03613 1.21000    514        424.8 0.0441
3  1  25.5 0.03630 0.03633 1.21000    494        408.3 0.0450
3  1  25.5 0.03650 0.03652 1.21000    500        413.2 0.0447
3  1  25.5 0.03670 0.03672 1.21000    482        398.3 0.0455
3  1  25.5 0.03690 0.03691 1.21000    430        355.4 0.0482
3  1  25.5 0.03710 0.03711 1.21000    412        340.5 0.0493
3  1  25.5 0.03730 0.03730 1.21000    404        333.9 0.0498
3  1  25.5 0.03750 0.03750 1.21000    370        305.8 0.0520
3  1  25.5 0.03770 0.03770 1.21000    364        300.8 0.0524
3  1  25.5 0.03790 0.03789 1.21000    332        274.4 0.0549
3  1  25.5 0.03810 0.03809 1.21000    328        271.1 0.0552
3  1  25.5 0.03830 0.03828 1.21000    338        279.3 0.0544
3  1  25.5 0.03850 0.03848 1.21000    328        271.1 0.0552
3  1  25.5 0.03870 0.03867 1.21000    294        243.0 0.0583
3  1  25.5 0.03890 0.03887 1.21000    312        257.9 0.0566
3  1  25.5 0.03910 0.03906 1.21000    344        284.3 0.0539
3  1  25.5 0.03930 0.03926 1.21000    292        241.3 0.0585
3  1  25.5 0.03950 0.03945 1.21000    264        218.2 0.0615
3  1  25.5 0.03970 0.03975 1.21000    278        229.8 0.0600
3  1  25.5 0.03990 0.03994 1.21000    276        228.1 0.0602
3  2  25.5 0.00010 0.00010 1.21000  20700      17107.4 0.0070
3  2  25.5 0.00030 0.00029 1.21000  45570      37661.2 0.0047
3  2  25.5 0.00050 0.00049 0.72033  71888      99798.2 0.0037
3  2  25.5 0.00070 0.00068 0.35239  72084     204556.2 0.0037
3  2  25.5 0.00090 0.00088 0.19358  75682     390964.4 0.0036
3  2  25.5 0.00110 0.00107 0.10634  75024     705530.2 0.0037
3  2  25.5 0.00130 0.00127 0.06090  72296    1187063.3 0.0037
3  2  25.5 0.00150 0.00146 0.04040  71626    1772979.2 0.0037
3  2  25.5 0.00170 0.00166 0.02951  72098    2442905.8 0.0037
3  2  25.5 0.00190 0.00186 0.02380  71888    3020718.4 0.0037
3  2  25.5 0.00210 0.00215 0.01948  72116    3702183.5 0.0037
3  2  25.5 0.00230 0.00234 0.01948  77546    3980940.7 0.0036
3  2  25.5 0.00250 0.00254 0.01734  72302    4170646.5 0.0037
3  2  25.5 0.00270 0.00273 0.01734  74558    4300780.9 0.0037
3  2  25.5 0.00290 0.00293 0.01734  75978    4382691.8 0.0036
3  2  25.5 0.00310 0.00313 0.01734  76920    4437029.8 0.0036
3  2  25.5 0.00330 0.00332 0.01734  77554    4473601.3 0.0036
3  2  25.5 0.00350 0.00352 0.01734  78032    4501174.1 0.0036
3  2  25.5 0.00370 0.00371 0.01734  78316    4517556.3 0.0036
3  2  25.5 0.00390 0.00391 0.01734  78476    4526785.7 0.0036
3  2  25.5 0.00410 0.00410 0.01734  78550    4531054.3 0.0036
3  2  25.5 0.00430 0.00430 0.01734  78530    4529900.6 0.0036
3  2  25.5 0.00450 0.00449 0.01734  78392    4521940.2 0.0036
3  2  25.5 0.00470 0.00469 0.01734  78142    4507519.3 0.0036
3  2  25.5 0.00490 0.00488 0.01734  77728    4483638.3 0.0036
3  2  25.5 0.00510 0.00508 0.01734  77102    4447528.3 0.0036
3  2  25.5 0.00530 0.00527 0.01734  76170    4393767.1 0.0036
3  2  25.5 0.00550 0.00547 0.01734  74764    4312663.8 0.0037
3  2  25.5 0.00570 0.00566 0.01734  72698    4193489.3 0.0037
3  2  25.5 0.00590 0.00586 0.01734  69392    4002787.0 0.0038
3  2  25.5 0.00610 0.00605 0.01734  65124    3756593.0 0.0039
3  2  25.5 0.00630 0.00635 0.01734  55534    3203406.3 0.0042
3  2  25.5 0.00650 0.00654 0.01734  47302    2728554.1 0.0046
3  2  25.5 0.00670 0.00674 0.01734  38898    2243780.4 0.0051
3  2  25.5 0.00690 0.00693 0.01734  31796    1834110.8 0.0056
3  2  25.5 0.00710 0.00713 0.01734  26440    1525156.9 0.0061
3  2  25.5 0.00730 0.00732 0.01734  23284    1343107.2 0.0066
3  2  25.5 0.00750 0.00752 0.01734  21124    1218510.4 0.0069
3  2  25.5 0.00770 0.00771 0.01734  20700    1194052.5 0.0070
3  2  25.5 0.00790 0.00791 0.01734  19620    1131754.1 0.0071
3  2  25.5 0.00810 0.00811 0.01734  19456    1122294.0 0.0072
3  2  25.5 0.00830 0.00830 0.01734  19094    1101412.5 0.0072
3  2  25.5 0.00850 0.00850 0.01734  19378    1117794.6 0.0072
3  2  25.5 0.00870 0.00869 0.01734  19330    1115025.8 0.0072
3  2  25.5 0.00890 0.00889 0.01734  19434    1121024.9 0.0072
3  2  25.5 0.00910 0.00908 0.01734  19654    1133715.3 0.0071
3  2  25.5 0.00930 0.00928 0.01734  19564    1128523.8 0.0071
3  2  25.5 0.00950 0.00947 0.01734  19496    1124601.3 0.0072
3  2  25.5 0.00970 0.00967 0.01734  19428    1120678.8 0.0072
3  2  25.5 0.00990 0.00986 0.01734  19108    1102220.0 0.0072
3  2  25.5 0.01010 0.01006 0.01734  19428    1120678.8 0.0072
3  2  25.5 0.01030 0.01025 0.01734  19458    1122409.3 0.0072
3  2  25.5 0.01050 0.01055 0.01734  19134    1103719.8 0.0072
3  2  25.5 0.01070 0.01074 0.01734  19056    1099220.5 0.0072
3  2  25.5 0.01090 0.01094 0.01734  19276    1111910.9 0.0072
3  2  25.5 0.01110 0.01113 0.01734  19072    1100143.4 0.0072
3  2  25.5 0.01130 0.01133 0.01734  18562    1070724.7 0.0073
3  2  25.5 0.01150 0.01152 0.01734  18276    1054227.2 0.0074
3  2  25.5 0.01170 0.01172 0.01734  18142    1046497.6 0.0074
3  2  25.5 0.01190 0.01191 0.01734  16686     962510.1 0.0077
3  2  25.5 0.01210 0.01211 0.01734  15878     915901.7 0.0079
3  2  25.5 0.01230 0.01230 0.01734  14560     839874.6 0.0083
3  2  25.5 0.01250 0.01250 0.01734  13016     750811.0 0.0088
3  2  25.5 0.01270 0.01270 0.01734  11614     669938.4 0.0093
3  2  25.5 0.01290 0.01289 0.01734   9788     564608.0 0.0101
3  2  25.5 0.01310 0.01309 0.01734   8464     488234.8 0.0109
3  2  25.5 0.01330 0.01328 0.01734   7038     405977.8 0.0119
3  2  25.5 0.01350 0.01348 0.01734   5906     340679.9 0.0130
3  2  25.5 0.01370 0.01367 0.01734   4768     275035.9 0.0145
3  2  25.5 0.01390 0.01387 0.01734   4028     232349.9 0.0158
3  2  25.5 0.01410 0.01406 0.01734   3500     201892.9 0.0169
3  2  25.5 0.01430 0.01426 0.01734   3090     178242.6 0.0180
3  2  25.5 0.01450 0.01445 0.01734   2830     163244.9 0.0188
3  2  25.5 0.01470 0.01475 0.01734   2392     137979.4 0.0204
3  2  25.4 0.01490 0.01494 0.01734   2358     136018.2 0.0206
3  2  25.4 0.01510 0.01514 0.01734   2222     128173.2 0.0212
3  2  25.4 0.01530 0.01533 0.01734   2332     134518.4 0.0207
3  2  25.4 0.01550 0.01553 0.01734   2250     129788.3 0.0211
3  2  25.4 0.01570 0.01572 0.01898   2326     122573.6 0.0207
3  2  25.4 0.01590 0.01592 0.01898   2334     122995.2 0.0207
3  2  25.4 0.01610 0.01611 0.01898   2230     117514.7 0.0212
3  2  25.5 0.01630 0.01631 0.01917   2228     116246.8 0.0212
3  2  25.5 0.01650 0.01650 0.01988   2276     114475.8 0.0210
3  2  25.5 0.01670 0.01670 0.02049   2234     109025.8 0.0212
3  2  25.5 0.01690 0.01689 0.02132   2272     106588.8 0.0210
3  2  25.5 0.01710 0.01709 0.02132   2322     108934.5 0.0208
3  2  25.4 0.01730 0.01729 0.02334   2394     102583.7 0.0204
3  2  25.4 0.01750 0.01748 0.02334   2368     101469.6 0.0205
3  2  25.4 0.01770 0.01768 0.02334   2264      97013.2 0.0210
3  2  25.4 0.01790 0.01787 0.02357   2424     102840.8 0.0203
3  2  25.4 0.01810 0.01807 0.02357   2254      95628.4 0.0211
3  2  25.4 0.01830 0.01826 0.02524   2284      90480.7 0.0209
3  2  25.4 0.01850 0.01846 0.02524   2234      88499.9 0.0212
3  2  25.4 0.01870 0.01865 0.02793   2368      84794.4 0.0205
3  2  25.4 0.01890 0.01895 0.02826   2294      81183.4 0.0209
3  2  25.4 0.01910 0.01914 0.03024   2354      77842.2 0.0206
3  2  25.4 0.01930 0.01934 0.03046   2254      73998.7 0.0211
3  2  25.4 0.01950 0.01953 0.03254   2232      68592.9 0.0212
3  2  25.4 0.01970 0.01973 0.03347   2240      66918.0 0.0211
3  2  25.4 0.01990 0.01992 0.03779   2234      59109.7 0.0212
3  2  25.4 0.02010 0.02012 0.04113   2242      54515.9 0.0211
3  2  25.4 0.02030 0.02031 0.04611   2238      48540.7 0.0211
3  2  25.4 0.02050 0.02051 0.05109   2238      43808.2 0.0211
3  2  25.4 0.02070 0.02070 0.05978   2310      38642.9 0.0208
3  2  25.4 0.02090 0.02090 0.06717   2326      34628.6 0.0207
3  2  25.4 0.02110 0.02109 0.07470   2282      30548.7 0.0209
3  2  25.4 0.02130 0.02129 0.08792   2230      25365.1 0.0212
3  2  25.4 0.02150 0.02148 0.10527   2238      21260.0 0.0211
3  2  25.4 0.02170 0.02168 0.12032   2274      18899.3 0.0210
3  2  25.4 0.02190 0.02188 0.13408   2236      16676.6 0.0211
3  2  25.4 0.02210 0.02207 0.15501   2312      14915.3 0.0208
3  2  25.4 0.02230 0.02227 0.16424   2252      13711.6 0.0211
3  2  25.4 0.02250 0.02246 0.18413   2264      12295.8 0.0210
3  2  25.4 0.02270 0.02266 0.19606   2272      11588.3 0.0210
3  2  25.4 0.02290 0.02285 0.20415   2248      11011.8 0.0211
3  2  25.4 0.02310 0.02314 0.21956   2240      10202.2 0.0211
3  2  25.4 0.02330 0.02334 0.23012   2264       9838.2 0.0210
3  2  25.4 0.02350 0.02354 0.24326   2276       9356.2 0.0210
3  2  25.4 0.02370 0.02373 0.24326   2244       9224.7 0.0211
3  2  25.4 0.02390 0.02393 0.26308   2240       8514.6 0.0211
3  2  25.4 0.02410 0.02412 0.26308   2254       8567.9 0.0211
3  2  25.4 0.02430 0.02432 0.27836   2352       8449.5 0.0206
3  2  25.4 0.02450 0.02451 0.29314   2308       7873.5 0.0208
3  2  25.4 0.02470 0.02471 0.29314   2398       8180.5 0.0204
3  2  25.4 0.02490 0.02490 0.29314   2284       7791.6 0.0209
3  2  25.4 0.02510 0.02510 0.31195   2274       7289.7 0.0210
3  2  25.4 0.02530 0.02529 0.32420   2242       6915.4 0.0211
3  2  25.4 0.02550 0.02549 0.33948   2226       6557.1 0.0212
3  2  25.4 0.02570 0.02568 0.33948   2300       6775.0 0.0209
3  2  25.4 0.02590 0.02588 0.34257   2276       6644.0 0.0210
3  2  25.4 0.02610 0.02607 0.36858   2268       6153.4 0.0210
3  2  25.4 0.02630 0.02627 0.39150   2318       5920.7 0.0208
3  2  25.4 0.02650 0.02646 0.39363   2256       5731.3 0.0211
3  2  25.4 0.02670 0.02666 0.43103   2264       5252.5 0.0210
3  2  25.4 0.02690 0.02686 0.43613   2290       5250.7 0.0209
3  2  25.4 0.02710 0.02715 0.47786   2294       4800.6 0.0209
3  2  25.4 0.02730 0.02734 0.51567   2340       4537.8 0.0207
3  2  25.4 0.02750 0.02754 0.53493   2380       4449.2 0.0205
3  2  25.4 0.02770 0.02773 0.57435   2342       4077.6 0.0207
3  2  25.4 0.02790 0.02793 0.61063   2248       3681.5 0.0211
3  2  25.4 0.02810 0.02813 0.62874   2240       3562.7 0.0211
3  2  25.4 0.02830 0.02832 0.70558   2252       3191.7 0.0211
3  2  25.4 0.02850 0.02852 0.76329   2266       2968.7 0.0210
3  2  25.4 0.02870 0.02871 0.91908   2342       2548.2 0.0207
3  2  25.4 0.02890 0.02891 0.95074   2322       2442.3 0.0208
3  2  25.4 0.02910 0.02910 1.05417   2228       2113.5 0.0212
3  2  25.4 0.02930 0.02930 1.15601   2280       1972.3 0.0209
3  2  25.4 0.02950 0.02949 1.21000   2048       1692.6 0.0221
3  2  25.4 0.02970 0.02969 1.21000   1810       1495.9 0.0235
3  2  25.4 0.02990 0.02988 1.21000   1612       1332.2 0.0249
3  2  25.4 0.03010 0.03008 1.21000   1490       1231.4 0.0259
3  2  25.4 0.03030 0.03027 1.21000   1370       1132.2 0.0270
3  2  25.4 0.03050 0.03047 1.21000   1248       1031.4 0.0283
3  2  25.4 0.03070 0.03066 1.21000   1194        986.8 0.0289
3  2  25.4 0.03090 0.03086 1.21000   1126        930.6 0.0298
3  2  25.4 0.03110 0.03105 1.21000   1104        912.4 0.0301
3  2  25.4 0.03130 0.03135 1.21000   1052        869.4 0.0308
3  2  25.4 0.03150 0.03154 1.21000    994        821.5 0.0317
3  2  25.4 0.03170 0.03174 1.21000    942        778.5 0.0326
3  2  25.4 0.03190 0.03193 1.21000    962        795.0 0.0322
3  2  25.4 0.03210 0.03213 1.21000    962        795.0 0.0322
3  2  25.4 0.03230 0.03232 1.21000    942        778.5 0.0326
3  2  25.4 0.03250 0.03252 1.21000    870        719.0 0.0339
3  2  25.4 0.03270 0.03271 1.21000    874        722.3 0.0338
3  2  25.4 0.03290 0.03291 1.21000    806        666.1 0.0352
3  2  25.4 0.03310 0.03311 1.21000    798        659.5 0.0354
3  2  25.4 0.03330 0.03330 1.21000    748        618.2 0.0366
3  2  25.4 0.03350 0.03350 1.21000    752        621.5 0.0365
3  2  25.4 0.03370 0.03369 1.21000    734        606.6 0.0369
3  2  25.4 0.03390 0.03389 1.21000    690        570.2 0.0381
3  2  25.4 0.03410 0.03408 1.21000    698        576.9 0.0379
3  2  25.4 0.03430 0.03428 1.21000    630        520.7 0.0398
3  2  25.4 0.03450 0.03447 1.21000    674        557.0 0.0385
3  2  25.4 0.03470 0.03467 1.21000    614        507.4 0.0404
3  2  25.4 0.03490 0.03486 1.21000    610        504.1 0.0405
3  2  25.4 0.03510 0.03506 1.21000    588        486.0 0.0412
3  2  25.4 0.03530 0.03525 1.21000    536        443.0 0.0432
3  2  25.4 0.03550 0.03555 1.21000    576        476.0 0.0417
3  2  25.4 0.03570 0.03574 1.21000    512        423.1 0.0442
3  2  25.4 0.03590 0.03594 1.21000    440        363.6 0.0477
3  2  25.4 0.03610 0.03613 1.21000    470        388.4 0.0461
3  2  25.4 0.03630 0.03633 1.21000    448        370.2 0.0472
3  2  25.4 0.03650 0.03652 1.21000    444        366.9 0.0475
3  2  25.4 0.03670 0.03672 1.21000    494        408.3 0.0450
3  2  25.4 0.03690 0.03691 1.21000    372        307.4 0.0518
3  2  25.4 0.03710 0.03711 1.21000    378        312.4 0.0514
3  2  25.4 0.03730 0.03730 1.21000    360        297.5 0.0527
3  2  25.4 0.03750 0.03750 1.21000    410        338.8 0.0494
3  2  25.4 0.03770 0.03770 1.21000    360        297.5 0.0527
3  2  25.4 0.03790 0.03789 1.21000    302        249.6 0.0575
3  2  25.4 0.03810 0.03809 1.21000    300        247.9 0.0577
3  2  25.4 0.03830 0.03828 1.21000    292        241.3 0.0585
3  2  25.4 0.03850 0.03848 1.21000    304        251.2 0.0574
3  2  25.4 0.03870 0.03867 1.21000    320        264.5 0.0559
3  2  25.4 0.03890 0.03887 1.21000    274        226.4 0.0604
3  2  25.4 0.03910 0.03906 1.21000    270        223.1 0.0609
3  2  25.4 0.03930 0.03926 1.21000    294        243.0 0.0583
3  2  25.4 0.03950 0.03945 1.21000    282        233.1 0.0595
3  2  25.4 0.03970 0.03975 1.21000    274        226.4 0.0604
3  2  25.4 0.03990 0.03994 1.21000    274        226.4 0.0604
3  3  25.4 0.00010 0.00010 1.21000  20738      17138.8 0.0069
3  3  25.4 0.00030 0.00029 1.21000  46446      38385.1 0.0046
3  3  25.4 0.00050 0.00049 0.69744  71682     102779.4 0.0037
3  3  25.4 0.00070 0.00068 0.34388  72756     211574.8 0.0037
3  3  25.4 0.00090 0.00088 0.18890  75678     400622.7 0.0036
3  3  25.4 0.00110 0.00107 0.10377  74746     720318.7 0.0037
3  3  25.4 0.00130 0.00127 0.05975  71740    1200702.5 0.0037
3  3  25.4 0.00150 0.00146 0.03994  72746    1821541.0 0.0037
3  3  25.4 0.00170 0.00166 0.02902  71862    2475882.6 0.0037
3  3  25.4 0.00190 0.00186 0.02361  71188    3014729.2 0.0037
3  3  25.4 0.00210 0.00215 0.01942  72356    3726313.6 0.0037
3  3  25.4 0.00230 0.00234 0.01942  77588    3995760.1 0.0036
3  3  25.4 0.00250 0.00254 0.01719  71732    4171958.1 0.0037
3  3  25.4 0.00270 0.00273 0.01719  73910    4298631.3 0.0037
3  3  25.4 0.00290 0.00293 0.01719  75322    4380753.7 0.0036
3  3  25.4 0.00310 0.00313 0.01719  76234    4433796.0 0.0036
3  3  25.4 0.00330 0.00332 0.01719  76862    4470320.7 0.0036
3  3  25.4 0.00350 0.00352 0.01719  77314    4496609.2 0.0036
3  3  25.4 0.00370 0.00371 0.01719  77584    4512312.4 0.0036
3  3  25.4 0.00390 0.00391 0.01719  77752    4522083.4 0.0036
3  3  25.4 0.00410 0.00410 0.01719  77804    4525107.7 0.0036
3  3  25.4 0.00430 0.00430 0.01719  77774    4523362.9 0.0036
3  3  25.4 0.00450 0.00449 0.01719  77646    4515918.4 0.0036
3  3  25.4 0.00470 0.00469 0.01719  77394    4501262.0 0.0036
3  3  25.4 0.00490 0.00488 0.01719  76984    4477416.2 0.0036
3  3  25.4 0.00510 0.00508 0.01719  76324    4439030.4 0.0036
3  3  25.4 0.00530 0.00527 0.01719  75354    4382614.9 0.0036
3  3  25.4 0.00550 0.00547 0.01719  74044    4306424.8 0.0037
3  3  25.4 0.00570 0.00566 0.01719  71924    4183124.9 0.0037
3  3  25.4 0.00590 0.00586 0.01719  68708    3996081.2 0.0038
3  3  25.4 0.00610 0.00605 0.01719  64212    3734592.3 0.0039
3  3  25.4 0.00630 0.00635 0.01719  54526    3171251.1 0.0043
3  3  25.4 0.00650 0.00654 0.01719  46420    2699803.4 0.0046
3  3  25.4 0.00670 0.00674 0.01719  37894    2203928.2 0.0051
3  3  25.4 0.00690 0.00693 0.01719  30766    1789361.3 0.0057
3  3  25.4 0.00710 0.00713 0.01719  25944    1508912.1 0.0062
3  3  25.4 0.00730 0.00732 0.01719  22446    1305467.2 0.0067
3  3  25.4 0.00750 0.00752 0.01719  20384    1185540.5 0.0070
3  3  25.4 0.00770 0.00771 0.01719  19372    1126682.3 0.0072
3  3  25.4 0.00790 0.00791 0.01719  18950    1102138.6 0.0073
3  3  25.4 0.00810 0.00811 0.01719  18726    1089110.7 0.0073
3  3  25.4 0.00830 0.00830 0.01719  18590    1081200.9 0.0073
3  3  25.4 0.00850 0.00850 0.01719  18586    1080968.2 0.0073
3  3  25.4 0.00870 0.00869 0.01719  18386    1069336.2 0.0074
3  3  25.4 0.00890 0.00889 0.01719  18680    1086435.3 0.0073
3  3  25.4 0.00910 0.00908 0.01719  18392    1069685.1 0.0074
3  3  25.4 0.00930 0.00928 0.01719  18514    1076780.7 0.0073
3  3  25.4 0.00950 0.00947 0.01719  18476    1074570.6 0.0074
3  3  25.4 0.00970 0.00967 0.01719  18482    1074919.6 0.0074
3  3  25.4 0.00990 0.00986 0.01719  18696    1087365.9 0.0073
3  3  25.4 0.01010 0.01006 0.01719  18490    1075384.8 0.0074
3  3  25.4 0.01030 0.01025 0.01719  18502    1076082.8 0.0074
3  3  25.4 0.01050 0.01055 0.01719  18286    1063520.1 0.0074
3  3  25.4 0.01070 0.01074 0.01719  18266    1062356.9 0.0074
3  3  25.4 0.01090 0.01094 0.01719  18476    1074570.6 0.0074
3  3  25.4 0.01110 0.01113 0.01719  18046    1049561.6 0.0074
3  3  25.4 0.01130 0.01133 0.01719  17936    1043164.0 0.0075
3  3  25.4 0.01150 0.01152 0.01719  17540    1020132.5 0.0076
3  3  25.4 0.01170 0.01172 0.01719  17004     988958.6 0.0077
3  3  25.4 0.01190 0.01191 0.01719  16502     959762.1 0.0078
3  3  25.4 0.01210 0.01211 0.01719  15618     908348.3 0.0080
3  3  25.4 0.01230 0.01230 0.01719  14330     833437.8 0.0084
3  3  25.4 0.01250 0.01250 0.01719  12956     753525.5 0.0088
3  3  25.4 0.01270 0.01270 0.01719  11546     671519.4 0.0093
3  3  25.4 0.01290 0.01289 0.01719   9878     574507.9 0.0101
3  3  25.4 0.01310 0.01309 0.01719   8624     501574.8 0.0108
3  3  25.4 0.01330 0.01328 0.01719   7310     425152.1 0.0117
3  3  25.4 0.01350 0.01348 0.01719   6278     365130.7 0.0126
3  3  25.4 0.01370 0.01367 0.01719   5144     299176.8 0.0139
3  3  25.4 0.01390 0.01387 0.01719   4134     240434.9 0.0156
3  3  25.4 0.01410 0.01406 0.01719   3624     210773.1 0.0166
3  3  25.4 0.01430 0.01426 0.01719   3192     185647.8 0.0177
3  3  25.4 0.01450 0.01445 0.01719   2854     165989.6 0.0187
3  3  25.4 0.01470 0.01475 0.01719   2568     149355.8 0.0197
3  3  25.4 0.01490 0.01494 0.01719   2458     142958.1 0.0202
3  3  25.4 0.01510 0.01514 0.01719   2356     137025.8 0.0206
3  3  25.4 0.01530 0.01533 0.01719   2308     134234.1 0.0208
3  3  25.4 0.01550 0.01553 0.01770   2266     128022.3 0.0210
3  3  25.4 0.01570 0.01572 0.01770   2276     128587.3 0.0210
3  3  25.4 0.01590 0.01592 0.01784   2234     125191.9 0.0212
3  3  25.4 0.01610 0.01611 0.01784   2240     125528.2 0.0211
3  3  25.4 0.01630 0.01631 0.01931   2284     118277.0 0.0209
3  3  25.4 0.01650 0.01650 0.01983   2256     113777.5 0.0211
3  3  25.4 0.01670 0.01670 0.01983   2348     118417.4 0.0206
3  3  25.4 0.01690 0.01689 0.01983   2256     113777.5 0.0211
3  3  25.4 0.01710 0.01709 0.02059   2308     112104.5 0.0208
3  3  25.4 0.01730 0.01729 0.02132   2246     105361.6 0.0211
3  3  25.4 0.01750 0.01748 0.02132   2274     106675.1 0.0210
3  3  25.4 0.01770 0.01768 0.02132   2240     105080.2 0.0211
3  3  25.4 0.01790 0.01787 0.02316   2288      98793.7 0.0209
3  3  25.4 0.01810 0.01807 0.02430   2378      97873.9 0.0205
3  3  25.4 0.01830 0.01826 0.02438   2282      93584.5 0.0209
3  3  25.4 0.01850 0.01846 0.02585   2366      91517.6 0.0206
3  3  25.4 0.01870 0.01865 0.02671   2262      84682.1 0.0210
3  3  25.4 0.01890 0.01895 0.02796   2224      79553.0 0.0212
3  3  25.4 0.01910 0.01914 0.02932   2344      79947.4 0.0207
3  3  25.4 0.01930 0.01934 0.03123   2312      74029.5 0.0208
3  3  25.4 0.01950 0.01953 0.03123   2234      71531.9 0.0212
3  3  25.4 0.01970 0.01973 0.03466   2330      67219.1 0.0207
3  3  25.4 0.01990 0.01992 0.03728   2228      59763.8 0.0212
3  3  25.4 0.02010 0.02012 0.04115   2362      57400.3 0.0206
3  3  25.4 0.02030 0.02031 0.04452   2240      50319.7 0.0211
3  3  25.4 0.02050 0.02051 0.05018   2366      47147.7 0.0206
3  3  25.4 0.02070 0.02070 0.05385   2268      42115.2 0.0210
3  3  25.4 0.02090 0.02090 0.06136   2250      36666.5 0.0211
3  3  25.4 0.02110 0.02109 0.07222   2290      31708.8 0.0209
3  3  25.4 0.02130 0.02129 0.08384   2308      27528.2 0.0208
3  3  25.4 0.02150 0.02148 0.09593   2322      24205.3 0.0208
3  3  25.4 0.02170 0.02168 0.10853   2306      21247.3 0.0208
3  3  25.4 0.02190 0.02188 0.12131   2298      18943.8 0.0209
3  3  25.4 0.02210 0.02207 0.14050   2310      16441.7 0.0208
3  3  25.4 0.02230 0.02227 0.14973   2228      14880.1 0.0212
3  3  25.4 0.02250 0.02246 0.16552   2282      13786.7 0.0209
3  3  25.4 0.02270 0.02266 0.17814   2248      12619.6 0.0211
3  3  25.4 0.02290 0.02285 0.18927   2248      11876.9 0.0211
3  3  25.4 0.02310 0.02314 0.20515   2250      10967.3 0.0211
3  3  25.4 0.02330 0.02334 0.21302   2242      10525.0 0.0211
3  3  25.4 0.02350 0.02354 0.21913   2232      10185.7 0.0212
3  3  25.4 0.02370 0.02373 0.23058   2268       9836.1 0.0210
3  3  25.4 0.02390 0.02393 0.23058   2234       9688.7 0.0212
3  3  25.4 0.02410 0.02412 0.24224   2224       9180.9 0.0212
3  3  25.4 0.02430 0.02432 0.25443   2262       8890.5 0.0210
3  3  25.4 0.02450 0.02451 0.25443   2244       8819.8 0.0211
3  3  25.4 0.02470 0.02471 0.27066   2330       8608.6 0.0207
3  3  25.4 0.02490 0.02490 0.27237   2226       8172.6 0.0212
3  3  25.4 0.02510 0.02510 0.29932   2246       7503.8 0.0211
3  3  25.4 0.02530 0.02529 0.29932   2274       7597.3 0.0210
3  3  25.4 0.02550 0.02549 0.30762   2348       7632.7 0.0206
3  3  25.4 0.02570 0.02568 0.32630   2346       7189.6 0.0206
3  3  25.4 0.02590 0.02588 0.33138   2242       6765.7 0.0211
3  3  25.4 0.02610 0.02607 0.35096   2228       6348.3 0.0212
3  3  25.4 0.02630 0.02627 0.36750   2274       6187.8 0.0210
3  3  25.4 0.02650 0.02646 0.37797   2306       6101.0 0.0208
3  3  25.4 0.02670 0.02666 0.40339   2238       5548.0 0.0211
3  3  25.4 0.02690 0.02686 0.42691   2278       5336.0 0.0210
3  3  25.4 0.02710 0.02715 0.45136   2242       4967.3 0.0211
3  3  25.4 0.02730 0.02734 0.50296   2438       4847.3 0.0203
3  3  25.4 0.02750 0.02754 0.50296   2276       4525.2 0.0210
3  3  25.4 0.02770 0.02773 0.53709   2296       4274.9 0.0209
3  3  25.4 0.02790 0.02793 0.56082   2222       3962.1 0.0212
3  3  25.4 0.02810 0.02813 0.61145   2250       3679.8 0.0211
3  3  25.4 0.02830 0.02832 0.66604   2280       3423.2 0.0209
3  3  25.4 0.02850 0.02852 0.73384   2310       3147.8 0.0208
3  3  25.4 0.02870 0.02871 0.78697   2290       2909.9 0.0209
3  3  25.4 0.02890 0.02891 0.87521   2322       2653.1 0.0208
3  3  25.4 0.02910 0.02910 0.94955   2236       2354.8 0.0211
3  3  25.4 0.02930 0.02930 1.06233   2288       2153.8 0.0209
3  3  25.4 0.02950 0.02949 1.17901   2264       1920.3 0.0210
3  3  25.4 0.02970 0.02969 1.21000   2130       1760.3 0.0217
3  3  25.4 0.02990 0.02988 1.21000   1934       1598.3 0.0227
3  3  25.4 0.03010 0.03008 1.21000   1686       1393.4 0.0244
3  3  25.4 0.03030 0.03027 1.21000   1650       1363.6 0.0246
3  3  25.4 0.03050 0.03047 1.21000   1472       1216.5 0.0261
3  3  25.4 0.03070 0.03066 1.21000   1368       1130.6 0.0270
3  3  25.4 0.03090 0.03086 1.21000   1346       1112.4 0.0273
3  3  25.4 0.03110 0.03105 1.21000   1252       1034.7 0.0283
3  3  25.4 0.03130 0.03135 1.21000   1172        968.6 0.0292
3  3  25.4 0.03150 0.03154 1.21000   1086        897.5 0.0303
3  3  25.4 0.03170 0.03174 1.21000   1092        902.5 0.0303
3  3  25.4 0.03190 0.03193 1.21000   1072        886.0 0.0305
3  3  25.4 0.03210 0.03213 1.21000    982        811.6 0.0319
3  3  25.4 0.03230 0.03232 1.21000    958        791.7 0.0323
3  3  25.4 0.03250 0.03252 1.21000    928        766.9 0.0328
3  3  25.4 0.03270 0.03271 1.21000    928        766.9 0.0328
3  3  25.4 0.03290 0.03291 1.21000    894        738.8 0.0334
3  3  25.4 0.03310 0.03311 1.21000    850        702.5 0.0343
3  3  25.4 0.03330 0.03330 1.21000    798        659.5 0.0354
3  3  25.4 0.03350 0.03350 1.21000    800        661.2 0.0354
3  3  25.4 0.03370 0.03369 1.21000    792        654.5 0.0355
3  3  25.4 0.03390 0.03389 1.21000    738        609.9 0.0368
3  3  25.4 0.03410 0.03408 1.21000    800        661.2 0.0354
3  3  25.4 0.03430 0.03428 1.21000    740        611.6 0.0368
3  3  25.4 0.03450 0.03447 1.21000    668        552.1 0.0387
3  3  25.4 0.03470 0.03467 1.21000    688        568.6 0.0381
3  3  25.4 0.03490 0.03486 1.21000    654        540.5 0.0391
3  3  25.4 0.03510 0.03506 1.21000    614        507.4 0.0404
3  3  25.4 0.03530 0.03525 1.21000    594        490.9 0.0410
3  3  25.4 0.03550 0.03555 1.21000    572        472.7 0.0418
3  3  25.4 0.03570 0.03574 1.21000    562        464.5 0.0422
3  3  25.4 0.03590 0.03594 1.21000    520        429.8 0.0439
3  3  25.4 0.03610 0.03613 1.21000    502        414.9 0.0446
3  3  25.4 0.03630 0.03633 1.21000    484        400.0 0.0455
3  3  25.4 0.03650 0.03652 1.21000    480        396.7 0.0456
3  3  25.4 0.03670 0.03672 1.21000    432        357.0 0.0481
3  3  25.4 0.03690 0.03691 1.21000    412        340.5 0.0493
3  3  25.4 0.03710 0.03711 1.21000    398        328.9 0.0501
3  3  25.4 0.03730 0.03730 1.21000    386        319.0 0.0509
3  3  25.4 0.03750 0.03750 1.21000    406        335.5 0.0496
3  3  25.4 0.03770 0.03770 1.21000    392        324.0 0.0505
3  3  25.4 0.03790 0.03789 1.21000    342        282.6 0.0541
3  3  25.4 0.03810 0.03809 1.21000    336        277.7 0.0546
3  3  25.4 0.03830 0.03828 1.21000    320        264.5 0.0559
3  3  25.4 0.03850 0.03848 1.21000    326        269.4 0.0554
3  3  25.4 0.03870 0.03867 1.21000    326        269.4 0.0554
3  3  25.4 0.03890 0.03887 1.21000    316        261.2 0.0563
3  3  25.4 0.03910 0.03906 1.21000    318        262.8 0.0561
3  3  25.5 0.03930 0.03926 1.21000    276        228.1 0.0602
3  3  25.5 0.03950 0.03945 1.21000    278        229.8 0.0600
3  3  25.5 0.03970 0.03975 1.21000    304        251.2 0.0574
3  3  25.5 0.03990 0.03994 1.21000    288        238.0 0.0589
