# Scan Time    : Fri, 18 Mar 2022 12:08:25 +0000 (GMT) +231569000 nsec
# Board Lane   : 7
# Board Loc    : BTOF - Northwest
# SiPM Biases  :  57.111  57.073  56.535  55.989
# SiPM Currents:   1.695   1.381   1.205   1.330
#
2 -1  26.4 0.00010 0.00010 1.21000      2          1.7 0.7071
2 -1  26.4 0.00030 0.00029 1.21000      0          0.0 999.9990
2 -1  26.4 0.00050 0.00049 1.21000      6          5.0 0.4082
2 -1  26.4 0.00070 0.00068 1.21000      4          3.3 0.5000
2 -1  26.4 0.00090 0.00088 1.21000      6          5.0 0.4082
2 -1  26.4 0.00110 0.00107 1.21000      4          3.3 0.5000
2 -1  26.4 0.00130 0.00127 1.21000      4          3.3 0.5000
2 -1  26.4 0.00150 0.00146 1.21000      6          5.0 0.4082
2 -1  26.4 0.00170 0.00166 1.21000      4          3.3 0.5000
2 -1  26.4 0.00190 0.00186 1.21000      6          5.0 0.4082
2 -1  26.4 0.00210 0.00215 1.21000     12          9.9 0.2887
2 -1  26.4 0.00230 0.00234 1.21000     16         13.2 0.2500
2 -1  26.4 0.00250 0.00254 1.21000     18         14.9 0.2357
2 -1  26.4 0.00270 0.00273 1.21000     16         13.2 0.2500
2 -1  26.4 0.00290 0.00293 1.21000     10          8.3 0.3162
2 -1  26.4 0.00310 0.00313 1.21000     12          9.9 0.2887
2 -1  26.4 0.00330 0.00332 1.21000     28         23.1 0.1890
2 -1  26.4 0.00350 0.00352 1.21000     24         19.8 0.2041
2 -1  26.4 0.00370 0.00371 1.21000     32         26.4 0.1768
2 -1  26.4 0.00390 0.00391 1.21000     24         19.8 0.2041
2 -1  26.4 0.00410 0.00410 1.21000     30         24.8 0.1826
2 -1  26.4 0.00430 0.00430 1.21000     48         39.7 0.1443
2 -1  26.4 0.00450 0.00449 1.21000     44         36.4 0.1508
2 -1  26.4 0.00470 0.00469 1.21000     36         29.8 0.1667
2 -1  26.4 0.00490 0.00488 1.21000     36         29.8 0.1667
2 -1  26.4 0.00510 0.00508 1.21000     66         54.5 0.1231
2 -1  26.4 0.00530 0.00527 1.21000     70         57.9 0.1195
2 -1  26.4 0.00550 0.00547 1.21000     76         62.8 0.1147
2 -1  26.4 0.00570 0.00566 1.21000    142        117.4 0.0839
2 -1  26.4 0.00590 0.00586 1.21000    278        229.8 0.0600
2 -1  26.4 0.00610 0.00605 1.21000    556        459.5 0.0424
2 -1  26.4 0.00630 0.00635 1.21000   1986       1641.3 0.0224
2 -1  26.4 0.00650 0.00654 1.21000   4812       3976.9 0.0144
2 -1  26.4 0.00670 0.00674 1.21000  11576       9566.9 0.0093
2 -1  26.4 0.00690 0.00693 1.21000  26480      21884.3 0.0061
2 -1  26.4 0.00710 0.00713 1.21000  58142      48051.2 0.0041
2 -1  26.4 0.00730 0.00732 0.69760  72434     103833.7 0.0037
2 -1  26.4 0.00750 0.00752 0.32406  71718     221312.6 0.0037
2 -1  26.4 0.00770 0.00771 0.17801  77708     436530.5 0.0036
2 -1  26.4 0.00790 0.00791 0.08649  72066     833227.0 0.0037
2 -1  26.4 0.00810 0.00811 0.04884  71090    1455431.8 0.0038
2 -1  26.4 0.00830 0.00830 0.02881  71954    2497512.2 0.0037
2 -1  26.4 0.00850 0.00850 0.01878  71462    3805607.3 0.0037
2 -1  26.4 0.00870 0.00869 0.01335  71454    5351987.4 0.0037
2 -1  26.4 0.00890 0.00889 0.01042  72936    6997636.1 0.0037
2 -1  26.4 0.00910 0.00908 0.00842  70936    8429679.8 0.0038
2 -1  26.4 0.00930 0.00928 0.00742  71762    9669857.1 0.0037
2 -1  26.4 0.00950 0.00947 0.00742  78594   10590462.2 0.0036
2 -1  26.4 0.00970 0.00967 0.00636  72748   11434327.9 0.0037
2 -1  26.4 0.00990 0.00986 0.00636  76836   12076868.3 0.0036
2 -1  26.4 0.01010 0.01006 0.00636  79414   12482071.2 0.0035
2 -1  26.4 0.01030 0.01025 0.00562  71138   12666518.3 0.0037
2 -1  26.4 0.01050 0.01055 0.00562  73092   13014438.9 0.0037
2 -1  26.4 0.01070 0.01074 0.00562  74060   13186796.7 0.0037
2 -1  26.4 0.01090 0.01094 0.00562  74590   13281166.1 0.0037
2 -1  26.4 0.01110 0.01113 0.00562  74848   13327104.5 0.0037
2 -1  26.4 0.01130 0.01133 0.00562  74868   13330665.6 0.0037
2 -1  26.4 0.01150 0.01152 0.00562  74388   13245198.9 0.0037
2 -1  26.4 0.01170 0.01172 0.00562  73710   13124477.2 0.0037
2 -1  26.4 0.01190 0.01191 0.00562  72602   12927191.6 0.0037
2 -1  26.4 0.01210 0.01211 0.00562  70700   12588529.9 0.0038
2 -1  26.4 0.01230 0.01230 0.00562  68058   12118107.1 0.0038
2 -1  26.4 0.01250 0.01250 0.00562  64560   11495268.6 0.0039
2 -1  26.4 0.01270 0.01270 0.00562  59592   10610688.5 0.0041
2 -1  26.4 0.01290 0.01289 0.00562  53752    9570843.8 0.0043
2 -1  26.4 0.01310 0.01309 0.00562  47244    8412058.1 0.0046
2 -1  26.4 0.01330 0.01328 0.00562  41280    7350134.6 0.0049
2 -1  26.4 0.01350 0.01348 0.00562  36544    6506863.3 0.0052
2 -1  26.4 0.01370 0.01367 0.00562  32932    5863726.5 0.0055
2 -1  26.4 0.01390 0.01387 0.00562  30294    5394015.9 0.0057
2 -1  26.4 0.01410 0.01406 0.00562  29024    5167885.3 0.0059
2 -1  26.4 0.01430 0.01426 0.00562  28432    5062476.4 0.0059
2 -1  26.4 0.01450 0.01445 0.00562  27532    4902226.4 0.0060
2 -1  26.4 0.01470 0.01475 0.00562  27516    4899377.5 0.0060
2 -1  26.4 0.01490 0.01494 0.00562  26870    4784353.6 0.0061
2 -1  26.4 0.01510 0.01514 0.00562  27388    4876586.4 0.0060
2 -1  26.4 0.01530 0.01533 0.00562  26774    4767260.3 0.0061
2 -1  26.4 0.01550 0.01553 0.00562  26638    4743044.7 0.0061
2 -1  26.4 0.01570 0.01572 0.00562  27010    4809281.4 0.0061
2 -1  26.4 0.01590 0.01592 0.00562  26700    4754084.1 0.0061
2 -1  26.4 0.01610 0.01611 0.00562  26850    4780792.5 0.0061
2 -1  26.4 0.01630 0.01631 0.00562  26466    4712419.1 0.0061
2 -1  26.4 0.01650 0.01650 0.00562  26164    4658646.3 0.0062
2 -1  26.4 0.01670 0.01670 0.00562  26230    4670398.0 0.0062
2 -1  26.4 0.01690 0.01689 0.00562  26388    4698530.8 0.0062
2 -1  26.4 0.01710 0.01709 0.00562  26052    4638704.1 0.0062
2 -1  26.4 0.01730 0.01729 0.00562  25750    4584931.3 0.0062
2 -1  26.4 0.01750 0.01748 0.00562  25814    4596326.9 0.0062
2 -1  26.4 0.01770 0.01768 0.00562  25678    4572111.3 0.0062
2 -1  26.4 0.01790 0.01787 0.00562  25228    4491986.3 0.0063
2 -1  26.4 0.01810 0.01807 0.00562  24370    4339214.6 0.0064
2 -1  26.4 0.01830 0.01826 0.00562  23682    4216712.4 0.0065
2 -1  26.4 0.01850 0.01846 0.00562  22448    3996991.8 0.0067
2 -1  26.4 0.01870 0.01865 0.00562  21224    3779051.8 0.0069
2 -1  26.4 0.01890 0.01895 0.00562  19228    3423652.8 0.0072
2 -1  26.4 0.01910 0.01914 0.00562  18270    3253075.6 0.0074
2 -1  26.4 0.01930 0.01934 0.00562  16182    2881295.5 0.0079
2 -1  26.4 0.01950 0.01953 0.00562  14834    2641276.6 0.0082
2 -1  26.4 0.01970 0.01973 0.00562  13678    2435444.3 0.0086
2 -1  26.4 0.01990 0.01992 0.00562  12122    2158389.8 0.0091
2 -1  26.4 0.02010 0.02012 0.00562  10944    1948640.3 0.0096
2 -1  26.4 0.02030 0.02031 0.00562   9812    1747081.4 0.0101
2 -1  26.4 0.02050 0.02051 0.00562   9102    1620661.9 0.0105
2 -1  26.4 0.02070 0.02070 0.00562   8206    1461124.1 0.0110
2 -1  26.4 0.02090 0.02090 0.00562   8052    1433703.6 0.0111
2 -1  26.4 0.02110 0.02109 0.00562   7408    1319035.8 0.0116
2 -1  26.4 0.02130 0.02129 0.00562   7116    1267043.5 0.0119
2 -1  26.4 0.02150 0.02148 0.00562   6966    1240335.2 0.0120
2 -1  26.4 0.02170 0.02168 0.00562   6340    1128872.4 0.0126
2 -1  26.4 0.02190 0.02188 0.00562   6522    1161278.5 0.0124
2 -1  26.4 0.02210 0.02207 0.00562   6422    1143473.0 0.0125
2 -1  26.4 0.02230 0.02227 0.00562   6022    1072250.7 0.0129
2 -1  26.4 0.02250 0.02246 0.00562   5852    1041981.3 0.0131
2 -1  26.4 0.02270 0.02266 0.00562   5618    1000316.3 0.0133
2 -1  26.4 0.02290 0.02285 0.00562   5798    1032366.3 0.0131
2 -1  26.4 0.02310 0.02314 0.00562   5416     964349.1 0.0136
2 -1  26.4 0.02330 0.02334 0.00562   5428     966485.7 0.0136
2 -1  26.4 0.02350 0.02354 0.00562   5086     905590.7 0.0140
2 -1  26.4 0.02370 0.02373 0.00562   5018     893482.9 0.0141
2 -1  26.4 0.02390 0.02393 0.00562   4814     857159.6 0.0144
2 -1  26.4 0.02410 0.02412 0.00562   4690     835080.7 0.0146
2 -1  26.4 0.02430 0.02432 0.00562   4484     798401.2 0.0149
2 -1  26.4 0.02450 0.02451 0.00562   4162     741067.3 0.0155
2 -1  26.4 0.02470 0.02471 0.00562   4224     752106.8 0.0154
2 -1  26.4 0.02490 0.02490 0.00562   3934     700470.7 0.0159
2 -1  26.4 0.02510 0.02510 0.00562   3878     690499.6 0.0161
2 -1  26.4 0.02530 0.02529 0.00562   3510     624975.1 0.0169
2 -1  26.4 0.02550 0.02549 0.00562   3460     616072.3 0.0170
2 -1  26.4 0.02570 0.02568 0.00562   3218     572982.9 0.0176
2 -1  26.4 0.02590 0.02588 0.00562   3052     543425.6 0.0181
2 -1  26.4 0.02610 0.02607 0.00562   2838     505321.8 0.0188
2 -1  26.4 0.02630 0.02627 0.00562   2634     468998.4 0.0195
2 -1  26.4 0.02650 0.02646 0.00562   2486     442646.2 0.0201
2 -1  26.4 0.02670 0.02666 0.00562   2332     415225.6 0.0207
2 -1  26.4 0.02690 0.02686 0.00576   2270     393999.7 0.0210
2 -1  26.4 0.02710 0.02715 0.00640   2238     349586.7 0.0211
2 -1  26.4 0.02730 0.02734 0.00681   2292     336753.1 0.0209
2 -1  26.4 0.02750 0.02754 0.00716   2278     318127.1 0.0210
2 -1  26.4 0.02770 0.02773 0.00780   2292     293815.0 0.0209
2 -1  26.4 0.02790 0.02793 0.00824   2234     271107.8 0.0212
2 -1  26.4 0.02810 0.02813 0.00896   2260     252292.4 0.0210
2 -1  26.4 0.02830 0.02832 0.00960   2326     242188.0 0.0207
2 -1  26.4 0.02850 0.02852 0.01015   2360     232460.6 0.0206
2 -1  26.4 0.02870 0.02871 0.01050   2224     211769.0 0.0212
2 -1  26.4 0.02890 0.02891 0.01101   2312     210042.5 0.0208
2 -1  26.4 0.02910 0.02910 0.01197   2224     185835.3 0.0212
2 -1  26.4 0.02930 0.02930 0.01197   2288     191183.1 0.0209
2 -1  26.4 0.02950 0.02949 0.01263   2270     179776.8 0.0210
2 -1  26.4 0.02970 0.02969 0.01298   2240     172610.6 0.0211
2 -1  26.4 0.02990 0.02988 0.01358   2298     169163.5 0.0209
2 -1  26.4 0.03010 0.03008 0.01454   2368     162892.2 0.0205
2 -1  26.4 0.03030 0.03027 0.01454   2242     154224.8 0.0211
2 -1  26.4 0.03050 0.03047 0.01518   2282     150335.6 0.0209
2 -1  26.4 0.03070 0.03066 0.01657   2354     142097.5 0.0206
2 -1  26.4 0.03090 0.03086 0.01657   2264     136664.7 0.0210
2 -1  26.4 0.03110 0.03105 0.01753   2240     127791.9 0.0211
2 -1  26.4 0.03130 0.03135 0.01845   2240     121398.1 0.0211
2 -1  26.4 0.03150 0.03154 0.01845   2226     120639.4 0.0212
2 -1  26.4 0.03170 0.03174 0.01964   2228     113431.2 0.0212
2 -1  26.4 0.03190 0.03193 0.02047   2246     109716.1 0.0211
2 -1  26.4 0.03210 0.03213 0.02303   2308     100223.9 0.0208
2 -1  26.4 0.03230 0.03232 0.02388   2284      95642.9 0.0209
2 -1  26.4 0.03250 0.03252 0.02434   2272      93345.0 0.0210
2 -1  26.4 0.03270 0.03271 0.02680   2246      83804.9 0.0211
2 -1  26.4 0.03290 0.03291 0.02894   2370      81904.8 0.0205
2 -1  26.4 0.03310 0.03311 0.02894   2244      77550.4 0.0211
2 -1  26.4 0.03330 0.03330 0.03226   2364      73277.4 0.0206
2 -1  26.4 0.03350 0.03350 0.03297   2232      67692.5 0.0212
2 -1  26.4 0.03370 0.03369 0.03512   2302      65542.3 0.0208
2 -1  26.4 0.03390 0.03389 0.03695   2238      60565.6 0.0211
2 -1  26.4 0.03410 0.03408 0.03814   2240      58723.5 0.0211
2 -1  26.4 0.03430 0.03428 0.04036   2250      55747.0 0.0211
2 -1  26.4 0.03450 0.03447 0.04036   2236      55400.1 0.0211
2 -1  26.4 0.03470 0.03467 0.04324   2246      51941.4 0.0211
2 -1  26.4 0.03490 0.03486 0.04715   2284      48446.2 0.0209
2 -1  26.4 0.03510 0.03506 0.05022   2266      45122.6 0.0210
2 -1  26.4 0.03530 0.03525 0.05227   2236      42779.3 0.0211
2 -1  26.4 0.03550 0.03555 0.05604   2268      40468.9 0.0210
2 -1  26.4 0.03570 0.03574 0.06104   2382      39021.7 0.0205
2 -1  26.4 0.03590 0.03594 0.06291   2228      35415.7 0.0212
2 -1  26.4 0.03610 0.03613 0.06365   2230      35032.7 0.0212
2 -1  26.4 0.03630 0.03633 0.06853   2308      33679.9 0.0208
2 -1  26.4 0.03650 0.03652 0.07389   2356      31883.4 0.0206
2 -1  26.4 0.03670 0.03672 0.07389   2248      30421.8 0.0211
2 -1  26.4 0.03690 0.03691 0.08031   2240      27890.3 0.0211
2 -1  26.4 0.03710 0.03711 0.08119   2238      27564.9 0.0211
2 -1  26.4 0.03730 0.03730 0.08682   2256      25985.8 0.0211
2 -1  26.4 0.03750 0.03750 0.08682   2234      25732.4 0.0212
2 -1  26.4 0.03770 0.03770 0.09631   2378      24690.5 0.0205
2 -1  26.4 0.03790 0.03789 0.09631   2264      23506.8 0.0210
2 -1  26.4 0.03810 0.03809 0.10181   2256      22159.7 0.0211
2 -1  26.4 0.03830 0.03828 0.10675   2256      21134.0 0.0211
2 -1  26.4 0.03850 0.03848 0.11393   2316      20329.1 0.0208
2 -1  26.4 0.03870 0.03867 0.12077   2258      18696.1 0.0210
2 -1  26.4 0.03890 0.03887 0.12620   2326      18430.4 0.0207
2 -1  26.4 0.03910 0.03906 0.12620   2224      17622.2 0.0212
2 -1  26.4 0.03930 0.03926 0.14220   2328      16370.9 0.0207
2 -1  26.4 0.03950 0.03945 0.15261   2294      15031.4 0.0209
2 -1  26.4 0.03970 0.03975 0.16614   2458      14795.2 0.0202
2 -1  26.4 0.03990 0.03994 0.16689   2266      13578.1 0.0210
2  0  26.4 0.00010 0.00010 1.21000    228        188.4 0.0662
2  0  26.4 0.00030 0.00029 1.21000     20         16.5 0.2236
2  0  26.4 0.00050 0.00049 1.21000     24         19.8 0.2041
2  0  26.4 0.00070 0.00068 1.21000     20         16.5 0.2236
2  0  26.4 0.00090 0.00088 1.21000     24         19.8 0.2041
2  0  26.4 0.00110 0.00107 1.21000     18         14.9 0.2357
2  0  26.4 0.00130 0.00127 1.21000     30         24.8 0.1826
2  0  26.4 0.00150 0.00146 1.21000     30         24.8 0.1826
2  0  26.4 0.00170 0.00166 1.21000     32         26.4 0.1768
2  0  26.4 0.00190 0.00186 1.21000     38         31.4 0.1622
2  0  26.4 0.00210 0.00215 1.21000     22         18.2 0.2132
2  0  26.4 0.00230 0.00234 1.21000     22         18.2 0.2132
2  0  26.4 0.00250 0.00254 1.21000     32         26.4 0.1768
2  0  26.4 0.00270 0.00273 1.21000     36         29.8 0.1667
2  0  26.4 0.00290 0.00293 1.21000     40         33.1 0.1581
2  0  26.4 0.00310 0.00313 1.21000     44         36.4 0.1508
2  0  26.4 0.00330 0.00332 1.21000     38         31.4 0.1622
2  0  26.4 0.00350 0.00352 1.21000     48         39.7 0.1443
2  0  26.4 0.00370 0.00371 1.21000     32         26.4 0.1768
2  0  26.4 0.00390 0.00391 1.21000     52         43.0 0.1387
2  0  26.4 0.00410 0.00410 1.21000     50         41.3 0.1414
2  0  26.4 0.00430 0.00430 1.21000     52         43.0 0.1387
2  0  26.4 0.00450 0.00449 1.21000     56         46.3 0.1336
2  0  26.4 0.00470 0.00469 1.21000     80         66.1 0.1118
2  0  26.4 0.00490 0.00488 1.21000     70         57.9 0.1195
2  0  26.4 0.00510 0.00508 1.21000     68         56.2 0.1213
2  0  26.4 0.00530 0.00527 1.21000     70         57.9 0.1195
2  0  26.4 0.00550 0.00547 1.21000    106         87.6 0.0971
2  0  26.4 0.00570 0.00566 1.21000    146        120.7 0.0828
2  0  26.4 0.00590 0.00586 1.21000    324        267.8 0.0556
2  0  26.4 0.00610 0.00605 1.21000    658        543.8 0.0390
2  0  26.4 0.00630 0.00635 1.21000   2240       1851.2 0.0211
2  0  26.4 0.00650 0.00654 1.21000   5300       4380.2 0.0137
2  0  26.4 0.00670 0.00674 1.21000  13220      10925.6 0.0087
2  0  26.4 0.00690 0.00693 1.21000  29338      24246.3 0.0058
2  0  26.4 0.00710 0.00713 1.21000  63862      52778.5 0.0040
2  0  26.4 0.00730 0.00732 0.53262  71796     134797.2 0.0037
2  0  26.4 0.00750 0.00752 0.25806  71414     276734.2 0.0037
2  0  26.4 0.00770 0.00771 0.14176  73028     515157.0 0.0037
2  0  26.4 0.00790 0.00791 0.07938  72026     907305.3 0.0037
2  0  26.4 0.00810 0.00811 0.04999  71638    1433139.5 0.0037
2  0  26.4 0.00830 0.00830 0.03441  72240    2099328.6 0.0037
2  0  26.4 0.00850 0.00850 0.02650  72242    2726345.2 0.0037
2  0  26.4 0.00870 0.00869 0.02213  71630    3236690.1 0.0037
2  0  26.4 0.00890 0.00889 0.01969  72004    3656582.9 0.0037
2  0  26.4 0.00910 0.00908 0.01969  78192    3970828.5 0.0036
2  0  26.4 0.00930 0.00928 0.01731  72372    4180518.8 0.0037
2  0  26.4 0.00950 0.00947 0.01731  74582    4308177.9 0.0037
2  0  26.4 0.00970 0.00967 0.01731  76068    4394015.7 0.0036
2  0  26.4 0.00990 0.00986 0.01731  77130    4455361.4 0.0036
2  0  26.4 0.01010 0.01006 0.01731  77800    4494063.5 0.0036
2  0  26.4 0.01030 0.01025 0.01731  78288    4522252.5 0.0036
2  0  26.4 0.01050 0.01055 0.01731  78748    4548824.0 0.0036
2  0  26.4 0.01070 0.01074 0.01731  78880    4556448.9 0.0036
2  0  26.4 0.01090 0.01094 0.01731  78926    4559106.1 0.0036
2  0  26.4 0.01110 0.01113 0.01731  78868    4555755.8 0.0036
2  0  26.4 0.01130 0.01133 0.01731  78732    4547899.8 0.0036
2  0  26.4 0.01150 0.01152 0.01731  78442    4531148.2 0.0036
2  0  26.4 0.01170 0.01172 0.01731  78008    4506078.5 0.0036
2  0  26.4 0.01190 0.01191 0.01731  77358    4468531.7 0.0036
2  0  26.4 0.01210 0.01211 0.01731  76310    4407994.7 0.0036
2  0  26.4 0.01230 0.01230 0.01731  74888    4325853.8 0.0037
2  0  26.4 0.01250 0.01250 0.01731  72798    4205126.4 0.0037
2  0  26.4 0.01270 0.01270 0.01731  69802    4032064.5 0.0038
2  0  26.4 0.01290 0.01289 0.01731  64898    3748788.3 0.0039
2  0  26.4 0.01310 0.01309 0.01731  58984    3407170.2 0.0041
2  0  26.4 0.01330 0.01328 0.01731  51214    2958341.5 0.0044
2  0  26.4 0.01350 0.01348 0.01731  43612    2519217.2 0.0048
2  0  26.4 0.01370 0.01367 0.01731  36118    2086331.4 0.0053
2  0  26.4 0.01390 0.01387 0.01731  30562    1765392.9 0.0057
2  0  26.4 0.01410 0.01406 0.01731  27164    1569109.8 0.0061
2  0  26.4 0.01430 0.01426 0.01731  25092    1449422.1 0.0063
2  0  26.4 0.01450 0.01445 0.01731  23932    1382415.5 0.0065
2  0  26.4 0.01470 0.01475 0.01731  23178    1338861.2 0.0066
2  0  26.4 0.01490 0.01494 0.01731  22998    1328463.6 0.0066
2  0  26.4 0.01510 0.01514 0.01731  23096    1334124.6 0.0066
2  0  26.4 0.01530 0.01533 0.01731  23032    1330427.6 0.0066
2  0  26.4 0.01550 0.01553 0.01731  22910    1323380.4 0.0066
2  0  26.4 0.01570 0.01572 0.01731  22788    1316333.1 0.0066
2  0  26.4 0.01590 0.01592 0.01731  22878    1321531.9 0.0066
2  0  26.4 0.01610 0.01611 0.01731  22872    1321185.3 0.0066
2  0  26.4 0.01630 0.01631 0.01731  22844    1319567.9 0.0066
2  0  26.4 0.01650 0.01650 0.01731  22862    1320607.7 0.0066
2  0  26.4 0.01670 0.01670 0.01731  22790    1316448.7 0.0066
2  0  26.4 0.01690 0.01689 0.01731  22850    1319914.5 0.0066
2  0  26.4 0.01710 0.01709 0.01731  22866    1320838.8 0.0066
2  0  26.4 0.01730 0.01729 0.01731  22750    1314138.1 0.0066
2  0  26.4 0.01750 0.01748 0.01731  22842    1319452.4 0.0066
2  0  26.3 0.01770 0.01768 0.01731  22704    1311480.9 0.0066
2  0  26.3 0.01790 0.01787 0.01731  23012    1329272.4 0.0066
2  0  26.3 0.01810 0.01807 0.01731  22740    1313560.5 0.0066
2  0  26.3 0.01830 0.01826 0.01731  22240    1284678.3 0.0067
2  0  26.3 0.01850 0.01846 0.01731  21862    1262843.4 0.0068
2  0  26.3 0.01870 0.01865 0.01731  21340    1232690.4 0.0068
2  0  26.3 0.01890 0.01895 0.01731  20002    1155401.8 0.0071
2  0  26.3 0.01910 0.01914 0.01731  18524    1070026.1 0.0073
2  0  26.3 0.01930 0.01934 0.01731  17276     997936.3 0.0076
2  0  26.3 0.01950 0.01953 0.01731  15546     898004.0 0.0080
2  0  26.3 0.01970 0.01973 0.01731  13722     792641.9 0.0085
2  0  26.3 0.01990 0.01992 0.01731  11838     683813.9 0.0092
2  0  26.3 0.02010 0.02012 0.01731  10246     591853.1 0.0099
2  0  26.3 0.02030 0.02031 0.01731   8730     504282.4 0.0107
2  0  26.3 0.02050 0.02051 0.01731   7792     450099.5 0.0113
2  0  26.3 0.02070 0.02070 0.01731   6716     387945.1 0.0122
2  0  26.3 0.02090 0.02090 0.01731   5690     328678.9 0.0133
2  0  26.3 0.02110 0.02109 0.01731   5112     295291.2 0.0140
2  0  26.3 0.02130 0.02129 0.01731   4752     274496.0 0.0145
2  0  26.3 0.02150 0.02148 0.01731   4410     254740.6 0.0151
2  0  26.3 0.02170 0.02168 0.01731   4332     250235.0 0.0152
2  0  26.3 0.02190 0.02188 0.01731   4222     243880.9 0.0154
2  0  26.3 0.02210 0.02207 0.01731   3984     230133.0 0.0158
2  0  26.3 0.02230 0.02227 0.01731   3944     227822.4 0.0159
2  0  26.3 0.02250 0.02246 0.01731   3748     216500.6 0.0163
2  0  26.3 0.02270 0.02266 0.01731   3794     219157.8 0.0162
2  0  26.3 0.02290 0.02285 0.01731   3674     212226.1 0.0165
2  0  26.3 0.02310 0.02314 0.01731   3588     207258.4 0.0167
2  0  26.3 0.02330 0.02334 0.01731   3434     198362.6 0.0171
2  0  26.3 0.02350 0.02354 0.01731   3390     195821.0 0.0172
2  0  26.3 0.02370 0.02373 0.01731   3408     196860.8 0.0171
2  0  26.3 0.02390 0.02393 0.01731   3238     187040.8 0.0176
2  0  26.3 0.02410 0.02412 0.01731   3286     189813.5 0.0174
2  0  26.3 0.02430 0.02432 0.01731   3118     180109.1 0.0179
2  0  26.3 0.02450 0.02451 0.01731   2974     171791.1 0.0183
2  0  26.3 0.02470 0.02471 0.01731   2884     166592.3 0.0186
2  0  26.3 0.02490 0.02490 0.01731   2842     164166.2 0.0188
2  0  26.3 0.02510 0.02510 0.01731   2712     156656.8 0.0192
2  0  26.3 0.02530 0.02529 0.01731   2628     151804.6 0.0195
2  0  26.3 0.02550 0.02549 0.01731   2602     150302.7 0.0196
2  0  26.3 0.02570 0.02568 0.01731   2472     142793.4 0.0201
2  0  26.3 0.02590 0.02588 0.01731   2314     133666.6 0.0208
2  0  26.3 0.02610 0.02607 0.01776   2336     131539.6 0.0207
2  0  26.3 0.02630 0.02627 0.01851   2288     123618.3 0.0209
2  0  26.3 0.02650 0.02646 0.02014   2326     115491.0 0.0207
2  0  26.3 0.02670 0.02666 0.02014   2292     113802.9 0.0209
2  0  26.3 0.02690 0.02686 0.02162   2240     103618.5 0.0211
2  0  26.3 0.02710 0.02715 0.02466   2262      91733.3 0.0210
2  0  26.3 0.02730 0.02734 0.02777   2374      85477.5 0.0205
2  0  26.3 0.02750 0.02754 0.02841   2262      79612.2 0.0210
2  0  26.3 0.02770 0.02773 0.03189   2230      69938.0 0.0212
2  0  26.3 0.02790 0.02793 0.03611   2288      63360.6 0.0209
2  0  26.3 0.02810 0.02813 0.04098   2282      55686.2 0.0209
2  0  26.3 0.02830 0.02832 0.04548   2256      49601.0 0.0211
2  0  26.3 0.02850 0.02852 0.05215   2298      44066.8 0.0209
2  0  26.3 0.02870 0.02871 0.05747   2294      39917.3 0.0209
2  0  26.3 0.02890 0.02891 0.06297   2278      36178.1 0.0210
2  0  26.3 0.02910 0.02910 0.06935   2272      32762.7 0.0210
2  0  26.3 0.02930 0.02930 0.07463   2276      30498.6 0.0210
2  0  26.3 0.02950 0.02949 0.07957   2286      28730.2 0.0209
2  0  26.3 0.02970 0.02969 0.08285   2240      27037.1 0.0211
2  0  26.3 0.02990 0.02988 0.08957   2356      26302.5 0.0206
2  0  26.3 0.03010 0.03008 0.09273   2290      24694.0 0.0209
2  0  26.3 0.03030 0.03027 0.09273   2286      24650.9 0.0209
2  0  26.3 0.03050 0.03047 0.10207   2270      22240.1 0.0210
2  0  26.3 0.03070 0.03066 0.10207   2278      22318.5 0.0210
2  0  26.3 0.03090 0.03086 0.10718   2258      21067.2 0.0210
2  0  26.3 0.03110 0.03105 0.11485   2390      20810.5 0.0205
2  0  26.3 0.03130 0.03135 0.11674   2272      19462.5 0.0210
2  0  26.3 0.03150 0.03154 0.11674   2226      19068.5 0.0212
2  0  26.3 0.03170 0.03174 0.12727   2256      17726.5 0.0211
2  0  26.3 0.03190 0.03193 0.12727   2226      17490.7 0.0212
2  0  26.3 0.03210 0.03213 0.13042   2246      17221.5 0.0211
2  0  26.3 0.03230 0.03232 0.13789   2268      16447.8 0.0210
2  0  26.3 0.03250 0.03252 0.13789   2224      16128.7 0.0212
2  0  26.3 0.03270 0.03271 0.14277   2230      15619.0 0.0212
2  0  26.3 0.03290 0.03291 0.15768   2250      14269.7 0.0211
2  0  26.3 0.03310 0.03311 0.15768   2236      14180.9 0.0211
2  0  26.3 0.03330 0.03330 0.16893   2336      13828.2 0.0207
2  0  26.3 0.03350 0.03350 0.17187   2272      13219.4 0.0210
2  0  26.3 0.03370 0.03369 0.17896   2264      12651.1 0.0210
2  0  26.3 0.03390 0.03389 0.19247   2326      12085.1 0.0207
2  0  26.3 0.03410 0.03408 0.19891   2226      11190.7 0.0212
2  0  26.3 0.03430 0.03428 0.20888   2270      10867.5 0.0210
2  0  26.3 0.03450 0.03447 0.22378   2262      10107.9 0.0210
2  0  26.3 0.03470 0.03467 0.23752   2332       9817.9 0.0207
2  0  26.3 0.03490 0.03486 0.25325   2226       8789.6 0.0212
2  0  26.3 0.03510 0.03506 0.26544   2278       8582.1 0.0210
2  0  26.3 0.03530 0.03525 0.28193   2262       8023.2 0.0210
2  0  26.3 0.03550 0.03555 0.32799   2344       7146.6 0.0207
2  0  26.3 0.03570 0.03574 0.35098   2262       6444.8 0.0210
2  0  26.3 0.03590 0.03594 0.38330   2282       5953.6 0.0209
2  0  26.3 0.03610 0.03613 0.41698   2284       5477.5 0.0209
2  0  26.3 0.03630 0.03633 0.47132   2338       4960.6 0.0207
2  0  26.3 0.03650 0.03652 0.48892   2252       4606.1 0.0211
2  0  26.3 0.03670 0.03672 0.52840   2274       4303.6 0.0210
2  0  26.3 0.03690 0.03691 0.58009   2236       3854.6 0.0211
2  0  26.3 0.03710 0.03711 0.63370   2240       3534.8 0.0211
2  0  26.3 0.03730 0.03730 0.65604   2248       3426.6 0.0211
2  0  26.3 0.03750 0.03750 0.72235   2326       3220.0 0.0207
2  0  26.3 0.03770 0.03770 0.80338   2282       2840.5 0.0209
2  0  26.3 0.03790 0.03789 0.80338   2248       2798.2 0.0211
2  0  26.3 0.03810 0.03809 0.84283   2326       2759.8 0.0207
2  0  26.3 0.03830 0.03828 0.88618   2276       2568.3 0.0210
2  0  26.3 0.03850 0.03848 0.93231   2276       2441.2 0.0210
2  0  26.3 0.03870 0.03867 0.94766   2262       2386.9 0.0210
2  0  26.3 0.03890 0.03887 0.99638   2278       2286.3 0.0210
2  0  26.3 0.03910 0.03906 1.05326   2306       2189.4 0.0208
2  0  26.3 0.03930 0.03926 1.11978   2254       2012.9 0.0211
2  0  26.3 0.03950 0.03945 1.11978   2284       2039.7 0.0209
2  0  26.3 0.03970 0.03975 1.18110   2224       1883.0 0.0212
2  0  26.3 0.03990 0.03994 1.21000   2146       1773.6 0.0216
2  1  26.3 0.00010 0.00010 1.21000     18         14.9 0.2357
2  1  26.2 0.00030 0.00029 1.21000     24         19.8 0.2041
2  1  26.2 0.00050 0.00049 1.21000     20         16.5 0.2236
2  1  26.2 0.00070 0.00068 1.21000     26         21.5 0.1961
2  1  26.2 0.00090 0.00088 1.21000     18         14.9 0.2357
2  1  26.2 0.00110 0.00107 1.21000     24         19.8 0.2041
2  1  26.2 0.00130 0.00127 1.21000     22         18.2 0.2132
2  1  26.2 0.00150 0.00146 1.21000     34         28.1 0.1715
2  1  26.2 0.00170 0.00166 1.21000     38         31.4 0.1622
2  1  26.2 0.00190 0.00186 1.21000     34         28.1 0.1715
2  1  26.2 0.00210 0.00215 1.21000     46         38.0 0.1474
2  1  26.2 0.00230 0.00234 1.21000     40         33.1 0.1581
2  1  26.2 0.00250 0.00254 1.21000     24         19.8 0.2041
2  1  26.2 0.00270 0.00273 1.21000     42         34.7 0.1543
2  1  26.2 0.00290 0.00293 1.21000     56         46.3 0.1336
2  1  26.2 0.00310 0.00313 1.21000     46         38.0 0.1474
2  1  26.2 0.00330 0.00332 1.21000     42         34.7 0.1543
2  1  26.2 0.00350 0.00352 1.21000     62         51.2 0.1270
2  1  26.2 0.00370 0.00371 1.21000     54         44.6 0.1361
2  1  26.2 0.00390 0.00391 1.21000     48         39.7 0.1443
2  1  26.2 0.00410 0.00410 1.21000     58         47.9 0.1313
2  1  26.2 0.00430 0.00430 1.21000     66         54.5 0.1231
2  1  26.2 0.00450 0.00449 1.21000     66         54.5 0.1231
2  1  26.2 0.00470 0.00469 1.21000     66         54.5 0.1231
2  1  26.2 0.00490 0.00488 1.21000     88         72.7 0.1066
2  1  26.2 0.00510 0.00508 1.21000     86         71.1 0.1078
2  1  26.2 0.00530 0.00527 1.21000    100         82.6 0.1000
2  1  26.2 0.00550 0.00547 1.21000    106         87.6 0.0971
2  1  26.2 0.00570 0.00566 1.21000    166        137.2 0.0776
2  1  26.2 0.00590 0.00586 1.21000    294        243.0 0.0583
2  1  26.2 0.00610 0.00605 1.21000    642        530.6 0.0395
2  1  26.2 0.00630 0.00635 1.21000   2242       1852.9 0.0211
2  1  26.2 0.00650 0.00654 1.21000   5220       4314.0 0.0138
2  1  26.2 0.00670 0.00674 1.21000  12916      10674.4 0.0088
2  1  26.2 0.00690 0.00693 1.21000  29368      24271.1 0.0058
2  1  26.2 0.00710 0.00713 1.21000  64660      53438.0 0.0039
2  1  26.2 0.00730 0.00732 0.53564  72390     135147.1 0.0037
2  1  26.2 0.00750 0.00752 0.25725  71222     276856.5 0.0037
2  1  26.2 0.00770 0.00771 0.14132  74926     530205.0 0.0037
2  1  26.2 0.00790 0.00791 0.07763  72260     930850.8 0.0037
2  1  26.2 0.00810 0.00811 0.04943  72126    1459267.6 0.0037
2  1  26.2 0.00830 0.00830 0.03413  71722    2101425.7 0.0037
2  1  26.2 0.00850 0.00850 0.02633  72244    2744268.8 0.0037
2  1  26.2 0.00870 0.00869 0.02186  71438    3267237.0 0.0037
2  1  26.2 0.00890 0.00889 0.01960  72464    3696670.8 0.0037
2  1  26.2 0.00910 0.00908 0.01960  78360    3997448.8 0.0036
2  1  26.2 0.00930 0.00928 0.01720  71894    4179120.2 0.0037
2  1  26.2 0.00950 0.00947 0.01720  74012    4302237.3 0.0037
2  1  26.2 0.00970 0.00967 0.01720  75494    4388384.3 0.0036
2  1  26.2 0.00990 0.00986 0.01720  76606    4453023.7 0.0036
2  1  26.2 0.01010 0.01006 0.01720  77192    4487087.2 0.0036
2  1  26.2 0.01030 0.01025 0.01720  77690    4516035.4 0.0036
2  1  26.2 0.01050 0.01055 0.01720  78116    4540798.4 0.0036
2  1  26.2 0.01070 0.01074 0.01720  78212    4546378.7 0.0036
2  1  26.2 0.01090 0.01094 0.01720  78260    4549168.9 0.0036
2  1  26.2 0.01110 0.01113 0.01720  78200    4545681.2 0.0036
2  1  26.2 0.01130 0.01133 0.01720  78038    4536264.3 0.0036
2  1  26.2 0.01150 0.01152 0.01720  77740    4518941.9 0.0036
2  1  26.2 0.01170 0.01172 0.01720  77294    4493016.4 0.0036
2  1  26.2 0.01190 0.01191 0.01720  76618    4453721.2 0.0036
2  1  26.2 0.01210 0.01211 0.01720  75572    4392918.4 0.0036
2  1  26.2 0.01230 0.01230 0.01720  74126    4308864.0 0.0037
2  1  26.2 0.01250 0.01250 0.01720  71936    4181561.7 0.0037
2  1  26.2 0.01270 0.01270 0.01720  68804    3999501.9 0.0038
2  1  26.2 0.01290 0.01289 0.01720  63748    3705602.1 0.0040
2  1  26.2 0.01310 0.01309 0.01720  57466    3340436.3 0.0042
2  1  26.2 0.01330 0.01328 0.01720  50118    2913305.0 0.0045
2  1  26.2 0.01350 0.01348 0.01720  42076    2445832.2 0.0049
2  1  26.2 0.01370 0.01367 0.01720  34770    2021142.4 0.0054
2  1  26.2 0.01390 0.01387 0.01720  29380    1707827.5 0.0058
2  1  26.2 0.01410 0.01406 0.01720  26242    1525419.0 0.0062
2  1  26.2 0.01430 0.01426 0.01720  24192    1406254.7 0.0064
2  1  26.2 0.01450 0.01445 0.01720  22928    1332779.8 0.0066
2  1  26.2 0.01470 0.01475 0.01720  22338    1298483.7 0.0067
2  1  26.2 0.01490 0.01494 0.01720  22192    1289996.9 0.0067
2  1  26.2 0.01510 0.01514 0.01720  21534    1251748.1 0.0068
2  1  26.2 0.01530 0.01533 0.01720  20850    1211987.9 0.0069
2  1  26.2 0.01550 0.01553 0.01720  20914    1215708.1 0.0069
2  1  26.2 0.01570 0.01572 0.01720  21048    1223497.4 0.0069
2  1  26.2 0.01590 0.01592 0.01720  21140    1228845.3 0.0069
2  1  26.2 0.01610 0.01611 0.01720  21082    1225473.8 0.0069
2  1  26.2 0.01630 0.01631 0.01720  21314    1238959.7 0.0068
2  1  26.2 0.01650 0.01650 0.01720  21316    1239076.0 0.0068
2  1  26.2 0.01670 0.01670 0.01720  20606    1197804.4 0.0070
2  1  26.2 0.01690 0.01689 0.01720  20624    1198850.8 0.0070
2  1  26.2 0.01710 0.01709 0.01720  20714    1204082.4 0.0069
2  1  26.2 0.01730 0.01729 0.01720  21160    1230007.9 0.0069
2  1  26.2 0.01750 0.01748 0.01720  20776    1207686.3 0.0069
2  1  26.2 0.01770 0.01768 0.01720  20700    1203268.5 0.0070
2  1  26.2 0.01790 0.01787 0.01720  21042    1223148.6 0.0069
2  1  26.2 0.01810 0.01807 0.01720  20996    1220474.7 0.0069
2  1  26.2 0.01830 0.01826 0.01720  20612    1198153.2 0.0070
2  1  26.2 0.01850 0.01846 0.01720  20180    1173041.5 0.0070
2  1  26.2 0.01870 0.01865 0.01720  19182    1115028.9 0.0072
2  1  26.2 0.01890 0.01895 0.01720  17648    1025859.1 0.0075
2  1  26.2 0.01910 0.01914 0.01720  15910     924831.0 0.0079
2  1  26.2 0.01930 0.01934 0.01720  14274     829732.1 0.0084
2  1  26.2 0.01950 0.01953 0.01720  12736     740329.9 0.0089
2  1  26.2 0.01970 0.01973 0.01720  11414     663483.4 0.0094
2  1  26.2 0.01990 0.01992 0.01720   9608     558502.6 0.0102
2  1  26.2 0.02010 0.02012 0.01720   8174     475145.8 0.0111
2  1  26.2 0.02030 0.02031 0.01720   6710     390045.0 0.0122
2  1  26.1 0.02050 0.02051 0.01720   5562     323313.0 0.0134
2  1  26.1 0.02070 0.02070 0.01720   4590     266811.7 0.0148
2  1  26.1 0.02090 0.02090 0.01720   4036     234608.3 0.0157
2  1  26.1 0.02110 0.02109 0.01720   3622     210542.9 0.0166
2  1  26.1 0.02130 0.02129 0.01720   3266     189849.0 0.0175
2  1  26.1 0.02150 0.02148 0.01720   2950     171480.3 0.0184
2  1  26.1 0.02170 0.02168 0.01720   2808     163226.0 0.0189
2  1  26.1 0.02190 0.02188 0.01720   2774     161249.6 0.0190
2  1  26.1 0.02210 0.02207 0.01720   2650     154041.6 0.0194
2  1  26.1 0.02230 0.02227 0.01720   2488     144624.7 0.0200
2  1  26.1 0.02250 0.02246 0.01720   2570     149391.3 0.0197
2  1  26.1 0.02270 0.02266 0.01720   2370     137765.5 0.0205
2  1  26.1 0.02290 0.02285 0.01720   2348     136486.7 0.0206
2  1  26.1 0.02310 0.02314 0.01720   2324     135091.6 0.0207
2  1  26.1 0.02330 0.02334 0.01720   2258     131255.1 0.0210
2  1  26.1 0.02350 0.02354 0.01731   2280     131698.9 0.0209
2  1  26.1 0.02370 0.02373 0.01731   2242     129503.9 0.0211
2  1  26.1 0.02390 0.02393 0.01776   2238     126035.0 0.0211
2  1  26.1 0.02410 0.02412 0.01887   2260     119779.9 0.0210
2  1  26.1 0.02430 0.02432 0.01887   2282     120945.9 0.0209
2  1  26.1 0.02450 0.02451 0.01962   2328     118663.4 0.0207
2  1  26.1 0.02470 0.02471 0.01962   2262     115299.2 0.0210
2  1  26.1 0.02490 0.02490 0.02034   2276     111876.9 0.0210
2  1  26.1 0.02510 0.02510 0.02123   2306     108627.4 0.0208
2  1  26.1 0.02530 0.02529 0.02219   2278     102672.3 0.0210
2  1  26.1 0.02550 0.02549 0.02219   2264     102041.3 0.0210
2  1  26.1 0.02570 0.02568 0.02317   2250      97120.2 0.0211
2  1  26.1 0.02590 0.02588 0.02506   2286      91213.6 0.0209
2  1  26.1 0.02610 0.02607 0.02685   2302      85734.1 0.0208
2  1  26.1 0.02630 0.02627 0.02816   2352      83532.3 0.0206
2  1  26.1 0.02650 0.02646 0.02816   2250      79909.7 0.0211
2  1  26.1 0.02670 0.02666 0.03171   2238      70586.7 0.0211
2  1  26.1 0.02690 0.02686 0.03384   2268      67025.9 0.0210
2  1  26.1 0.02710 0.02715 0.04026   2260      56129.4 0.0210
2  1  26.1 0.02730 0.02734 0.04407   2250      51052.4 0.0211
2  1  26.1 0.02750 0.02754 0.05254   2374      45187.3 0.0205
2  1  26.1 0.02770 0.02773 0.05728   2298      40118.6 0.0209
2  1  26.1 0.02790 0.02793 0.06910   2222      32157.7 0.0212
2  1  26.1 0.02810 0.02813 0.07576   2234      29488.6 0.0212
2  1  26.1 0.02830 0.02832 0.08722   2230      25567.5 0.0212
2  1  26.1 0.02850 0.02852 0.10536   2324      22057.2 0.0207
2  1  26.1 0.02870 0.02871 0.12864   2266      17615.7 0.0210
2  1  26.1 0.02890 0.02891 0.14539   2292      15765.0 0.0209
2  1  26.1 0.02910 0.02910 0.15124   2232      14758.1 0.0212
2  1  26.1 0.02930 0.02930 0.16101   2292      14235.5 0.0209
2  1  26.1 0.02950 0.02949 0.18216   2346      12879.1 0.0206
2  1  26.1 0.02970 0.02969 0.19002   2246      11819.6 0.0211
2  1  26.1 0.02990 0.02988 0.20280   2312      11400.3 0.0208
2  1  26.1 0.03010 0.03008 0.20280   2414      11903.3 0.0204
2  1  26.1 0.03030 0.03027 0.22994   2306      10028.8 0.0208
2  1  26.1 0.03050 0.03047 0.22994   2226       9680.9 0.0212
2  1  26.1 0.03070 0.03066 0.22994   2374      10324.5 0.0205
2  1  26.1 0.03090 0.03086 0.25218   2276       9025.2 0.0210
2  1  26.1 0.03110 0.03105 0.25218   2284       9056.9 0.0209
2  1  26.1 0.03130 0.03135 0.25218   2430       9635.9 0.0203
2  1  26.1 0.03150 0.03154 0.28658   2294       8004.7 0.0209
2  1  26.1 0.03170 0.03174 0.28658   2240       7816.2 0.0211
2  1  26.1 0.03190 0.03193 0.30622   2222       7256.2 0.0212
2  1  26.1 0.03210 0.03213 0.30622   2330       7608.9 0.0207
2  1  26.1 0.03230 0.03232 0.31589   2548       8066.2 0.0198
2  1  26.1 0.03250 0.03252 0.32050   2568       8012.4 0.0197
2  1  26.1 0.03270 0.03271 0.34739   2530       7282.8 0.0199
2  1  26.1 0.03290 0.03291 0.34739   2594       7467.0 0.0196
2  1  26.1 0.03310 0.03311 0.34739   2422       6971.9 0.0203
2  1  26.1 0.03330 0.03330 0.38289   2270       5928.6 0.0210
2  1  26.1 0.03350 0.03350 0.41357   2322       5614.5 0.0208
2  1  26.1 0.03370 0.03369 0.43347   2244       5176.8 0.0211
2  1  26.1 0.03390 0.03389 0.46530   2358       5067.7 0.0206
2  1  26.1 0.03410 0.03408 0.47210   2550       5401.4 0.0198
2  1  26.1 0.03430 0.03428 0.47210   2420       5126.0 0.0203
2  1  26.1 0.03450 0.03447 0.53733   2248       4183.6 0.0211
2  1  26.1 0.03470 0.03467 0.58914   2604       4420.0 0.0196
2  1  26.1 0.03490 0.03486 0.63362   2248       3547.9 0.0211
2  1  26.1 0.03510 0.03506 0.69771   2332       3342.4 0.0207
2  1  26.1 0.03530 0.03525 0.75449   2626       3480.5 0.0195
2  1  26.1 0.03550 0.03555 0.89296   2530       2833.3 0.0199
2  1  26.1 0.03570 0.03574 0.89296   2290       2564.5 0.0209
2  1  26.1 0.03590 0.03594 0.92783   2300       2478.9 0.0209
2  1  26.1 0.03610 0.03613 1.21000   1898       1568.6 0.0230
2  1  26.1 0.03630 0.03633 1.21000   1746       1443.0 0.0239
2  1  26.1 0.03650 0.03652 1.21000   1790       1479.3 0.0236
2  1  26.1 0.03670 0.03672 1.21000   1568       1295.9 0.0253
2  1  26.1 0.03690 0.03691 1.21000   1518       1254.5 0.0257
2  1  26.1 0.03710 0.03711 1.21000   1204        995.0 0.0288
2  1  26.1 0.03730 0.03730 1.21000   1088        899.2 0.0303
2  1  26.1 0.03750 0.03750 1.21000   1196        988.4 0.0289
2  1  26.1 0.03770 0.03770 1.21000   1190        983.5 0.0290
2  1  26.1 0.03790 0.03789 1.21000   1022        844.6 0.0313
2  1  26.1 0.03810 0.03809 1.21000   1080        892.6 0.0304
2  1  26.1 0.03830 0.03828 1.21000    970        801.7 0.0321
2  1  26.1 0.03850 0.03848 1.21000    918        758.7 0.0330
2  1  26.1 0.03870 0.03867 1.21000    956        790.1 0.0323
2  1  26.1 0.03890 0.03887 1.21000    846        699.2 0.0344
2  1  26.0 0.03910 0.03906 1.21000    796        657.9 0.0354
2  1  26.0 0.03930 0.03926 1.21000    824        681.0 0.0348
2  1  26.0 0.03950 0.03945 1.21000    800        661.2 0.0354
2  1  26.0 0.03970 0.03975 1.21000    776        641.3 0.0359
2  1  26.0 0.03990 0.03994 1.21000    780        644.6 0.0358
2  2  26.0 0.00010 0.00010 1.21000      2          1.7 0.7071
2  2  26.0 0.00030 0.00029 1.21000      6          5.0 0.4082
2  2  26.0 0.00050 0.00049 1.21000      4          3.3 0.5000
2  2  26.0 0.00070 0.00068 1.21000     10          8.3 0.3162
2  2  26.0 0.00090 0.00088 1.21000      4          3.3 0.5000
2  2  26.0 0.00110 0.00107 1.21000      6          5.0 0.4082
2  2  26.0 0.00130 0.00127 1.21000     10          8.3 0.3162
2  2  26.0 0.00150 0.00146 1.21000     12          9.9 0.2887
2  2  26.0 0.00170 0.00166 1.21000     10          8.3 0.3162
2  2  26.0 0.00190 0.00186 1.21000      8          6.6 0.3536
2  2  26.0 0.00210 0.00215 1.21000     10          8.3 0.3162
2  2  26.0 0.00230 0.00234 1.21000     18         14.9 0.2357
2  2  26.0 0.00250 0.00254 1.21000     10          8.3 0.3162
2  2  26.0 0.00270 0.00273 1.21000     10          8.3 0.3162
2  2  26.0 0.00290 0.00293 1.21000     16         13.2 0.2500
2  2  26.0 0.00310 0.00313 1.21000     16         13.2 0.2500
2  2  26.0 0.00330 0.00332 1.21000     22         18.2 0.2132
2  2  26.0 0.00350 0.00352 1.21000     14         11.6 0.2673
2  2  26.0 0.00370 0.00371 1.21000     16         13.2 0.2500
2  2  26.0 0.00390 0.00391 1.21000     32         26.4 0.1768
2  2  26.0 0.00410 0.00410 1.21000     20         16.5 0.2236
2  2  26.0 0.00430 0.00430 1.21000     18         14.9 0.2357
2  2  26.0 0.00450 0.00449 1.21000     14         11.6 0.2673
2  2  26.0 0.00470 0.00469 1.21000     36         29.8 0.1667
2  2  26.0 0.00490 0.00488 1.21000     40         33.1 0.1581
2  2  26.0 0.00510 0.00508 1.21000     42         34.7 0.1543
2  2  26.0 0.00530 0.00527 1.21000     40         33.1 0.1581
2  2  26.0 0.00550 0.00547 1.21000     74         61.2 0.1162
2  2  26.0 0.00570 0.00566 1.21000    114         94.2 0.0937
2  2  26.0 0.00590 0.00586 1.21000    272        224.8 0.0606
2  2  26.0 0.00610 0.00605 1.21000    598        494.2 0.0409
2  2  26.0 0.00630 0.00635 1.21000   2082       1720.7 0.0219
2  2  26.0 0.00650 0.00654 1.21000   5206       4302.5 0.0139
2  2  26.0 0.00670 0.00674 1.21000  12942      10695.9 0.0088
2  2  26.0 0.00690 0.00693 1.21000  29032      23993.4 0.0059
2  2  26.0 0.00710 0.00713 1.21000  64204      53061.2 0.0039
2  2  26.0 0.00730 0.00732 0.53110  72200     135945.0 0.0037
2  2  26.0 0.00750 0.00752 0.25463  71334     280152.0 0.0037
2  2  26.0 0.00770 0.00771 0.13987  73924     528510.2 0.0037
2  2  26.0 0.00790 0.00791 0.07758  72194     930618.0 0.0037
2  2  26.0 0.00810 0.00811 0.04943  72364    1463888.9 0.0037
2  2  26.0 0.00830 0.00830 0.03361  71814    2136731.4 0.0037
2  2  26.0 0.00850 0.00850 0.02621  72176    2753634.7 0.0037
2  2  26.0 0.00870 0.00869 0.02181  72046    3303220.1 0.0037
2  2  26.0 0.00890 0.00889 0.01949  72206    3705523.7 0.0037
2  2  26.0 0.00910 0.00908 0.01949  78080    4006970.2 0.0036
2  2  26.0 0.00930 0.00928 0.01722  71946    4176882.1 0.0037
2  2  26.0 0.00950 0.00947 0.01722  74192    4307275.4 0.0037
2  2  26.0 0.00970 0.00967 0.01722  75646    4391688.5 0.0036
2  2  26.0 0.00990 0.00986 0.01722  76654    4450208.7 0.0036
2  2  26.0 0.01010 0.01006 0.01722  77310    4488293.3 0.0036
2  2  26.0 0.01030 0.01025 0.01722  77748    4513721.8 0.0036
2  2  26.0 0.01050 0.01055 0.01722  78160    4537640.8 0.0036
2  2  26.0 0.01070 0.01074 0.01722  78270    4544026.9 0.0036
2  2  26.0 0.01090 0.01094 0.01722  78312    4546465.2 0.0036
2  2  26.0 0.01110 0.01113 0.01722  78230    4541704.7 0.0036
2  2  26.0 0.01130 0.01133 0.01722  78052    4531370.7 0.0036
2  2  26.0 0.01150 0.01152 0.01722  77760    4514418.4 0.0036
2  2  26.0 0.01170 0.01172 0.01722  77302    4487828.9 0.0036
2  2  26.0 0.01190 0.01191 0.01722  76618    4448118.7 0.0036
2  2  26.0 0.01210 0.01211 0.01722  75526    4384721.8 0.0036
2  2  26.0 0.01230 0.01230 0.01722  73984    4295199.8 0.0037
2  2  26.0 0.01250 0.01250 0.01722  71800    4168405.9 0.0037
2  2  26.0 0.01270 0.01270 0.01722  68328    3966836.2 0.0038
2  2  26.0 0.01290 0.01289 0.01722  63212    3669822.8 0.0040
2  2  26.0 0.01310 0.01309 0.01722  56500    3280152.3 0.0042
2  2  26.0 0.01330 0.01328 0.01722  48462    2813499.8 0.0045
2  2  26.0 0.01350 0.01348 0.01722  40264    2337558.4 0.0050
2  2  26.0 0.01370 0.01367 0.01722  32368    1879149.9 0.0056
2  2  26.0 0.01390 0.01387 0.01722  26926    1563210.3 0.0061
2  2  26.0 0.01410 0.01406 0.01722  23556    1367562.3 0.0065
2  2  26.0 0.01430 0.01426 0.01722  21314    1237401.2 0.0068
2  2  26.0 0.01450 0.01445 0.01722  19984    1160187.0 0.0071
2  2  26.0 0.01470 0.01475 0.01722  19488    1131391.3 0.0072
2  2  26.0 0.01490 0.01494 0.01722  19248    1117457.9 0.0072
2  2  26.0 0.01510 0.01514 0.01722  19072    1107240.1 0.0072
2  2  26.0 0.01530 0.01533 0.01722  19030    1104801.7 0.0072
2  2  26.0 0.01550 0.01553 0.01722  19184    1113742.3 0.0072
2  2  26.0 0.01570 0.01572 0.01722  19150    1111768.4 0.0072
2  2  26.0 0.01590 0.01592 0.01722  19068    1107007.9 0.0072
2  2  26.0 0.01610 0.01611 0.01722  18926    1098763.9 0.0073
2  2  26.0 0.01630 0.01631 0.01722  19090    1108285.1 0.0072
2  2  26.0 0.01650 0.01650 0.01722  19054    1106195.1 0.0072
2  2  26.0 0.01670 0.01670 0.01722  18962    1100853.9 0.0073
2  2  26.0 0.01690 0.01689 0.01722  19022    1104337.3 0.0073
2  2  26.0 0.01710 0.01709 0.01722  18932    1099112.3 0.0073
2  2  26.0 0.01730 0.01729 0.01722  18894    1096906.1 0.0073
2  2  26.0 0.01750 0.01748 0.01722  18518    1075077.2 0.0073
2  2  26.0 0.01770 0.01768 0.01722  18254    1059750.4 0.0074
2  2  26.0 0.01790 0.01787 0.01722  18042    1047442.6 0.0074
2  2  26.0 0.01810 0.01807 0.01722  17158     996121.3 0.0076
2  2  26.0 0.01830 0.01826 0.01722  16466     955946.7 0.0078
2  2  26.0 0.01850 0.01846 0.01722  15448     896845.9 0.0080
2  2  26.0 0.01870 0.01865 0.01722  13936     809065.5 0.0085
2  2  26.0 0.01890 0.01895 0.01722  11820     686219.5 0.0092
2  2  26.0 0.01910 0.01914 0.01722  10078     585086.3 0.0100
2  2  26.0 0.01930 0.01934 0.01722   8696     504853.2 0.0107
2  2  26.0 0.01950 0.01953 0.01722   7336     425897.3 0.0117
2  2  26.0 0.01970 0.01973 0.01722   6114     354953.1 0.0128
2  2  26.0 0.01990 0.01992 0.01722   5288     306999.0 0.0138
2  2  26.0 0.02010 0.02012 0.01722   4438     257651.6 0.0150
2  2  26.0 0.02030 0.02031 0.01722   4016     233152.1 0.0158
2  2  26.0 0.02050 0.02051 0.01722   3596     208768.6 0.0167
2  2  26.0 0.02070 0.02070 0.01722   3290     191003.6 0.0174
2  2  26.0 0.02090 0.02090 0.01722   2988     173470.7 0.0183
2  2  26.0 0.02110 0.02109 0.01722   2892     167897.4 0.0186
2  2  26.0 0.02130 0.02129 0.01722   2770     160814.5 0.0190
2  2  26.0 0.02150 0.02148 0.01722   2842     164994.6 0.0188
2  2  26.0 0.02170 0.02168 0.01722   2690     156170.1 0.0193
2  2  26.0 0.02190 0.02188 0.01722   2676     155357.3 0.0193
2  2  26.0 0.02210 0.02207 0.01722   2624     152338.4 0.0195
2  2  26.0 0.02230 0.02227 0.01722   2608     151409.5 0.0196
2  2  26.0 0.02250 0.02246 0.01722   2596     150712.8 0.0196
2  2  26.0 0.02270 0.02266 0.01722   2456     142585.0 0.0202
2  2  26.0 0.02290 0.02285 0.01722   2380     138172.8 0.0205
2  2  26.0 0.02310 0.02314 0.01722   2372     137708.3 0.0205
2  2  26.0 0.02330 0.02334 0.01722   2270     131786.6 0.0210
2  2  26.0 0.02350 0.02354 0.01722   2232     129580.5 0.0212
2  2  26.0 0.02370 0.02373 0.01722   2228     129348.3 0.0212
2  2  26.0 0.02390 0.02393 0.01790   2286     127698.4 0.0209
2  2  26.0 0.02410 0.02412 0.01790   2222     124123.3 0.0212
2  2  26.0 0.02430 0.02432 0.01893   2238     118247.1 0.0211
2  2  26.0 0.02450 0.02451 0.01893   2236     118141.5 0.0211
2  2  26.0 0.02470 0.02471 0.02049   2314     112908.6 0.0208
2  2  26.0 0.02490 0.02490 0.02131   2268     106419.5 0.0210
2  2  26.0 0.02510 0.02510 0.02184   2290     104840.4 0.0209
2  2  26.0 0.02530 0.02529 0.02340   2318      99053.9 0.0208
2  2  26.0 0.02550 0.02549 0.02510   2240      89259.0 0.0211
2  2  26.0 0.02570 0.02568 0.02656   2224      83739.9 0.0212
2  2  26.0 0.02590 0.02588 0.02824   2244      79463.1 0.0211
2  2  26.0 0.02610 0.02607 0.03146   2290      72793.0 0.0209
2  2  26.0 0.02630 0.02627 0.03423   2250      65727.7 0.0211
2  2  26.0 0.02650 0.02646 0.03958   2344      59221.4 0.0207
2  2  26.0 0.02670 0.02666 0.04362   2268      51988.9 0.0210
2  2  26.0 0.02690 0.02686 0.04866   2276      46771.2 0.0210
2  2  26.0 0.02710 0.02715 0.06097   2226      36512.2 0.0212
2  2  26.0 0.02730 0.02734 0.06757   2252      33326.4 0.0211
2  2  26.0 0.02750 0.02754 0.07846   2312      29465.4 0.0208
2  2  26.0 0.02770 0.02773 0.08519   2290      26880.1 0.0209
2  2  26.0 0.02790 0.02793 0.09427   2326      24673.2 0.0207
2  2  26.0 0.02810 0.02813 0.09947   2280      22922.6 0.0209
2  2  26.0 0.02830 0.02832 0.10766   2316      21511.9 0.0208
2  2  26.0 0.02850 0.02852 0.11435   2262      19781.1 0.0210
2  2  26.0 0.02870 0.02871 0.11435   2242      19606.2 0.0211
2  2  26.0 0.02890 0.02891 0.12496   2286      18294.3 0.0209
2  2  26.0 0.02910 0.02910 0.12496   2222      17782.1 0.0212
2  2  26.0 0.02930 0.02930 0.12496   2258      18070.2 0.0210
2  2  26.0 0.02950 0.02949 0.13488   2298      17037.0 0.0209
2  2  26.0 0.02970 0.02969 0.13863   2248      16216.3 0.0211
2  2  26.0 0.02990 0.02988 0.14001   2260      16141.4 0.0210
2  2  26.0 0.03010 0.03008 0.14484   2228      15382.9 0.0212
2  2  26.0 0.03030 0.03027 0.14844   2244      15116.8 0.0211
2  2  26.0 0.03050 0.03047 0.15186   2224      14645.0 0.0212
2  2  26.0 0.03070 0.03066 0.15186   2284      15040.1 0.0209
2  2  26.0 0.03090 0.03086 0.16011   2260      14115.0 0.0210
2  2  26.0 0.03110 0.03105 0.16835   2286      13579.2 0.0209
2  2  26.0 0.03130 0.03135 0.17382   2274      13082.7 0.0210
2  2  26.0 0.03150 0.03154 0.17881   2306      12896.6 0.0208
2  2  26.0 0.03170 0.03174 0.18192   2252      12379.2 0.0211
2  2  26.0 0.03190 0.03193 0.18924   2332      12322.8 0.0207
2  2  26.0 0.03210 0.03213 0.19969   2242      11227.2 0.0211
2  2  26.0 0.03230 0.03232 0.20298   2326      11459.1 0.0207
2  2  26.0 0.03250 0.03252 0.21682   2278      10506.4 0.0210
2  2  26.0 0.03270 0.03271 0.22704   2294      10104.0 0.0209
2  2  26.0 0.03290 0.03291 0.23484   2304       9810.9 0.0208
2  2  26.0 0.03310 0.03311 0.25063   2246       8961.4 0.0211
2  2  26.0 0.03330 0.03330 0.27308   2296       8407.8 0.0209
2  2  26.0 0.03350 0.03350 0.29639   2230       7523.8 0.0212
2  2  26.0 0.03370 0.03369 0.30906   2248       7273.6 0.0211
2  2  26.0 0.03390 0.03389 0.34132   2266       6638.9 0.0210
2  2  26.0 0.03410 0.03408 0.37694   2252       5974.4 0.0211
2  2  26.0 0.03430 0.03428 0.41712   2250       5394.2 0.0211
2  2  26.0 0.03450 0.03447 0.47893   2290       4781.5 0.0209
2  2  26.0 0.03470 0.03467 0.50620   2262       4468.6 0.0210
2  2  26.0 0.03490 0.03486 0.56709   2236       3943.0 0.0211
2  2  26.0 0.03510 0.03506 0.62441   2272       3638.6 0.0210
2  2  26.0 0.03530 0.03525 0.71078   2336       3286.5 0.0207
2  2  26.0 0.03550 0.03555 0.76092   2248       2954.3 0.0211
2  2  26.0 0.03570 0.03574 0.81287   2262       2782.7 0.0210
2  2  26.0 0.03590 0.03594 0.88655   2278       2569.5 0.0210
2  2  26.0 0.03610 0.03613 0.95661   2334       2439.9 0.0207
2  2  26.0 0.03630 0.03633 0.95661   2250       2352.1 0.0211
2  2  26.0 0.03650 0.03652 1.01286   2316       2286.6 0.0208
2  2  26.0 0.03670 0.03672 1.01286   2278       2249.1 0.0210
2  2  26.0 0.03690 0.03691 1.01286   2234       2205.6 0.0212
2  2  26.0 0.03710 0.03711 1.11525   2272       2037.2 0.0210
2  2  26.0 0.03730 0.03730 1.11525   2262       2028.2 0.0210
2  2  26.0 0.03750 0.03750 1.13987   2242       1966.9 0.0211
2  2  26.0 0.03770 0.03770 1.16826   2222       1902.0 0.0212
2  2  26.0 0.03790 0.03789 1.18968   2226       1871.1 0.0212
2  2  26.0 0.03810 0.03809 1.21000   2160       1785.1 0.0215
2  2  26.0 0.03830 0.03828 1.21000   2094       1730.6 0.0219
2  2  26.0 0.03850 0.03848 1.21000   2046       1690.9 0.0221
2  2  26.0 0.03870 0.03867 1.21000   1886       1558.7 0.0230
2  2  26.0 0.03890 0.03887 1.21000   1908       1576.9 0.0229
2  2  26.0 0.03910 0.03906 1.21000   1878       1552.1 0.0231
2  2  26.0 0.03930 0.03926 1.21000   1792       1481.0 0.0236
2  2  26.0 0.03950 0.03945 1.21000   1716       1418.2 0.0241
2  2  26.0 0.03970 0.03975 1.21000   1688       1395.0 0.0243
2  2  26.0 0.03990 0.03994 1.21000   1554       1284.3 0.0254
2  3  26.0 0.00010 0.00010 1.21000      2          1.7 0.7071
2  3  26.0 0.00030 0.00029 1.21000      2          1.7 0.7071
2  3  26.0 0.00050 0.00049 1.21000      2          1.7 0.7071
2  3  26.0 0.00070 0.00068 1.21000      8          6.6 0.3536
2  3  26.0 0.00090 0.00088 1.21000      6          5.0 0.4082
2  3  26.0 0.00110 0.00107 1.21000      2          1.7 0.7071
2  3  26.0 0.00130 0.00127 1.21000      8          6.6 0.3536
2  3  26.0 0.00150 0.00146 1.21000      4          3.3 0.5000
2  3  26.0 0.00170 0.00166 1.21000      8          6.6 0.3536
2  3  26.0 0.00190 0.00186 1.21000      8          6.6 0.3536
2  3  26.0 0.00210 0.00215 1.21000     10          8.3 0.3162
2  3  26.0 0.00230 0.00234 1.21000      4          3.3 0.5000
2  3  26.0 0.00250 0.00254 1.21000      4          3.3 0.5000
2  3  26.0 0.00270 0.00273 1.21000     12          9.9 0.2887
2  3  26.0 0.00290 0.00293 1.21000      8          6.6 0.3536
2  3  26.0 0.00310 0.00313 1.21000     12          9.9 0.2887
2  3  26.0 0.00330 0.00332 1.21000     10          8.3 0.3162
2  3  26.0 0.00350 0.00352 1.21000     16         13.2 0.2500
2  3  26.0 0.00370 0.00371 1.21000     18         14.9 0.2357
2  3  26.0 0.00390 0.00391 1.21000     16         13.2 0.2500
2  3  26.0 0.00410 0.00410 1.21000     16         13.2 0.2500
2  3  26.0 0.00430 0.00430 1.21000     14         11.6 0.2673
2  3  26.0 0.00450 0.00449 1.21000     16         13.2 0.2500
2  3  26.0 0.00470 0.00469 1.21000     20         16.5 0.2236
2  3  26.0 0.00490 0.00488 1.21000     30         24.8 0.1826
2  3  26.0 0.00510 0.00508 1.21000     28         23.1 0.1890
2  3  26.0 0.00530 0.00527 1.21000     34         28.1 0.1715
2  3  26.0 0.00550 0.00547 1.21000     62         51.2 0.1270
2  3  26.0 0.00570 0.00566 1.21000    112         92.6 0.0945
2  3  26.0 0.00590 0.00586 1.21000    272        224.8 0.0606
2  3  26.0 0.00610 0.00605 1.21000    592        489.3 0.0411
2  3  26.0 0.00630 0.00635 1.21000   2284       1887.6 0.0209
2  3  26.0 0.00650 0.00654 1.21000   5480       4528.9 0.0135
2  3  26.0 0.00670 0.00674 1.21000  13488      11147.1 0.0086
2  3  26.0 0.00690 0.00693 1.21000  30650      25330.6 0.0057
2  3  26.0 0.00710 0.00713 1.21000  67500      55785.1 0.0038
2  3  26.0 0.00730 0.00732 0.51520  72340     140410.8 0.0037
2  3  26.0 0.00750 0.00752 0.24652  72242     293052.5 0.0037
2  3  26.0 0.00770 0.00771 0.13542  73036     539340.9 0.0037
2  3  26.0 0.00790 0.00791 0.07545  71918     953179.5 0.0037
2  3  26.0 0.00810 0.00811 0.04809  72366    1504721.6 0.0037
2  3  26.0 0.00830 0.00830 0.03319  71962    2168377.2 0.0037
2  3  26.0 0.00850 0.00850 0.02580  71500    2771468.4 0.0037
2  3  26.0 0.00870 0.00869 0.02172  72450    3336173.0 0.0037
2  3  26.0 0.00890 0.00889 0.01927  72050    3738279.1 0.0037
2  3  26.0 0.00910 0.00908 0.01927  77522    4022191.1 0.0036
2  3  26.0 0.00930 0.00928 0.01710  71456    4179439.9 0.0037
2  3  26.0 0.00950 0.00947 0.01710  73580    4303672.0 0.0037
2  3  26.0 0.00970 0.00967 0.01710  74988    4386025.5 0.0037
2  3  26.0 0.00990 0.00986 0.01710  75976    4443813.3 0.0036
2  3  26.0 0.01010 0.01006 0.01710  76608    4480778.8 0.0036
2  3  26.0 0.01030 0.01025 0.01710  77040    4506046.4 0.0036
2  3  26.0 0.01050 0.01055 0.01710  77430    4528857.4 0.0036
2  3  26.0 0.01070 0.01074 0.01710  77544    4535525.2 0.0036
2  3  26.0 0.01090 0.01094 0.01710  77570    4537045.9 0.0036
2  3  26.0 0.01110 0.01113 0.01710  77512    4533653.5 0.0036
2  3  26.0 0.01130 0.01133 0.01710  77316    4522189.5 0.0036
2  3  26.0 0.01150 0.01152 0.01710  77022    4504993.6 0.0036
2  3  26.0 0.01170 0.01172 0.01710  76552    4477503.4 0.0036
2  3  26.0 0.01190 0.01191 0.01710  75880    4438198.3 0.0036
2  3  26.0 0.01210 0.01211 0.01710  74776    4373625.7 0.0037
2  3  26.0 0.01230 0.01230 0.01710  73242    4283902.5 0.0037
2  3  26.0 0.01250 0.01250 0.01710  71026    4154289.3 0.0038
2  3  26.0 0.01270 0.01270 0.01710  67690    3959167.7 0.0038
2  3  26.0 0.01290 0.01289 0.01710  62534    3657594.8 0.0040
2  3  26.0 0.01310 0.01309 0.01710  55780    3262555.4 0.0042
2  3  26.0 0.01330 0.01328 0.01710  47896    2801422.6 0.0046
2  3  26.0 0.01350 0.01348 0.01710  39622    2317478.8 0.0050
2  3  26.0 0.01370 0.01367 0.01710  31776    1858568.7 0.0056
2  3  26.0 0.01390 0.01387 0.01710  26094    1526230.2 0.0062
2  3  26.0 0.01410 0.01406 0.01710  22344    1306893.8 0.0067
2  3  26.0 0.01430 0.01426 0.01710  20268    1185469.2 0.0070
2  3  26.0 0.01450 0.01445 0.01710  18760    1097266.7 0.0073
2  3  26.0 0.01470 0.01475 0.01710  18410    1076795.3 0.0074
2  3  26.0 0.01490 0.01494 0.01710  18182    1063459.7 0.0074
2  3  26.0 0.01510 0.01514 0.01710  18020    1053984.4 0.0074
2  3  26.0 0.01530 0.01533 0.01710  18026    1054335.3 0.0074
2  3  26.0 0.01550 0.01553 0.01710  18036    1054920.2 0.0074
2  3  26.0 0.01570 0.01572 0.01710  17948    1049773.1 0.0075
2  3  26.0 0.01590 0.01592 0.01710  17878    1045678.8 0.0075
2  3  26.0 0.01610 0.01611 0.01710  17946    1049656.1 0.0075
2  3  26.0 0.01630 0.01631 0.01710  17706    1035618.6 0.0075
2  3  26.0 0.01650 0.01650 0.01710  17706    1035618.6 0.0075
2  3  26.0 0.01670 0.01670 0.01710  17838    1043339.2 0.0075
2  3  26.0 0.01690 0.01689 0.01710  17584    1028482.9 0.0075
2  3  26.0 0.01710 0.01709 0.01710  17332    1013743.5 0.0076
2  3  26.0 0.01730 0.01729 0.01710  16750     979702.4 0.0077
2  3  26.0 0.01750 0.01748 0.01710  16100     941684.1 0.0079
2  3  26.0 0.01770 0.01768 0.01710  15230     890798.1 0.0081
2  3  26.0 0.01790 0.01787 0.01710  14252     833595.2 0.0084
2  3  26.0 0.01810 0.01807 0.01710  12972     758728.4 0.0088
2  3  26.0 0.01830 0.01826 0.01710  11512     673333.4 0.0093
2  3  26.0 0.01850 0.01846 0.01710  10060     588406.4 0.0100
2  3  26.0 0.01870 0.01865 0.01710   8890     519973.4 0.0106
2  3  26.0 0.01890 0.01895 0.01710   7088     414575.0 0.0119
2  3  26.0 0.01910 0.01914 0.01710   6144     359360.7 0.0128
2  3  26.0 0.01930 0.01934 0.01710   5540     324032.9 0.0134
2  3  26.0 0.01950 0.01953 0.01710   4924     288003.3 0.0143
2  3  26.0 0.01970 0.01973 0.01710   4512     263905.5 0.0149
2  3  26.0 0.01990 0.01992 0.01710   4234     247645.4 0.0154
2  3  26.0 0.02010 0.02012 0.01710   4056     237234.2 0.0157
2  3  26.0 0.02030 0.02031 0.01710   3858     225653.3 0.0161
2  3  26.0 0.02050 0.02051 0.01710   3762     220038.2 0.0163
2  3  26.0 0.02070 0.02070 0.01710   3730     218166.6 0.0164
2  3  26.0 0.02090 0.02090 0.01710   3694     216060.9 0.0165
2  3  26.0 0.02110 0.02109 0.01710   3674     214891.2 0.0165
2  3  26.0 0.02130 0.02129 0.01710   3588     209861.0 0.0167
2  3  26.0 0.02150 0.02148 0.01710   3516     205649.8 0.0169
2  3  26.0 0.02170 0.02168 0.01710   3518     205766.8 0.0169
2  3  26.0 0.02190 0.02188 0.01710   3580     209393.1 0.0167
2  3  26.0 0.02210 0.02207 0.01710   3544     207287.5 0.0168
2  3  26.0 0.02230 0.02227 0.01710   3390     198280.1 0.0172
2  3  26.0 0.02250 0.02246 0.01710   3254     190325.5 0.0175
2  3  26.0 0.02270 0.02266 0.01710   3314     193834.9 0.0174
2  3  26.0 0.02290 0.02285 0.01710   3258     190559.4 0.0175
2  3  26.0 0.02310 0.02314 0.01710   3088     180616.2 0.0180
2  3  26.0 0.02330 0.02334 0.01710   3092     180850.1 0.0180
2  3  26.0 0.02350 0.02354 0.01710   3036     177574.7 0.0181
2  3  26.0 0.02370 0.02373 0.01710   2910     170205.0 0.0185
2  3  26.0 0.02390 0.02393 0.01710   2886     168801.3 0.0186
2  3  26.0 0.02410 0.02412 0.01710   2614     152892.1 0.0196
2  3  26.0 0.02430 0.02432 0.01710   2560     149733.6 0.0198
2  3  26.0 0.02450 0.02451 0.01710   2298     134409.3 0.0209
2  3  26.0 0.02470 0.02471 0.01822   2310     126808.6 0.0208
2  3  26.0 0.02490 0.02490 0.01986   2288     115195.1 0.0209
2  3  26.0 0.02510 0.02510 0.02148   2234     103993.5 0.0212
2  3  26.0 0.02530 0.02529 0.02456   2288      93169.7 0.0209
2  3  26.0 0.02550 0.02549 0.02688   2286      85044.6 0.0209
2  3  26.0 0.02570 0.02568 0.03017   2284      75716.0 0.0209
2  3  26.0 0.02590 0.02588 0.03238   2258      69733.6 0.0210
2  3  26.0 0.02610 0.02607 0.03634   2308      63514.8 0.0208
2  3  26.0 0.02630 0.02627 0.03923   2332      59438.7 0.0207
2  3  26.0 0.02650 0.02646 0.04133   2232      54004.4 0.0212
2  3  26.0 0.02670 0.02666 0.04424   2270      51315.0 0.0210
2  3  26.0 0.02690 0.02686 0.04424   2254      50953.3 0.0211
2  3  26.0 0.02710 0.02715 0.04790   2244      46846.2 0.0211
2  3  26.0 0.02730 0.02734 0.04790   2248      46929.7 0.0211
2  3  26.0 0.02750 0.02754 0.04790   2714      56658.0 0.0192
2  3  26.0 0.02770 0.02773 0.04790   2708      56532.7 0.0192
2  3  26.0 0.02790 0.02793 0.04790   2672      55781.2 0.0193
2  3  26.0 0.02810 0.02813 0.04790   2630      54904.4 0.0195
2  3  26.0 0.02830 0.02832 0.04790   2604      54361.6 0.0196
2  3  26.0 0.02850 0.02852 0.04790   2462      51397.2 0.0202
2  3  26.0 0.02870 0.02871 0.04790   2522      52649.8 0.0199
2  3  26.0 0.02890 0.02891 0.04790   2534      52900.3 0.0199
2  3  26.0 0.02910 0.02910 0.04790   2414      50395.1 0.0204
2  3  26.0 0.02930 0.02930 0.04790   2380      49685.3 0.0205
2  3  26.0 0.02950 0.02949 0.04790   2392      49935.9 0.0204
2  3  26.0 0.02970 0.02969 0.04790   2342      48892.1 0.0207
2  3  26.0 0.02990 0.02988 0.04790   2266      47305.5 0.0210
2  3  26.0 0.03010 0.03008 0.04790   2222      46386.9 0.0212
2  3  26.0 0.03030 0.03027 0.05102   2310      45272.4 0.0208
2  3  26.0 0.03050 0.03047 0.05264   2244      42633.0 0.0211
2  3  26.0 0.03070 0.03066 0.05577   2322      41633.1 0.0208
2  3  26.0 0.03090 0.03086 0.05577   2240      40162.9 0.0211
2  3  26.0 0.03110 0.03105 0.05840   2262      38733.7 0.0210
2  3  26.0 0.03130 0.03135 0.06483   2364      36467.3 0.0206
2  3  26.0 0.03150 0.03154 0.07068   2342      33135.7 0.0207
2  3  26.0 0.03170 0.03174 0.07691   2294      29827.3 0.0209
2  3  26.0 0.03190 0.03193 0.08177   2280      27884.2 0.0209
2  3  26.0 0.03210 0.03213 0.08890   2314      26030.4 0.0208
2  3  26.0 0.03230 0.03232 0.09859   2246      22781.6 0.0211
2  3  26.0 0.03250 0.03252 0.10659   2376      22291.6 0.0205
2  3  26.0 0.03270 0.03271 0.11461   2224      19405.7 0.0212
2  3  26.0 0.03290 0.03291 0.13208   2322      17580.0 0.0208
2  3  26.0 0.03310 0.03311 0.13208   2304      17443.7 0.0208
2  3  26.0 0.03330 0.03330 0.14316   2314      16163.7 0.0208
2  3  26.0 0.03350 0.03350 0.14862   2238      15058.9 0.0211
2  3  26.0 0.03370 0.03369 0.15441   2254      14597.6 0.0211
2  3  26.0 0.03390 0.03389 0.16479   2354      14284.7 0.0206
2  3  26.0 0.03410 0.03408 0.17370   2282      13137.3 0.0209
2  3  26.0 0.03430 0.03428 0.17370   2332      13425.2 0.0207
2  3  26.0 0.03450 0.03447 0.17370   2236      12872.5 0.0211
2  3  26.0 0.03470 0.03467 0.17738   2288      12899.2 0.0209
2  3  26.0 0.03490 0.03486 0.18361   2240      12199.5 0.0211
2  3  26.0 0.03510 0.03506 0.18361   2230      12145.0 0.0212
2  3  26.0 0.03530 0.03525 0.18361   2240      12199.5 0.0211
2  3  26.0 0.03550 0.03555 0.19577   2276      11625.7 0.0210
2  3  26.0 0.03570 0.03574 0.19577   2260      11544.0 0.0210
2  3  26.0 0.03590 0.03594 0.20308   2346      11551.8 0.0206
2  3  26.0 0.03610 0.03613 0.20308   2256      11108.7 0.0211
2  3  26.0 0.03630 0.03633 0.20308   2244      11049.6 0.0211
2  3  26.0 0.03650 0.03652 0.20950   2320      11074.2 0.0208
2  3  26.0 0.03670 0.03672 0.21471   2276      10600.2 0.0210
2  3  26.0 0.03690 0.03691 0.22747   2290      10067.3 0.0209
2  3  26.0 0.03710 0.03711 0.23378   2268       9701.4 0.0210
2  3  26.0 0.03730 0.03730 0.23378   2236       9564.5 0.0211
2  3  26.0 0.03750 0.03750 0.24434   2294       9388.6 0.0209
2  3  26.0 0.03770 0.03770 0.24973   2248       9001.6 0.0211
2  3  26.0 0.03790 0.03789 0.25879   2230       8616.9 0.0212
2  3  26.0 0.03810 0.03809 0.27331   2246       8217.8 0.0211
2  3  26.0 0.03830 0.03828 0.29908   2260       7556.4 0.0210
2  3  26.0 0.03850 0.03848 0.32099   2288       7128.0 0.0209
2  3  26.0 0.03870 0.03867 0.34257   2222       6486.3 0.0212
2  3  26.0 0.03890 0.03887 0.36474   2284       6262.0 0.0209
2  3  26.0 0.03910 0.03906 0.39689   2276       5734.6 0.0210
2  3  26.0 0.03930 0.03926 0.42977   2282       5309.8 0.0209
2  3  26.0 0.03950 0.03945 0.46044   2370       5147.3 0.0205
2  3  26.0 0.03970 0.03975 0.51972   2270       4367.7 0.0210
2  3  26.0 0.03990 0.03994 0.53502   2240       4186.7 0.0211
