# Scan Time    : Fri, 18 Mar 2022 04:37:01 +0000 (GMT) + 88660000 nsec
# Board Lane   : 5
# Board Loc    : BTOF - Southeast
# SiPM Biases  :  56.730  56.794  57.872  56.740
# SiPM Currents:   1.050   0.969   2.817   1.040
#
1 -1  25.6 0.00010 0.00010 1.21000      0          0.0 999.9990
1 -1  25.6 0.00030 0.00029 1.21000      0          0.0 999.9990
1 -1  25.6 0.00050 0.00049 1.21000      2          1.7 0.7071
1 -1  25.6 0.00070 0.00068 1.21000      4          3.3 0.5000
1 -1  25.6 0.00090 0.00088 1.21000      4          3.3 0.5000
1 -1  25.6 0.00110 0.00107 1.21000      4          3.3 0.5000
1 -1  25.6 0.00130 0.00127 1.21000      4          3.3 0.5000
1 -1  25.6 0.00150 0.00146 1.21000      8          6.6 0.3536
1 -1  25.6 0.00170 0.00166 1.21000      8          6.6 0.3536
1 -1  25.6 0.00190 0.00186 1.21000      6          5.0 0.4082
1 -1  25.6 0.00210 0.00215 1.21000     10          8.3 0.3162
1 -1  25.6 0.00230 0.00234 1.21000     10          8.3 0.3162
1 -1  25.6 0.00250 0.00254 1.21000     14         11.6 0.2673
1 -1  25.6 0.00270 0.00273 1.21000     24         19.8 0.2041
1 -1  25.6 0.00290 0.00293 1.21000     18         14.9 0.2357
1 -1  25.6 0.00310 0.00313 1.21000     16         13.2 0.2500
1 -1  25.6 0.00330 0.00332 1.21000     20         16.5 0.2236
1 -1  25.6 0.00350 0.00352 1.21000     22         18.2 0.2132
1 -1  25.6 0.00370 0.00371 1.21000     30         24.8 0.1826
1 -1  25.6 0.00390 0.00391 1.21000     20         16.5 0.2236
1 -1  25.6 0.00410 0.00410 1.21000     32         26.4 0.1768
1 -1  25.6 0.00430 0.00430 1.21000     28         23.1 0.1890
1 -1  25.6 0.00450 0.00449 1.21000     36         29.8 0.1667
1 -1  25.6 0.00470 0.00469 1.21000     38         31.4 0.1622
1 -1  25.6 0.00490 0.00488 1.21000     28         23.1 0.1890
1 -1  25.6 0.00510 0.00508 1.21000     44         36.4 0.1508
1 -1  25.6 0.00530 0.00527 1.21000     40         33.1 0.1581
1 -1  25.6 0.00550 0.00547 1.21000     60         49.6 0.1291
1 -1  25.6 0.00570 0.00566 1.21000     76         62.8 0.1147
1 -1  25.6 0.00590 0.00586 1.21000     78         64.5 0.1132
1 -1  25.6 0.00610 0.00605 1.21000    162        133.9 0.0786
1 -1  25.6 0.00630 0.00635 1.21000    404        333.9 0.0498
1 -1  25.6 0.00650 0.00654 1.21000    956        790.1 0.0323
1 -1  25.6 0.00670 0.00674 1.21000   2252       1861.2 0.0211
1 -1  25.6 0.00690 0.00693 1.21000   5508       4552.1 0.0135
1 -1  25.6 0.00710 0.00713 1.21000  12946      10699.2 0.0088
1 -1  25.6 0.00730 0.00732 1.21000  29962      24762.0 0.0058
1 -1  25.6 0.00750 0.00752 1.21000  67108      55461.2 0.0039
1 -1  25.6 0.00770 0.00771 0.66468  78920     118733.3 0.0036
1 -1  25.6 0.00790 0.00791 0.28548  71350     249931.4 0.0037
1 -1  25.6 0.00810 0.00811 0.15682  76122     485408.9 0.0036
1 -1  25.6 0.00830 0.00830 0.08615  79172     919051.8 0.0036
1 -1  25.6 0.00850 0.00850 0.04732  75654    1598715.1 0.0036
1 -1  25.6 0.00870 0.00869 0.02752  72516    2635180.0 0.0037
1 -1  25.6 0.00890 0.00889 0.01793  71184    3970773.1 0.0037
1 -1  25.6 0.00910 0.00908 0.01287  71694    5569471.9 0.0037
1 -1  25.6 0.00930 0.00928 0.01005  72780    7243978.2 0.0037
1 -1  25.6 0.00950 0.00947 0.00834  73068    8766363.7 0.0037
1 -1  25.6 0.00970 0.00967 0.00720  71870    9980937.4 0.0037
1 -1  25.6 0.00990 0.00986 0.00720  78148   10852793.9 0.0036
1 -1  25.6 0.01010 0.01006 0.00619  71956   11617834.1 0.0037
1 -1  25.6 0.01030 0.01025 0.00619  75568   12201018.5 0.0036
1 -1  25.6 0.01050 0.01055 0.00619  79122   12774838.4 0.0036
1 -1  25.6 0.01070 0.01074 0.00552  72328   13111682.4 0.0037
1 -1  25.6 0.01090 0.01094 0.00552  73482   13320880.6 0.0037
1 -1  25.6 0.01110 0.01113 0.00552  74162   13444151.6 0.0037
1 -1  25.6 0.01130 0.01133 0.00552  74548   13514126.0 0.0037
1 -1  25.6 0.01150 0.01152 0.00552  74704   13542405.8 0.0037
1 -1  25.6 0.01170 0.01172 0.00552  74536   13511950.6 0.0037
1 -1  25.7 0.01190 0.01191 0.00552  73994   13413696.4 0.0037
1 -1  25.7 0.01210 0.01211 0.00552  72964   13226977.1 0.0037
1 -1  25.7 0.01230 0.01230 0.00552  71364   12936927.7 0.0037
1 -1  25.7 0.01250 0.01250 0.00552  69180   12541010.3 0.0038
1 -1  25.7 0.01270 0.01270 0.00552  66552   12064604.2 0.0039
1 -1  25.7 0.01290 0.01289 0.00552  61420   11134270.8 0.0040
1 -1  25.7 0.01310 0.01309 0.00552  55560   10071964.9 0.0042
1 -1  25.7 0.01330 0.01328 0.00552  49138    8907779.2 0.0045
1 -1  25.7 0.01350 0.01348 0.00552  42844    7766797.4 0.0048
1 -1  25.7 0.01370 0.01367 0.00552  37560    6808909.3 0.0052
1 -1  25.7 0.01390 0.01387 0.00552  33396    6054055.8 0.0055
1 -1  25.7 0.01410 0.01406 0.00552  30426    5515651.6 0.0057
1 -1  25.7 0.01430 0.01426 0.00552  28702    5203123.4 0.0059
1 -1  25.7 0.01450 0.01445 0.00552  27572    4998276.0 0.0060
1 -1  25.7 0.01470 0.01475 0.00552  26868    4870654.3 0.0061
1 -1  25.7 0.01490 0.01494 0.00552  26788    4856151.8 0.0061
1 -1  25.7 0.01510 0.01514 0.00552  26246    4757897.6 0.0062
1 -1  25.7 0.01530 0.01533 0.00552  26410    4787627.7 0.0062
1 -1  25.7 0.01550 0.01553 0.00552  26382    4782551.8 0.0062
1 -1  25.7 0.01570 0.01572 0.00552  26284    4764786.3 0.0062
1 -1  25.7 0.01590 0.01592 0.00552  26312    4769862.1 0.0062
1 -1  25.7 0.01610 0.01611 0.00552  26158    4741944.9 0.0062
1 -1  25.7 0.01630 0.01631 0.00552  26006    4714390.2 0.0062
1 -1  25.7 0.01650 0.01650 0.00552  26170    4744120.3 0.0062
1 -1  25.7 0.01670 0.01670 0.00552  26122    4735418.8 0.0062
1 -1  25.7 0.01690 0.01689 0.00552  26150    4740494.6 0.0062
1 -1  25.7 0.01710 0.01709 0.00552  25800    4677046.3 0.0062
1 -1  25.7 0.01730 0.01729 0.00552  26002    4713665.1 0.0062
1 -1  25.7 0.01750 0.01748 0.00552  25918    4698437.5 0.0062
1 -1  25.7 0.01770 0.01768 0.00552  25558    4633176.4 0.0063
1 -1  25.7 0.01790 0.01787 0.00552  25678    4654930.1 0.0062
1 -1  25.7 0.01810 0.01807 0.00552  25376    4600183.2 0.0063
1 -1  25.7 0.01830 0.01826 0.00552  25378    4600545.8 0.0063
1 -1  25.7 0.01850 0.01846 0.00552  25168    4562476.8 0.0063
1 -1  25.7 0.01870 0.01865 0.00552  24740    4484888.6 0.0064
1 -1  25.7 0.01890 0.01895 0.00552  23826    4319197.9 0.0065
1 -1  25.7 0.01910 0.01914 0.00552  22736    4121601.8 0.0066
1 -1  25.7 0.01930 0.01934 0.00552  21678    3929806.6 0.0068
1 -1  25.7 0.01950 0.01953 0.00552  20682    3749250.9 0.0070
1 -1  25.7 0.01970 0.01973 0.00552  19156    3472616.3 0.0072
1 -1  25.7 0.01990 0.01992 0.00552  17556    3182566.9 0.0075
1 -1  25.7 0.02010 0.02012 0.00552  16276    2950527.4 0.0078
1 -1  25.7 0.02030 0.02031 0.00552  14814    2685494.7 0.0082
1 -1  25.7 0.02050 0.02051 0.00552  13274    2406322.2 0.0087
1 -1  25.7 0.02070 0.02070 0.00552  12078    2189510.3 0.0091
1 -1  25.7 0.02090 0.02090 0.00552  10948    1984662.9 0.0096
1 -1  25.7 0.02110 0.02109 0.00552   9860    1787429.3 0.0101
1 -1  25.7 0.02130 0.02129 0.00552   9060    1642404.6 0.0105
1 -1  25.7 0.02150 0.02148 0.00552   8152    1477801.6 0.0111
1 -1  25.7 0.02170 0.02168 0.00552   7538    1366495.2 0.0115
1 -1  25.7 0.02190 0.02188 0.00552   7106    1288181.8 0.0119
1 -1  25.7 0.02210 0.02207 0.00552   6820    1236335.5 0.0121
1 -1  25.7 0.02230 0.02227 0.00552   6410    1162010.3 0.0125
1 -1  25.7 0.02250 0.02246 0.00552   6032    1093486.2 0.0129
1 -1  25.7 0.02270 0.02266 0.00552   6074    1101100.0 0.0128
1 -1  25.7 0.02290 0.02285 0.00552   5742    1040914.7 0.0132
1 -1  25.7 0.02310 0.02314 0.00552   5522    1001032.9 0.0135
1 -1  25.7 0.02330 0.02334 0.00552   5440     986167.9 0.0136
1 -1  25.7 0.02350 0.02354 0.00552   5370     973478.2 0.0136
1 -1  25.7 0.02370 0.02373 0.00552   5160     935409.3 0.0139
1 -1  25.7 0.02390 0.02393 0.00552   5140     931783.6 0.0139
1 -1  25.7 0.02410 0.02412 0.00552   4920     891901.9 0.0143
1 -1  25.7 0.02430 0.02432 0.00552   4832     875949.1 0.0144
1 -1  25.7 0.02450 0.02451 0.00552   4746     860359.0 0.0145
1 -1  25.7 0.02470 0.02471 0.00552   4436     804161.9 0.0150
1 -1  25.7 0.02490 0.02490 0.00552   4448     806337.3 0.0150
1 -1  25.7 0.02510 0.02510 0.00552   4262     772619.0 0.0153
1 -1  25.7 0.02530 0.02529 0.00552   4144     751227.9 0.0155
1 -1  25.7 0.02550 0.02549 0.00552   3976     720772.7 0.0159
1 -1  25.7 0.02570 0.02568 0.00552   3768     683066.3 0.0163
1 -1  25.7 0.02590 0.02588 0.00552   3702     671101.8 0.0164
1 -1  25.7 0.02610 0.02607 0.00552   3586     650073.2 0.0167
1 -1  25.7 0.02630 0.02627 0.00552   3402     616717.5 0.0171
1 -1  25.7 0.02650 0.02646 0.00552   3362     609466.3 0.0172
1 -1  25.7 0.02670 0.02666 0.00552   3124     566321.4 0.0179
1 -1  25.7 0.02690 0.02686 0.00552   2852     517013.0 0.0187
1 -1  25.7 0.02710 0.02715 0.00552   2594     470242.6 0.0196
1 -1  25.7 0.02730 0.02734 0.00552   2452     444500.7 0.0202
1 -1  25.7 0.02750 0.02754 0.00552   2426     439787.4 0.0203
1 -1  25.7 0.02770 0.02773 0.00552   2274     412232.7 0.0210
1 -1  25.7 0.02790 0.02793 0.00609   2242     368293.0 0.0211
1 -1  25.7 0.02810 0.02813 0.00645   2236     346479.0 0.0211
1 -1  25.7 0.02830 0.02832 0.00696   2266     325398.7 0.0210
1 -1  25.7 0.02850 0.02852 0.00757   2286     301973.6 0.0209
1 -1  25.7 0.02870 0.02871 0.00784   2274     290114.2 0.0210
1 -1  25.7 0.02890 0.02891 0.00832   2232     268352.3 0.0212
1 -1  25.7 0.02910 0.02910 0.00909   2226     244987.1 0.0212
1 -1  25.7 0.02930 0.02930 0.00980   2270     231632.6 0.0210
1 -1  25.7 0.02950 0.02949 0.01019   2268     222679.6 0.0210
1 -1  25.7 0.02970 0.02969 0.01102   2236     202939.0 0.0211
1 -1  25.7 0.02990 0.02988 0.01205   2254     187080.0 0.0211
1 -1  25.7 0.03010 0.03008 0.01300   2246     172735.8 0.0211
1 -1  25.7 0.03030 0.03027 0.01404   2286     162835.9 0.0209
1 -1  25.7 0.03050 0.03047 0.01434   2250     156953.6 0.0211
1 -1  25.7 0.03070 0.03066 0.01575   2298     145873.3 0.0209
1 -1  25.7 0.03090 0.03086 0.01591   2314     145436.8 0.0208
1 -1  25.7 0.03110 0.03105 0.01705   2310     135509.5 0.0208
1 -1  25.7 0.03130 0.03135 0.01772   2282     128806.3 0.0209
1 -1  25.7 0.03150 0.03154 0.01898   2366     124638.2 0.0206
1 -1  25.7 0.03170 0.03174 0.01988   2318     116614.2 0.0208
1 -1  25.7 0.03190 0.03193 0.02077   2326     111977.7 0.0207
1 -1  25.7 0.03210 0.03213 0.02113   2314     109494.9 0.0208
1 -1  25.7 0.03230 0.03232 0.02275   2236      98280.6 0.0211
1 -1  25.7 0.03250 0.03252 0.02275   2226      97841.1 0.0212
1 -1  25.7 0.03270 0.03271 0.02347   2242      95545.2 0.0211
1 -1  25.7 0.03290 0.03291 0.02513   2232      88833.6 0.0212
1 -1  25.7 0.03310 0.03311 0.02687   2318      86277.6 0.0208
1 -1  25.7 0.03330 0.03330 0.02831   2304      81389.4 0.0208
1 -1  25.7 0.03350 0.03350 0.02888   2278      78877.4 0.0210
1 -1  25.7 0.03370 0.03369 0.02893   2230      77076.4 0.0212
1 -1  25.7 0.03390 0.03389 0.03249   2396      73752.4 0.0204
1 -1  25.7 0.03410 0.03408 0.03326   2252      67703.6 0.0211
1 -1  25.7 0.03430 0.03428 0.03431   2256      65748.2 0.0211
1 -1  25.7 0.03450 0.03447 0.03614   2238      61918.6 0.0211
1 -1  25.7 0.03470 0.03467 0.03918   2322      59269.8 0.0208
1 -1  25.7 0.03490 0.03486 0.04053   2250      55519.3 0.0211
1 -1  25.7 0.03510 0.03506 0.04350   2262      51997.2 0.0210
1 -1  25.7 0.03530 0.03525 0.04542   2224      48961.0 0.0212
1 -1  25.7 0.03550 0.03555 0.05097   2360      46302.8 0.0206
1 -1  25.7 0.03570 0.03574 0.05434   2324      42764.7 0.0207
1 -1  25.7 0.03590 0.03594 0.05627   2356      41870.7 0.0206
1 -1  25.7 0.03610 0.03613 0.05864   2280      38878.8 0.0209
1 -1  25.7 0.03630 0.03633 0.06334   2236      35302.6 0.0211
1 -1  25.7 0.03650 0.03652 0.06715   2288      34075.2 0.0209
1 -1  25.7 0.03670 0.03672 0.07015   2318      33042.6 0.0208
1 -1  25.7 0.03690 0.03691 0.07284   2244      30807.3 0.0211
1 -1  25.7 0.03710 0.03711 0.07853   2252      28676.3 0.0211
1 -1  25.7 0.03730 0.03730 0.08357   2264      27090.4 0.0210
1 -1  25.7 0.03750 0.03750 0.08988   2314      25744.8 0.0208
1 -1  25.7 0.03770 0.03770 0.09421   2224      23607.6 0.0212
1 -1  25.7 0.03790 0.03789 0.09835   2310      23488.1 0.0208
1 -1  25.7 0.03810 0.03809 0.10991   2366      21526.8 0.0206
1 -1  25.7 0.03830 0.03828 0.10991   2254      20507.8 0.0211
1 -1  25.7 0.03850 0.03848 0.11832   2276      19235.5 0.0210
1 -1  25.7 0.03870 0.03867 0.12677   2370      18695.8 0.0205
1 -1  25.7 0.03890 0.03887 0.13175   2238      16987.1 0.0211
1 -1  25.7 0.03910 0.03906 0.14215   2302      16193.8 0.0208
1 -1  25.7 0.03930 0.03926 0.14913   2288      15342.0 0.0209
1 -1  25.7 0.03950 0.03945 0.16071   2312      14386.6 0.0208
1 -1  25.7 0.03970 0.03975 0.17470   2250      12879.2 0.0211
1 -1  25.7 0.03990 0.03994 0.17470   2224      12730.4 0.0212
1  0  25.7 0.00010 0.00010 1.21000    184        152.1 0.0737
1  0  25.7 0.00030 0.00029 1.21000     28         23.1 0.1890
1  0  25.7 0.00050 0.00049 1.21000     18         14.9 0.2357
1  0  25.7 0.00070 0.00068 1.21000     24         19.8 0.2041
1  0  25.7 0.00090 0.00088 1.21000     26         21.5 0.1961
1  0  25.7 0.00110 0.00107 1.21000     28         23.1 0.1890
1  0  25.7 0.00130 0.00127 1.21000     32         26.4 0.1768
1  0  25.7 0.00150 0.00146 1.21000     34         28.1 0.1715
1  0  25.7 0.00170 0.00166 1.21000     34         28.1 0.1715
1  0  25.7 0.00190 0.00186 1.21000     38         31.4 0.1622
1  0  25.7 0.00210 0.00215 1.21000     30         24.8 0.1826
1  0  25.7 0.00230 0.00234 1.21000     36         29.8 0.1667
1  0  25.7 0.00250 0.00254 1.21000     34         28.1 0.1715
1  0  25.7 0.00270 0.00273 1.21000     36         29.8 0.1667
1  0  25.7 0.00290 0.00293 1.21000     46         38.0 0.1474
1  0  25.7 0.00310 0.00313 1.21000     52         43.0 0.1387
1  0  25.7 0.00330 0.00332 1.21000     32         26.4 0.1768
1  0  25.7 0.00350 0.00352 1.21000     52         43.0 0.1387
1  0  25.7 0.00370 0.00371 1.21000     56         46.3 0.1336
1  0  25.7 0.00390 0.00391 1.21000     46         38.0 0.1474
1  0  25.7 0.00410 0.00410 1.21000     56         46.3 0.1336
1  0  25.7 0.00430 0.00430 1.21000     56         46.3 0.1336
1  0  25.7 0.00450 0.00449 1.21000     54         44.6 0.1361
1  0  25.7 0.00470 0.00469 1.21000     76         62.8 0.1147
1  0  25.7 0.00490 0.00488 1.21000     62         51.2 0.1270
1  0  25.7 0.00510 0.00508 1.21000     62         51.2 0.1270
1  0  25.7 0.00530 0.00527 1.21000     96         79.3 0.1021
1  0  25.7 0.00550 0.00547 1.21000     86         71.1 0.1078
1  0  25.7 0.00570 0.00566 1.21000     78         64.5 0.1132
1  0  25.7 0.00590 0.00586 1.21000    104         86.0 0.0981
1  0  25.7 0.00610 0.00605 1.21000    188        155.4 0.0729
1  0  25.7 0.00630 0.00635 1.21000    438        362.0 0.0478
1  0  25.7 0.00650 0.00654 1.21000   1042        861.2 0.0310
1  0  25.7 0.00670 0.00674 1.21000   2466       2038.0 0.0201
1  0  25.7 0.00690 0.00693 1.21000   5870       4851.2 0.0131
1  0  25.7 0.00710 0.00713 1.21000  13750      11363.6 0.0085
1  0  25.7 0.00730 0.00732 1.21000  31426      25971.9 0.0056
1  0  25.7 0.00750 0.00752 1.21000  68812      56869.4 0.0038
1  0  25.7 0.00770 0.00771 0.48469  71770     148074.5 0.0037
1  0  25.7 0.00790 0.00791 0.26625  75242     282597.6 0.0036
1  0  25.7 0.00810 0.00811 0.12659  71996     568755.8 0.0037
1  0  25.7 0.00830 0.00830 0.07285  71732     984668.3 0.0037
1  0  25.7 0.00850 0.00850 0.04654  72316    1553772.5 0.0037
1  0  25.7 0.00870 0.00869 0.03301  72580    2198903.7 0.0037
1  0  25.7 0.00890 0.00889 0.02567  72342    2818030.4 0.0037
1  0  25.7 0.00910 0.00908 0.02135  71884    3366683.2 0.0037
1  0  25.7 0.00930 0.00928 0.01920  72126    3756824.4 0.0037
1  0  25.7 0.00950 0.00947 0.01920  77716    4047990.5 0.0036
1  0  25.7 0.00970 0.00967 0.01702  72014    4231951.0 0.0037
1  0  25.7 0.00990 0.00986 0.01702  74130    4356299.2 0.0037
1  0  25.7 0.01010 0.01006 0.01702  75616    4443625.0 0.0036
1  0  25.7 0.01030 0.01025 0.01702  76552    4498629.6 0.0036
1  0  25.7 0.01050 0.01055 0.01702  77426    4549990.8 0.0036
1  0  25.7 0.01070 0.01074 0.01702  77766    4569971.2 0.0036
1  0  25.7 0.01090 0.01094 0.01702  77972    4582076.9 0.0036
1  0  25.7 0.01110 0.01113 0.01702  78078    4588306.1 0.0036
1  0  25.7 0.01130 0.01133 0.01702  78066    4587600.9 0.0036
1  0  25.7 0.01150 0.01152 0.01702  77934    4579843.8 0.0036
1  0  25.7 0.01170 0.01172 0.01702  77672    4564447.2 0.0036
1  0  25.7 0.01190 0.01191 0.01702  77274    4541058.5 0.0036
1  0  25.7 0.01210 0.01211 0.01702  76674    4505799.1 0.0036
1  0  25.7 0.01230 0.01230 0.01702  75764    4452322.3 0.0036
1  0  25.7 0.01250 0.01250 0.01702  74476    4376632.1 0.0037
1  0  25.7 0.01270 0.01270 0.01702  72534    4262509.2 0.0037
1  0  25.7 0.01290 0.01289 0.01702  69490    4083626.5 0.0038
1  0  25.7 0.01310 0.01309 0.01702  65098    3825527.7 0.0039
1  0  25.7 0.01330 0.01328 0.01702  58998    3467057.1 0.0041
1  0  25.7 0.01350 0.01348 0.01702  51624    3033719.0 0.0044
1  0  25.7 0.01370 0.01367 0.01702  43058    2530332.3 0.0048
1  0  25.7 0.01390 0.01387 0.01702  34650    2036230.5 0.0054
1  0  25.7 0.01410 0.01406 0.01702  27766    1631687.6 0.0060
1  0  25.7 0.01430 0.01426 0.01702  23336    1371355.7 0.0065
1  0  25.7 0.01450 0.01445 0.01702  20936    1230318.1 0.0069
1  0  25.7 0.01470 0.01475 0.01702  18804    1105029.7 0.0073
1  0  25.7 0.01490 0.01494 0.01702  18298    1075294.2 0.0074
1  0  25.7 0.01510 0.01514 0.01702  18354    1078585.1 0.0074
1  0  25.7 0.01530 0.01533 0.01702  18062    1061425.5 0.0074
1  0  25.7 0.01550 0.01553 0.01702  18046    1060485.3 0.0074
1  0  25.7 0.01570 0.01572 0.01702  17974    1056254.2 0.0075
1  0  25.7 0.01590 0.01592 0.01702  17932    1053786.0 0.0075
1  0  25.7 0.01610 0.01611 0.01702  18092    1063188.5 0.0074
1  0  25.7 0.01630 0.01631 0.01702  17874    1050377.6 0.0075
1  0  25.7 0.01650 0.01650 0.01702  17912    1052610.7 0.0075
1  0  25.7 0.01670 0.01670 0.01702  17866    1049907.5 0.0075
1  0  25.7 0.01690 0.01689 0.01702  17942    1054373.7 0.0075
1  0  25.7 0.01710 0.01709 0.01702  17782    1044971.2 0.0075
1  0  25.7 0.01730 0.01729 0.01702  17856    1049319.8 0.0075
1  0  25.7 0.01750 0.01748 0.01702  18042    1060250.2 0.0074
1  0  25.7 0.01770 0.01768 0.01702  18150    1066596.9 0.0074
1  0  25.7 0.01790 0.01787 0.01702  17618    1035333.6 0.0075
1  0  25.7 0.01810 0.01807 0.01702  17814    1046851.7 0.0075
1  0  25.7 0.01830 0.01826 0.01702  17446    1025225.9 0.0076
1  0  25.7 0.01850 0.01846 0.01702  17152    1007948.8 0.0076
1  0  25.7 0.01870 0.01865 0.01702  16554     972806.9 0.0078
1  0  25.7 0.01890 0.01895 0.01702  15596     916509.4 0.0080
1  0  25.7 0.01910 0.01914 0.01702  14216     835412.8 0.0084
1  0  25.7 0.01930 0.01934 0.01702  12954     761250.5 0.0088
1  0  25.7 0.01950 0.01953 0.01702  11490     675217.6 0.0093
1  0  25.7 0.01970 0.01973 0.01702   9920     582955.5 0.0100
1  0  25.7 0.01990 0.01992 0.01702   8434     495629.7 0.0109
1  0  25.7 0.02010 0.02012 0.01702   7096     417001.2 0.0119
1  0  25.7 0.02030 0.02031 0.01702   5702     335081.9 0.0132
1  0  25.7 0.02050 0.02051 0.01702   4734     278196.7 0.0145
1  0  25.7 0.02070 0.02070 0.01702   3878     227893.3 0.0161
1  0  25.7 0.02090 0.02090 0.01702   3446     202506.5 0.0170
1  0  25.7 0.02110 0.02109 0.01702   2864     168304.9 0.0187
1  0  25.7 0.02130 0.02129 0.01702   2588     152085.6 0.0197
1  0  25.7 0.02150 0.02148 0.01702   2350     138099.3 0.0206
1  0  25.8 0.02170 0.02168 0.01702   2254     132457.8 0.0211
1  0  25.8 0.02190 0.02188 0.01823   2274     124732.3 0.0210
1  0  25.8 0.02210 0.02207 0.01916   2292     119609.0 0.0209
1  0  25.8 0.02230 0.02227 0.02048   2442     119247.4 0.0202
1  0  25.8 0.02250 0.02246 0.02048   2342     114364.2 0.0207
1  0  25.8 0.02270 0.02266 0.02048   2318     113192.2 0.0208
1  0  25.8 0.02290 0.02285 0.02048   2254     110067.0 0.0211
1  0  25.8 0.02310 0.02314 0.02138   2232     104414.5 0.0212
1  0  25.8 0.02330 0.02334 0.02138   2274     106379.3 0.0210
1  0  25.8 0.02350 0.02354 0.02141   2258     105440.7 0.0210
1  0  25.8 0.02370 0.02373 0.02294   2296     100075.9 0.0209
1  0  25.8 0.02390 0.02393 0.02294   2298     100163.1 0.0209
1  0  25.8 0.02410 0.02412 0.02313   2224      96152.3 0.0212
1  0  25.8 0.02430 0.02432 0.02417   2262      93570.1 0.0210
1  0  25.8 0.02450 0.02451 0.02491   2254      90490.2 0.0211
1  0  25.8 0.02470 0.02471 0.02502   2270      90722.4 0.0210
1  0  25.8 0.02490 0.02490 0.02618   2284      87256.0 0.0209
1  0  25.8 0.02510 0.02510 0.02625   2248      85648.8 0.0211
1  0  25.8 0.02530 0.02529 0.02788   2310      82861.8 0.0208
1  0  25.8 0.02550 0.02549 0.02942   2352      79941.3 0.0206
1  0  25.8 0.02570 0.02568 0.03128   2324      74297.2 0.0207
1  0  25.8 0.02590 0.02588 0.03128   2280      72890.5 0.0209
1  0  25.8 0.02610 0.02607 0.03326   2252      67718.7 0.0211
1  0  25.8 0.02630 0.02627 0.03453   2250      65161.7 0.0211
1  0  25.8 0.02650 0.02646 0.03743   2240      59850.5 0.0211
1  0  25.8 0.02670 0.02666 0.04057   2252      55514.6 0.0211
1  0  25.8 0.02690 0.02686 0.04511   2230      49430.5 0.0212
1  0  25.8 0.02710 0.02715 0.05378   2336      43438.5 0.0207
1  0  25.8 0.02730 0.02734 0.06053   2232      36872.2 0.0212
1  0  25.8 0.02750 0.02754 0.07067   2390      33820.6 0.0205
1  0  25.8 0.02770 0.02773 0.07930   2290      28878.0 0.0209
1  0  25.8 0.02790 0.02793 0.09104   2232      24517.3 0.0212
1  0  25.8 0.02810 0.02813 0.11042   2278      20630.7 0.0210
1  0  25.8 0.02830 0.02832 0.12484   2284      18295.0 0.0209
1  0  25.8 0.02850 0.02852 0.14554   2326      15981.8 0.0207
1  0  25.8 0.02870 0.02871 0.16528   2276      13770.6 0.0210
1  0  25.8 0.02890 0.02891 0.18226   2326      12762.0 0.0207
1  0  25.8 0.02910 0.02910 0.19583   2238      11428.2 0.0211
1  0  25.8 0.02930 0.02930 0.21252   2250      10587.3 0.0211
1  0  25.8 0.02950 0.02949 0.23493   2286       9730.4 0.0209
1  0  25.8 0.02970 0.02969 0.23493   2370      10087.9 0.0205
1  0  25.8 0.02990 0.02988 0.24787   2268       9149.8 0.0210
1  0  25.8 0.03010 0.03008 0.25774   2324       9016.8 0.0207
1  0  25.8 0.03030 0.03027 0.27014   2300       8514.0 0.0209
1  0  25.8 0.03050 0.03047 0.27738   2324       8378.3 0.0207
1  0  25.8 0.03070 0.03066 0.27738   2250       8111.5 0.0211
1  0  25.8 0.03090 0.03086 0.28614   2304       8052.0 0.0208
1  0  25.8 0.03110 0.03105 0.30421   2280       7494.8 0.0209
1  0  25.8 0.03130 0.03135 0.30866   2238       7250.8 0.0211
1  0  25.8 0.03150 0.03154 0.32161   2288       7114.1 0.0209
1  0  25.8 0.03170 0.03174 0.33965   2280       6712.8 0.0209
1  0  25.8 0.03190 0.03193 0.33965   2222       6542.0 0.0212
1  0  25.8 0.03210 0.03213 0.35783   2274       6355.0 0.0210
1  0  25.8 0.03230 0.03232 0.37449   2234       5965.4 0.0212
1  0  25.8 0.03250 0.03252 0.38884   2290       5889.3 0.0209
1  0  25.8 0.03270 0.03271 0.40697   2232       5484.4 0.0212
1  0  25.8 0.03290 0.03291 0.41705   2246       5385.5 0.0211
1  0  25.8 0.03310 0.03311 0.43343   2248       5186.5 0.0211
1  0  25.8 0.03330 0.03330 0.46616   2364       5071.2 0.0206
1  0  25.8 0.03350 0.03350 0.49513   2238       4520.0 0.0211
1  0  25.8 0.03370 0.03369 0.49513   2250       4544.3 0.0211
1  0  25.8 0.03390 0.03389 0.54490   2272       4169.6 0.0210
1  0  25.8 0.03410 0.03408 0.59346   2336       3936.2 0.0207
1  0  25.8 0.03430 0.03428 0.59346   2256       3801.4 0.0211
1  0  25.8 0.03450 0.03447 0.66480   2344       3525.9 0.0207
1  0  25.8 0.03470 0.03467 0.70208   2276       3241.8 0.0210
1  0  25.8 0.03490 0.03486 0.74929   2236       2984.1 0.0211
1  0  25.8 0.03510 0.03506 0.86222   2352       2727.9 0.0206
1  0  25.8 0.03530 0.03525 0.91931   2268       2467.1 0.0210
1  0  25.8 0.03550 0.03555 1.15538   2296       1987.2 0.0209
1  0  25.8 0.03570 0.03574 1.21000   2114       1747.1 0.0217
1  0  25.8 0.03590 0.03594 1.21000   1850       1528.9 0.0232
1  0  25.8 0.03610 0.03613 1.21000   1636       1352.1 0.0247
1  0  25.8 0.03630 0.03633 1.21000   1518       1254.5 0.0257
1  0  25.8 0.03650 0.03652 1.21000   1340       1107.4 0.0273
1  0  25.8 0.03670 0.03672 1.21000   1316       1087.6 0.0276
1  0  25.8 0.03690 0.03691 1.21000   1178        973.6 0.0291
1  0  25.8 0.03710 0.03711 1.21000   1168        965.3 0.0293
1  0  25.8 0.03730 0.03730 1.21000   1062        877.7 0.0307
1  0  25.8 0.03750 0.03750 1.21000   1026        847.9 0.0312
1  0  25.8 0.03770 0.03770 1.21000    958        791.7 0.0323
1  0  25.8 0.03790 0.03789 1.21000    958        791.7 0.0323
1  0  25.8 0.03810 0.03809 1.21000    870        719.0 0.0339
1  0  25.8 0.03830 0.03828 1.21000    882        728.9 0.0337
1  0  25.8 0.03850 0.03848 1.21000    878        725.6 0.0337
1  0  25.8 0.03870 0.03867 1.21000    826        682.6 0.0348
1  0  25.8 0.03890 0.03887 1.21000    826        682.6 0.0348
1  0  25.8 0.03910 0.03906 1.21000    838        692.6 0.0345
1  0  25.8 0.03930 0.03926 1.21000    744        614.9 0.0367
1  0  25.8 0.03950 0.03945 1.21000    728        601.7 0.0371
1  0  25.8 0.03970 0.03975 1.21000    762        629.8 0.0362
1  0  25.8 0.03990 0.03994 1.21000    732        605.0 0.0370
1  1  25.8 0.00010 0.00010 1.21000     14         11.6 0.2673
1  1  25.8 0.00030 0.00029 1.21000     22         18.2 0.2132
1  1  25.8 0.00050 0.00049 1.21000     24         19.8 0.2041
1  1  25.8 0.00070 0.00068 1.21000     28         23.1 0.1890
1  1  25.8 0.00090 0.00088 1.21000     28         23.1 0.1890
1  1  25.8 0.00110 0.00107 1.21000     24         19.8 0.2041
1  1  25.8 0.00130 0.00127 1.21000     22         18.2 0.2132
1  1  25.8 0.00150 0.00146 1.21000     26         21.5 0.1961
1  1  25.8 0.00170 0.00166 1.21000     36         29.8 0.1667
1  1  25.8 0.00190 0.00186 1.21000     26         21.5 0.1961
1  1  25.8 0.00210 0.00215 1.21000     18         14.9 0.2357
1  1  25.8 0.00230 0.00234 1.21000     38         31.4 0.1622
1  1  25.8 0.00250 0.00254 1.21000     36         29.8 0.1667
1  1  25.8 0.00270 0.00273 1.21000     32         26.4 0.1768
1  1  25.8 0.00290 0.00293 1.21000     32         26.4 0.1768
1  1  25.8 0.00310 0.00313 1.21000     44         36.4 0.1508
1  1  25.8 0.00330 0.00332 1.21000     36         29.8 0.1667
1  1  25.9 0.00350 0.00352 1.21000     44         36.4 0.1508
1  1  25.9 0.00370 0.00371 1.21000     52         43.0 0.1387
1  1  25.9 0.00390 0.00391 1.21000     56         46.3 0.1336
1  1  25.9 0.00410 0.00410 1.21000     54         44.6 0.1361
1  1  25.9 0.00430 0.00430 1.21000     54         44.6 0.1361
1  1  25.9 0.00450 0.00449 1.21000     56         46.3 0.1336
1  1  25.9 0.00470 0.00469 1.21000     56         46.3 0.1336
1  1  25.9 0.00490 0.00488 1.21000     80         66.1 0.1118
1  1  25.9 0.00510 0.00508 1.21000     74         61.2 0.1162
1  1  25.9 0.00530 0.00527 1.21000     60         49.6 0.1291
1  1  25.9 0.00550 0.00547 1.21000     86         71.1 0.1078
1  1  25.9 0.00570 0.00566 1.21000     96         79.3 0.1021
1  1  25.9 0.00590 0.00586 1.21000    138        114.0 0.0851
1  1  25.9 0.00610 0.00605 1.21000    156        128.9 0.0801
1  1  25.9 0.00630 0.00635 1.21000    394        325.6 0.0504
1  1  25.9 0.00650 0.00654 1.21000    978        808.3 0.0320
1  1  25.9 0.00670 0.00674 1.21000   2296       1897.5 0.0209
1  1  25.9 0.00690 0.00693 1.21000   5688       4700.8 0.0133
1  1  25.9 0.00710 0.00713 1.21000  13154      10871.1 0.0087
1  1  25.9 0.00730 0.00732 1.21000  30212      24968.6 0.0058
1  1  25.9 0.00750 0.00752 1.21000  67234      55565.3 0.0039
1  1  25.9 0.00770 0.00771 0.50538  71862     142194.9 0.0037
1  1  25.9 0.00790 0.00791 0.24518  72400     295288.8 0.0037
1  1  25.9 0.00810 0.00811 0.13469  73912     548774.7 0.0037
1  1  25.9 0.00830 0.00830 0.07518  72084     958785.3 0.0037
1  1  25.9 0.00850 0.00850 0.04762  72680    1526278.2 0.0037
1  1  25.9 0.00870 0.00869 0.03348  72608    2168895.3 0.0037
1  1  25.9 0.00890 0.00889 0.02582  72356    2802813.6 0.0037
1  1  25.9 0.00910 0.00908 0.02209  74182    3358616.9 0.0037
1  1  25.9 0.00930 0.00928 0.01921  71762    3735144.6 0.0037
1  1  25.9 0.00950 0.00947 0.01921  77498    4033698.0 0.0036
1  1  25.9 0.00970 0.00967 0.01706  72110    4226063.9 0.0037
1  1  25.9 0.00990 0.00986 0.01706  74158    4346088.5 0.0037
1  1  25.9 0.01010 0.01006 0.01706  75620    4431770.2 0.0036
1  1  25.9 0.01030 0.01025 0.01706  76564    4487094.1 0.0036
1  1  25.9 0.01050 0.01055 0.01706  77434    4538081.1 0.0036
1  1  25.9 0.01070 0.01074 0.01706  77774    4558007.1 0.0036
1  1  25.9 0.01090 0.01094 0.01706  77996    4571017.6 0.0036
1  1  25.9 0.01110 0.01113 0.01706  78076    4575706.1 0.0036
1  1  25.9 0.01130 0.01133 0.01706  78068    4575237.2 0.0036
1  1  25.9 0.01150 0.01152 0.01706  77968    4569376.6 0.0036
1  1  25.9 0.01170 0.01172 0.01706  77726    4555194.0 0.0036
1  1  25.9 0.01190 0.01191 0.01706  77336    4532337.8 0.0036
1  1  25.9 0.01210 0.01211 0.01706  76734    4497057.1 0.0036
1  1  25.9 0.01230 0.01230 0.01706  75890    4447593.8 0.0036
1  1  25.9 0.01250 0.01250 0.01706  74582    4370937.4 0.0037
1  1  25.9 0.01270 0.01270 0.01706  72766    4264509.3 0.0037
1  1  25.9 0.01290 0.01289 0.01706  69748    4087637.0 0.0038
1  1  25.9 0.01310 0.01309 0.01706  65618    3845595.1 0.0039
1  1  25.9 0.01330 0.01328 0.01706  59422    3482473.6 0.0041
1  1  25.9 0.01350 0.01348 0.01706  52132    3055237.3 0.0044
1  1  25.9 0.01370 0.01367 0.01706  43228    2533411.3 0.0048
1  1  25.9 0.01390 0.01387 0.01706  34624    2029167.0 0.0054
1  1  25.9 0.01410 0.01406 0.01706  27444    1608377.4 0.0060
1  1  25.9 0.01430 0.01426 0.01706  22912    1342776.0 0.0066
1  1  25.9 0.01450 0.01445 0.01706  20268    1187822.3 0.0070
1  1  25.9 0.01470 0.01475 0.01706  18336    1074595.9 0.0074
1  1  25.9 0.01490 0.01494 0.01706  17648    1034275.1 0.0075
1  1  25.9 0.01510 0.01514 0.01706  17580    1030289.9 0.0075
1  1  25.9 0.01530 0.01533 0.01706  17446    1022436.7 0.0076
1  1  25.9 0.01550 0.01553 0.01706  17214    1008840.2 0.0076
1  1  25.9 0.01570 0.01572 0.01706  16990     995712.5 0.0077
1  1  25.9 0.01590 0.01592 0.01706  17022     997587.8 0.0077
1  1  25.9 0.01610 0.01611 0.01706  17118    1003214.0 0.0076
1  1  25.9 0.01630 0.01631 0.01706  17192    1007550.8 0.0076
1  1  25.9 0.01650 0.01650 0.01706  17122    1003448.4 0.0076
1  1  25.9 0.01670 0.01670 0.01706  17068    1000283.7 0.0077
1  1  25.9 0.01690 0.01689 0.01706  17184    1007082.0 0.0076
1  1  25.9 0.01710 0.01709 0.01706  17166    1006027.1 0.0076
1  1  25.9 0.01730 0.01729 0.01706  17042     998760.0 0.0077
1  1  25.9 0.01750 0.01748 0.01706  17156    1005441.0 0.0076
1  1  25.9 0.01770 0.01768 0.01706  17050     999228.8 0.0077
1  1  25.9 0.01790 0.01787 0.01706  17056     999580.4 0.0077
1  1  25.9 0.01810 0.01807 0.01706  16766     982584.8 0.0077
1  1  25.9 0.01830 0.01826 0.01706  16728     980357.7 0.0077
1  1  25.9 0.01850 0.01846 0.01706  16484     966057.9 0.0078
1  1  25.9 0.01870 0.01865 0.01706  15890     931246.1 0.0079
1  1  25.9 0.01890 0.01895 0.01706  14592     855175.8 0.0083
1  1  25.9 0.01910 0.01914 0.01706  13364     783207.8 0.0087
1  1  25.9 0.01930 0.01934 0.01706  12268     718975.9 0.0090
1  1  25.9 0.01950 0.01953 0.01706  10760     630598.4 0.0096
1  1  25.9 0.01970 0.01973 0.01706   9288     544330.6 0.0104
1  1  25.9 0.01990 0.01992 0.01706   7776     455718.7 0.0113
1  1  25.9 0.02010 0.02012 0.01706   6394     374725.5 0.0125
1  1  25.9 0.02030 0.02031 0.01706   5308     311079.6 0.0137
1  1  25.9 0.02050 0.02051 0.01706   4376     256459.0 0.0151
1  1  25.9 0.02070 0.02070 0.01706   3658     214380.0 0.0165
1  1  25.9 0.02090 0.02090 0.01706   3124     183084.5 0.0179
1  1  25.9 0.02110 0.02109 0.01706   2824     165502.8 0.0188
1  1  25.9 0.02130 0.02129 0.01706   2474     144990.7 0.0201
1  1  25.9 0.02150 0.02148 0.01706   2274     133269.6 0.0210
1  1  25.9 0.02170 0.02168 0.01706   2242     131394.2 0.0211
1  1  25.9 0.02190 0.02188 0.01909   2336     122346.7 0.0207
1  1  25.9 0.02210 0.02207 0.01935   2302     118938.2 0.0208
1  1  25.9 0.02230 0.02227 0.01989   2282     114723.8 0.0209
1  1  25.9 0.02250 0.02246 0.02075   2340     112768.9 0.0207
1  1  25.9 0.02270 0.02266 0.02075   2282     109973.8 0.0209
1  1  25.9 0.02290 0.02285 0.02154   2310     107250.1 0.0208
1  1  25.9 0.02310 0.02314 0.02154   2294     106507.3 0.0209
1  1  25.9 0.02330 0.02334 0.02246   2356     104908.8 0.0206
1  1  25.9 0.02350 0.02354 0.02295   2302     100290.0 0.0208
1  1  25.9 0.02370 0.02373 0.02295   2250      98024.5 0.0211
1  1  25.9 0.02390 0.02393 0.02306   2222      96369.0 0.0212
1  1  25.9 0.02410 0.02412 0.02410   2290      95027.2 0.0209
1  1  25.9 0.02430 0.02432 0.02410   2222      92205.4 0.0212
1  1  25.9 0.02450 0.02451 0.02465   2296      93132.2 0.0209
1  1  25.9 0.02470 0.02471 0.02626   2282      86898.9 0.0209
1  1  25.9 0.02490 0.02490 0.02626   2252      85756.4 0.0211
1  1  25.9 0.02510 0.02510 0.02759   2292      83083.3 0.0209
1  1  25.9 0.02530 0.02529 0.02906   2286      78677.0 0.0209
1  1  25.9 0.02550 0.02549 0.02906   2240      77093.8 0.0211
1  1  25.9 0.02570 0.02568 0.03107   2346      75509.4 0.0206
1  1  25.9 0.02590 0.02588 0.03107   2252      72483.8 0.0211
1  1  25.9 0.02610 0.02607 0.03413   2230      65339.3 0.0212
1  1  25.9 0.02630 0.02627 0.03550   2270      63937.0 0.0210
1  1  25.9 0.02650 0.02646 0.03981   2272      57076.0 0.0210
1  1  25.9 0.02670 0.02666 0.04301   2288      53197.6 0.0209
1  1  25.9 0.02690 0.02686 0.04622   2246      48598.6 0.0211
1  1  25.9 0.02710 0.02715 0.05553   2244      40408.2 0.0211
1  1  25.9 0.02730 0.02734 0.06320   2268      35886.5 0.0210
1  1  25.9 0.02750 0.02754 0.07228   2344      32427.9 0.0207
1  1  25.9 0.02770 0.02773 0.08357   2328      27858.3 0.0207
1  1  25.9 0.02790 0.02793 0.09702   2276      23458.4 0.0210
1  1  25.9 0.02810 0.02813 0.11335   2270      20027.1 0.0210
1  1  25.9 0.02830 0.02832 0.12996   2254      17344.2 0.0211
1  1  25.9 0.02850 0.02852 0.14972   2258      15082.0 0.0210
1  1  25.9 0.02870 0.02871 0.16584   2256      13603.8 0.0211
1  1  25.9 0.02890 0.02891 0.18967   2300      12126.0 0.0209
1  1  25.9 0.02910 0.02910 0.20054   2280      11369.5 0.0209
1  1  25.9 0.02930 0.02930 0.21341   2272      10646.4 0.0210
1  1  25.9 0.02950 0.02949 0.22479   2292      10196.0 0.0209
1  1  25.9 0.02970 0.02969 0.23469   2272       9680.8 0.0210
1  1  25.9 0.02990 0.02988 0.25121   2284       9092.0 0.0209
1  1  25.9 0.03010 0.03008 0.25866   2294       8868.8 0.0209
1  1  25.9 0.03030 0.03027 0.25866   2260       8737.3 0.0210
1  1  25.9 0.03050 0.03047 0.26608   2222       8350.7 0.0212
1  1  25.9 0.03070 0.03066 0.27022   2330       8622.6 0.0207
1  1  25.9 0.03090 0.03086 0.29760   2328       7822.6 0.0207
1  1  25.9 0.03110 0.03105 0.29760   2316       7782.3 0.0208
1  1  25.9 0.03130 0.03135 0.29760   2264       7607.6 0.0210
1  1  25.9 0.03150 0.03154 0.32661   2280       6980.9 0.0209
1  1  25.9 0.03170 0.03174 0.34088   2314       6788.4 0.0208
1  1  25.9 0.03190 0.03193 0.34242   2272       6635.2 0.0210
1  1  25.9 0.03210 0.03213 0.34774   2328       6694.7 0.0207
1  1  25.9 0.03230 0.03232 0.36800   2296       6239.2 0.0209
1  1  25.9 0.03250 0.03252 0.37997   2234       5879.4 0.0212
1  1  25.9 0.03270 0.03271 0.38658   2254       5830.6 0.0211
1  1  26.0 0.03290 0.03291 0.42231   2346       5555.2 0.0206
1  1  26.0 0.03310 0.03311 0.43323   2224       5133.5 0.0212
1  1  26.0 0.03330 0.03330 0.45152   2296       5085.1 0.0209
1  1  26.0 0.03350 0.03350 0.48663   2346       4820.9 0.0206
1  1  26.0 0.03370 0.03369 0.50909   2252       4423.6 0.0211
1  1  26.0 0.03390 0.03389 0.53393   2306       4319.0 0.0208
1  1  26.0 0.03410 0.03408 0.56227   2324       4133.3 0.0207
1  1  26.0 0.03430 0.03428 0.60966   2268       3720.1 0.0210
1  1  26.0 0.03450 0.03447 0.66884   2240       3349.1 0.0211
1  1  26.0 0.03470 0.03467 0.70785   2278       3218.2 0.0210
1  1  26.0 0.03490 0.03486 0.75400   2262       3000.0 0.0210
1  1  26.0 0.03510 0.03506 0.88816   2426       2731.5 0.0203
1  1  26.0 0.03530 0.03525 0.94970   2272       2392.3 0.0210
1  1  26.0 0.03550 0.03555 1.13821   2312       2031.3 0.0208
1  1  26.0 0.03570 0.03574 1.21000   2000       1652.9 0.0224
1  1  26.0 0.03590 0.03594 1.21000   1718       1419.8 0.0241
1  1  26.0 0.03610 0.03613 1.21000   1674       1383.5 0.0244
1  1  26.0 0.03630 0.03633 1.21000   1492       1233.1 0.0259
1  1  26.0 0.03650 0.03652 1.21000   1316       1087.6 0.0276
1  1  26.0 0.03670 0.03672 1.21000   1300       1074.4 0.0277
1  1  26.0 0.03690 0.03691 1.21000   1184        978.5 0.0291
1  1  26.0 0.03710 0.03711 1.21000   1116        922.3 0.0299
1  1  26.0 0.03730 0.03730 1.21000   1032        852.9 0.0311
1  1  26.0 0.03750 0.03750 1.21000   1050        867.8 0.0309
1  1  26.0 0.03770 0.03770 1.21000   1010        834.7 0.0315
1  1  26.0 0.03790 0.03789 1.21000    944        780.2 0.0325
1  1  26.0 0.03810 0.03809 1.21000    844        697.5 0.0344
1  1  26.0 0.03830 0.03828 1.21000    872        720.7 0.0339
1  1  26.0 0.03850 0.03848 1.21000    854        705.8 0.0342
1  1  26.0 0.03870 0.03867 1.21000    848        700.8 0.0343
1  1  26.0 0.03890 0.03887 1.21000    846        699.2 0.0344
1  1  26.0 0.03910 0.03906 1.21000    778        643.0 0.0359
1  1  26.0 0.03930 0.03926 1.21000    796        657.9 0.0354
1  1  26.0 0.03950 0.03945 1.21000    754        623.1 0.0364
1  1  26.0 0.03970 0.03975 1.21000    658        543.8 0.0390
1  1  26.0 0.03990 0.03994 1.21000    736        608.3 0.0369
1  2  26.0 0.00010 0.00010 1.21000      6          5.0 0.4082
1  2  26.0 0.00030 0.00029 1.21000      4          3.3 0.5000
1  2  26.0 0.00050 0.00049 1.21000      2          1.7 0.7071
1  2  26.0 0.00070 0.00068 1.21000      2          1.7 0.7071
1  2  26.0 0.00090 0.00088 1.21000      2          1.7 0.7071
1  2  26.0 0.00110 0.00107 1.21000      0          0.0 999.9990
1  2  26.0 0.00130 0.00127 1.21000      4          3.3 0.5000
1  2  26.0 0.00150 0.00146 1.21000      2          1.7 0.7071
1  2  26.0 0.00170 0.00166 1.21000      2          1.7 0.7071
1  2  26.0 0.00190 0.00186 1.21000      4          3.3 0.5000
1  2  26.0 0.00210 0.00215 1.21000      2          1.7 0.7071
1  2  26.0 0.00230 0.00234 1.21000      6          5.0 0.4082
1  2  26.0 0.00250 0.00254 1.21000      6          5.0 0.4082
1  2  26.0 0.00270 0.00273 1.21000      6          5.0 0.4082
1  2  26.0 0.00290 0.00293 1.21000      6          5.0 0.4082
1  2  26.0 0.00310 0.00313 1.21000     10          8.3 0.3162
1  2  26.0 0.00330 0.00332 1.21000      8          6.6 0.3536
1  2  26.0 0.00350 0.00352 1.21000     10          8.3 0.3162
1  2  26.0 0.00370 0.00371 1.21000      8          6.6 0.3536
1  2  26.0 0.00390 0.00391 1.21000     14         11.6 0.2673
1  2  26.0 0.00410 0.00410 1.21000     14         11.6 0.2673
1  2  26.0 0.00430 0.00430 1.21000     14         11.6 0.2673
1  2  26.0 0.00450 0.00449 1.21000     22         18.2 0.2132
1  2  26.0 0.00470 0.00469 1.21000     10          8.3 0.3162
1  2  26.0 0.00490 0.00488 1.21000     26         21.5 0.1961
1  2  26.0 0.00510 0.00508 1.21000     18         14.9 0.2357
1  2  26.0 0.00530 0.00527 1.21000     24         19.8 0.2041
1  2  26.0 0.00550 0.00547 1.21000     22         18.2 0.2132
1  2  26.0 0.00570 0.00566 1.21000     38         31.4 0.1622
1  2  26.0 0.00590 0.00586 1.21000     52         43.0 0.1387
1  2  26.0 0.00610 0.00605 1.21000     82         67.8 0.1104
1  2  26.0 0.00630 0.00635 1.21000    260        214.9 0.0620
1  2  26.0 0.00650 0.00654 1.21000    672        555.4 0.0386
1  2  26.0 0.00670 0.00674 1.21000   1742       1439.7 0.0240
1  2  26.1 0.00690 0.00693 1.21000   4178       3452.9 0.0155
1  2  26.1 0.00710 0.00713 1.21000  10160       8396.7 0.0099
1  2  26.1 0.00730 0.00732 1.21000  22874      18904.1 0.0066
1  2  26.1 0.00750 0.00752 1.21000  51930      42917.4 0.0044
1  2  26.1 0.00770 0.00771 0.65111  71404     109665.0 0.0037
1  2  26.1 0.00790 0.00791 0.30916  72178     233465.7 0.0037
1  2  26.1 0.00810 0.00811 0.16983  75144     442469.5 0.0036
1  2  26.1 0.00830 0.00830 0.09329  73604     788971.4 0.0037
1  2  26.1 0.00850 0.00850 0.05608  71846    1281106.6 0.0037
1  2  26.1 0.00870 0.00869 0.03822  72554    1898119.2 0.0037
1  2  26.1 0.00890 0.00889 0.02827  72060    2549307.9 0.0037
1  2  26.1 0.00910 0.00908 0.02300  71568    3111778.0 0.0037
1  2  26.1 0.00930 0.00928 0.02026  72004    3554167.3 0.0037
1  2  26.1 0.00950 0.00947 0.02026  79222    3910452.8 0.0036
1  2  26.1 0.00970 0.00967 0.01763  72460    4109997.9 0.0037
1  2  26.1 0.00990 0.00986 0.01763  75812    4300126.4 0.0036
1  2  26.1 0.01010 0.01006 0.01763  77396    4389972.3 0.0036
1  2  26.1 0.01030 0.01025 0.01763  78568    4456449.2 0.0036
1  2  26.1 0.01050 0.01055 0.01763  79730    4522358.9 0.0035
1  2  26.1 0.01070 0.01074 0.01584  72004    4546774.6 0.0037
1  2  26.1 0.01090 0.01094 0.01584  72292    4564960.7 0.0037
1  2  26.1 0.01110 0.01113 0.01584  72452    4575064.1 0.0037
1  2  26.1 0.01130 0.01133 0.01584  72526    4579736.9 0.0037
1  2  26.1 0.01150 0.01152 0.01584  72494    4577716.2 0.0037
1  2  26.1 0.01170 0.01172 0.01584  72330    4567360.3 0.0037
1  2  26.1 0.01190 0.01191 0.01584  72078    4551447.4 0.0037
1  2  26.1 0.01210 0.01211 0.01584  71646    4524168.3 0.0037
1  2  26.1 0.01230 0.01230 0.01584  71010    4484007.4 0.0038
1  2  26.1 0.01250 0.01250 0.01584  70078    4425155.2 0.0038
1  2  26.1 0.01270 0.01270 0.01584  68706    4338518.7 0.0038
1  2  26.1 0.01290 0.01289 0.01584  66506    4199597.2 0.0039
1  2  26.1 0.01310 0.01309 0.01584  64572    4077472.5 0.0039
1  2  26.1 0.01330 0.01328 0.01584  59046    3728527.0 0.0041
1  2  26.1 0.01350 0.01348 0.01584  54080    3414943.2 0.0043
1  2  26.1 0.01370 0.01367 0.01584  47842    3021037.6 0.0046
1  2  26.1 0.01390 0.01387 0.01584  41254    2605030.8 0.0049
1  2  26.1 0.01410 0.01406 0.01584  36162    2283490.7 0.0053
1  2  26.1 0.01430 0.01426 0.01584  32594    2058185.3 0.0055
1  2  26.1 0.01450 0.01445 0.01584  30594    1931893.0 0.0057
1  2  26.1 0.01470 0.01475 0.01584  28914    1825807.5 0.0059
1  2  26.1 0.01490 0.01494 0.01584  28416    1794360.7 0.0059
1  2  26.1 0.01510 0.01514 0.01584  28534    1801811.9 0.0059
1  2  26.1 0.01530 0.01533 0.01584  28186    1779837.1 0.0060
1  2  26.1 0.01550 0.01553 0.01584  28154    1777816.4 0.0060
1  2  26.1 0.01570 0.01572 0.01584  28202    1780847.4 0.0060
1  2  26.1 0.01590 0.01592 0.01584  28072    1772638.4 0.0060
1  2  26.1 0.01610 0.01611 0.01584  27958    1765439.8 0.0060
1  2  26.1 0.01630 0.01631 0.01584  28108    1774911.7 0.0060
1  2  26.1 0.01650 0.01650 0.01584  27730    1751042.5 0.0060
1  2  26.1 0.01670 0.01670 0.01584  27730    1751042.5 0.0060
1  2  26.1 0.01690 0.01689 0.01584  27930    1763671.7 0.0060
1  2  26.1 0.01710 0.01709 0.01584  27732    1751168.7 0.0060
1  2  26.1 0.01730 0.01729 0.01584  27698    1749021.8 0.0060
1  2  26.1 0.01750 0.01748 0.01584  27988    1767334.2 0.0060
1  2  26.1 0.01770 0.01768 0.01584  27800    1755462.7 0.0060
1  2  26.1 0.01790 0.01787 0.01584  27732    1751168.7 0.0060
1  2  26.1 0.01810 0.01807 0.01584  27768    1753442.0 0.0060
1  2  26.1 0.01830 0.01826 0.01584  27402    1730330.5 0.0060
1  2  26.1 0.01850 0.01846 0.01584  27660    1746622.2 0.0060
1  2  26.1 0.01870 0.01865 0.01584  27504    1736771.4 0.0060
1  2  26.1 0.01890 0.01895 0.01584  27464    1734245.6 0.0060
1  2  26.1 0.01910 0.01914 0.01584  27204    1717827.6 0.0061
1  2  26.1 0.01930 0.01934 0.01584  27018    1706082.4 0.0061
1  2  26.1 0.01950 0.01953 0.01584  26414    1667942.1 0.0062
1  2  26.1 0.01970 0.01973 0.01584  25814    1630054.4 0.0062
1  2  26.1 0.01990 0.01992 0.01584  24864    1570065.6 0.0063
1  2  26.1 0.02010 0.02012 0.01584  23758    1500226.0 0.0065
1  2  26.1 0.02030 0.02031 0.01584  22318    1409295.5 0.0067
1  2  26.1 0.02050 0.02051 0.01584  20756    1310661.3 0.0069
1  2  26.1 0.02070 0.02070 0.01584  18814    1188031.5 0.0073
1  2  26.1 0.02090 0.02090 0.01584  16802    1060981.4 0.0077
1  2  26.1 0.02110 0.02109 0.01584  14940     943403.3 0.0082
1  2  26.1 0.02130 0.02129 0.01584  13200     833529.0 0.0087
1  2  26.1 0.02150 0.02148 0.01584  11716     739820.2 0.0092
1  2  26.1 0.02170 0.02168 0.01584  10394     656341.0 0.0098
1  2  26.1 0.02190 0.02188 0.01584   9352     590542.7 0.0103
1  2  26.1 0.02210 0.02207 0.01584   8640     545582.6 0.0108
1  2  26.1 0.02230 0.02227 0.01584   7734     488372.2 0.0114
1  2  26.1 0.02250 0.02246 0.01584   7122     449726.8 0.0118
1  2  26.1 0.02270 0.02266 0.01584   6834     431540.7 0.0121
1  2  26.1 0.02290 0.02285 0.01584   6746     425983.9 0.0122
1  2  26.1 0.02310 0.02314 0.01584   6320     399083.6 0.0126
1  2  26.1 0.02330 0.02334 0.01584   6282     396684.0 0.0126
1  2  26.1 0.02350 0.02354 0.01584   5982     377740.2 0.0129
1  2  26.1 0.02370 0.02373 0.01584   6004     379129.4 0.0129
1  2  26.1 0.02390 0.02393 0.01584   5796     365995.0 0.0131
1  2  26.1 0.02410 0.02412 0.01584   5844     369026.0 0.0131
1  2  26.1 0.02430 0.02432 0.01584   5668     357912.3 0.0133
1  2  26.1 0.02450 0.02451 0.01584   5516     348314.1 0.0135
1  2  26.1 0.02470 0.02471 0.01584   5514     348187.8 0.0135
1  2  26.1 0.02490 0.02490 0.01584   5238     330759.5 0.0138
1  2  26.1 0.02510 0.02510 0.01584   5168     326339.2 0.0139
1  2  26.1 0.02530 0.02529 0.01584   4878     308026.9 0.0143
1  2  26.1 0.02550 0.02549 0.01584   4860     306890.2 0.0143
1  2  26.1 0.02570 0.02568 0.01584   4834     305248.4 0.0144
1  2  26.1 0.02590 0.02588 0.01584   4520     285420.6 0.0149
1  2  26.1 0.02610 0.02607 0.01584   4460     281631.8 0.0150
1  2  26.1 0.02630 0.02627 0.01584   4356     275064.6 0.0152
1  2  26.1 0.02650 0.02646 0.01584   4296     271275.8 0.0153
1  2  26.1 0.02670 0.02666 0.01584   3980     251321.6 0.0159
1  2  26.1 0.02690 0.02686 0.01584   3918     247406.6 0.0160
1  2  26.1 0.02710 0.02715 0.01584   3712     234398.5 0.0164
1  2  26.1 0.02730 0.02734 0.01584   3668     231620.0 0.0165
1  2  26.1 0.02750 0.02754 0.01584   3374     213055.1 0.0172
1  2  26.1 0.02770 0.02773 0.01584   3332     210402.9 0.0173
1  2  26.1 0.02790 0.02793 0.01584   3228     203835.7 0.0176
1  2  26.1 0.02810 0.02813 0.01584   3090     195121.6 0.0180
1  2  26.1 0.02830 0.02832 0.01584   2836     179082.5 0.0188
1  2  26.1 0.02850 0.02852 0.01584   2738     172894.1 0.0191
1  2  26.1 0.02870 0.02871 0.01584   2572     162411.9 0.0197
1  2  26.1 0.02890 0.02891 0.01584   2300     145236.1 0.0209
1  2  26.1 0.02910 0.02910 0.01584   2288     144478.4 0.0209
1  2  26.1 0.02930 0.02930 0.01772   2352     132745.3 0.0206
1  2  26.1 0.02950 0.02949 0.01970   2336     118551.3 0.0207
1  2  26.1 0.02970 0.02969 0.02134   2250     105450.6 0.0211
1  2  26.1 0.02990 0.02988 0.02320   2420     104332.3 0.0203
1  2  26.1 0.03010 0.03008 0.02643   2224      84148.1 0.0212
1  2  26.1 0.03030 0.03027 0.02898   2302      79436.6 0.0208
1  2  26.1 0.03050 0.03047 0.03022   2264      74916.4 0.0210
1  2  26.1 0.03070 0.03066 0.03345   2238      66910.5 0.0211
1  2  26.1 0.03090 0.03086 0.03540   2234      63113.0 0.0212
1  2  26.1 0.03110 0.03105 0.03763   2256      59948.3 0.0211
1  2  26.1 0.03130 0.03135 0.04099   2238      54598.9 0.0211
1  2  26.1 0.03150 0.03154 0.04396   2266      51550.1 0.0210
1  2  26.1 0.03170 0.03174 0.04687   2310      49287.3 0.0208
1  2  26.1 0.03190 0.03193 0.04760   2226      46768.3 0.0212
1  2  26.1 0.03210 0.03213 0.04968   2258      45454.1 0.0210
1  2  26.1 0.03230 0.03232 0.05187   2310      44533.7 0.0208
1  2  26.1 0.03250 0.03252 0.05302   2314      43647.1 0.0208
1  2  26.1 0.03270 0.03271 0.05661   2272      40131.8 0.0210
1  2  26.1 0.03290 0.03291 0.05867   2262      38552.6 0.0210
1  2  26.1 0.03310 0.03311 0.05969   2282      38228.4 0.0209
1  2  26.1 0.03330 0.03330 0.05969   2222      37223.2 0.0212
1  2  26.1 0.03350 0.03350 0.06340   2308      36401.9 0.0208
1  2  26.1 0.03370 0.03369 0.06786   2228      32831.2 0.0212
1  2  26.1 0.03390 0.03389 0.06993   2282      32632.5 0.0209
1  2  26.1 0.03410 0.03408 0.07012   2222      31688.7 0.0212
1  2  26.1 0.03430 0.03428 0.07384   2234      30253.9 0.0212
1  2  26.1 0.03450 0.03447 0.07384   2238      30308.1 0.0211
1  2  26.1 0.03470 0.03467 0.07843   2228      28407.4 0.0212
1  2  26.1 0.03490 0.03486 0.08420   2312      27458.7 0.0208
1  2  26.1 0.03510 0.03506 0.08582   2270      26450.3 0.0210
1  2  26.1 0.03530 0.03525 0.09379   2298      24502.0 0.0209
1  2  26.1 0.03550 0.03555 0.09693   2282      23543.0 0.0209
1  2  26.1 0.03570 0.03574 0.09897   2242      22653.9 0.0211
1  2  26.1 0.03590 0.03594 0.10334   2224      21521.4 0.0212
1  2  26.1 0.03610 0.03613 0.11180   2264      20249.7 0.0210
1  2  26.1 0.03630 0.03633 0.11512   2224      19319.0 0.0212
1  2  26.1 0.03650 0.03652 0.12424   2246      18078.3 0.0211
1  2  26.1 0.03670 0.03672 0.13033   2334      17908.9 0.0207
1  2  26.1 0.03690 0.03691 0.13608   2342      17210.0 0.0207
1  2  26.1 0.03710 0.03711 0.14038   2228      15871.3 0.0212
1  2  26.1 0.03730 0.03730 0.14899   2234      14993.9 0.0212
1  2  26.1 0.03750 0.03750 0.15856   2244      14152.7 0.0211
1  2  26.1 0.03770 0.03770 0.17338   2278      13138.6 0.0210
1  2  26.1 0.03790 0.03789 0.17338   2244      12942.5 0.0211
1  2  26.1 0.03810 0.03809 0.19148   2224      11614.9 0.0212
1  2  26.1 0.03830 0.03828 0.20309   2224      10950.9 0.0212
1  2  26.1 0.03850 0.03848 0.22406   2282      10184.6 0.0209
1  2  26.1 0.03870 0.03867 0.24005   2304       9597.9 0.0208
1  2  26.1 0.03890 0.03887 0.26748   2352       8793.1 0.0206
1  2  26.1 0.03910 0.03906 0.27869   2242       8044.9 0.0211
1  2  26.1 0.03930 0.03926 0.31024   2352       7581.2 0.0206
1  2  26.1 0.03950 0.03945 0.32679   2296       7025.8 0.0209
1  2  26.1 0.03970 0.03975 0.36570   2316       6333.0 0.0208
1  2  26.1 0.03990 0.03994 0.38954   2248       5770.9 0.0211
1  3  26.1 0.00010 0.00010 1.21000    194        160.3 0.0718
1  3  26.1 0.00030 0.00029 1.21000     38         31.4 0.1622
1  3  26.1 0.00050 0.00049 1.21000     36         29.8 0.1667
1  3  26.1 0.00070 0.00068 1.21000     22         18.2 0.2132
1  3  26.1 0.00090 0.00088 1.21000     34         28.1 0.1715
1  3  26.1 0.00110 0.00107 1.21000     32         26.4 0.1768
1  3  26.1 0.00130 0.00127 1.21000     32         26.4 0.1768
1  3  26.1 0.00150 0.00146 1.21000     34         28.1 0.1715
1  3  26.1 0.00170 0.00166 1.21000     38         31.4 0.1622
1  3  26.1 0.00190 0.00186 1.21000     46         38.0 0.1474
1  3  26.1 0.00210 0.00215 1.21000     30         24.8 0.1826
1  3  26.1 0.00230 0.00234 1.21000     42         34.7 0.1543
1  3  26.1 0.00250 0.00254 1.21000     42         34.7 0.1543
1  3  26.1 0.00270 0.00273 1.21000     52         43.0 0.1387
1  3  26.1 0.00290 0.00293 1.21000     56         46.3 0.1336
1  3  26.1 0.00310 0.00313 1.21000     50         41.3 0.1414
1  3  26.1 0.00330 0.00332 1.21000     56         46.3 0.1336
1  3  26.1 0.00350 0.00352 1.21000     70         57.9 0.1195
1  3  26.1 0.00370 0.00371 1.21000     52         43.0 0.1387
1  3  26.1 0.00390 0.00391 1.21000     52         43.0 0.1387
1  3  26.1 0.00410 0.00410 1.21000     68         56.2 0.1213
1  3  26.1 0.00430 0.00430 1.21000     72         59.5 0.1179
1  3  26.1 0.00450 0.00449 1.21000     66         54.5 0.1231
1  3  26.1 0.00470 0.00469 1.21000     74         61.2 0.1162
1  3  26.1 0.00490 0.00488 1.21000     76         62.8 0.1147
1  3  26.2 0.00510 0.00508 1.21000     78         64.5 0.1132
1  3  26.2 0.00530 0.00527 1.21000     76         62.8 0.1147
1  3  26.2 0.00550 0.00547 1.21000    106         87.6 0.0971
1  3  26.2 0.00570 0.00566 1.21000    114         94.2 0.0937
1  3  26.2 0.00590 0.00586 1.21000    126        104.1 0.0891
1  3  26.2 0.00610 0.00605 1.21000    202        166.9 0.0704
1  3  26.2 0.00630 0.00635 1.21000    444        366.9 0.0475
1  3  26.2 0.00650 0.00654 1.21000    984        813.2 0.0319
1  3  26.2 0.00670 0.00674 1.21000   2296       1897.5 0.0209
1  3  26.2 0.00690 0.00693 1.21000   5510       4553.7 0.0135
1  3  26.2 0.00710 0.00713 1.21000  12958      10709.1 0.0088
1  3  26.2 0.00730 0.00732 1.21000  29270      24190.1 0.0058
1  3  26.2 0.00750 0.00752 1.21000  65296      53963.6 0.0039
1  3  26.2 0.00770 0.00771 0.52788  72012     136418.6 0.0037
1  3  26.2 0.00790 0.00791 0.25087  70744     281990.7 0.0038
1  3  26.2 0.00810 0.00811 0.13781  72964     529449.5 0.0037
1  3  26.2 0.00830 0.00830 0.07726  71954     931361.7 0.0037
1  3  26.2 0.00850 0.00850 0.04929  72688    1474828.0 0.0037
1  3  26.2 0.00870 0.00869 0.03398  72058    2120737.5 0.0037
1  3  26.2 0.00890 0.00889 0.02622  71982    2745282.8 0.0037
1  3  26.2 0.00910 0.00908 0.02180  71846    3296030.9 0.0037
1  3  26.2 0.00930 0.00928 0.01939  71782    3702810.8 0.0037
1  3  26.2 0.00950 0.00947 0.01939  77822    4014378.8 0.0036
1  3  26.2 0.00970 0.00967 0.01712  71836    4195764.3 0.0037
1  3  26.2 0.00990 0.00986 0.01712  74022    4323443.2 0.0037
1  3  26.2 0.01010 0.01006 0.01712  75466    4407783.7 0.0036
1  3  26.2 0.01030 0.01025 0.01712  76444    4464906.3 0.0036
1  3  26.2 0.01050 0.01055 0.01712  77362    4518524.4 0.0036
1  3  26.2 0.01070 0.01074 0.01712  77712    4538967.1 0.0036
1  3  26.2 0.01090 0.01094 0.01712  77960    4553452.1 0.0036
1  3  26.2 0.01110 0.01113 0.01712  78052    4558825.6 0.0036
1  3  26.2 0.01130 0.01133 0.01712  78060    4559292.9 0.0036
1  3  26.2 0.01150 0.01152 0.01712  77948    4552751.2 0.0036
1  3  26.2 0.01170 0.01172 0.01712  77726    4539784.8 0.0036
1  3  26.2 0.01190 0.01191 0.01712  77376    4519342.1 0.0036
1  3  26.2 0.01210 0.01211 0.01712  76788    4484998.5 0.0036
1  3  26.2 0.01230 0.01230 0.01712  75958    4436520.2 0.0036
1  3  26.2 0.01250 0.01250 0.01712  74742    4365496.7 0.0037
1  3  26.2 0.01270 0.01270 0.01712  72928    4259545.4 0.0037
1  3  26.2 0.01290 0.01289 0.01712  70064    4092266.2 0.0038
1  3  26.2 0.01310 0.01309 0.01712  66008    3855365.2 0.0039
1  3  26.2 0.01330 0.01328 0.01712  60136    3512396.1 0.0041
1  3  26.2 0.01350 0.01348 0.01712  53010    3096183.9 0.0043
1  3  26.2 0.01370 0.01367 0.01712  44436    2595397.6 0.0047
1  3  26.2 0.01390 0.01387 0.01712  36188    2113652.2 0.0053
1  3  26.2 0.01410 0.01406 0.01712  29168    1703631.2 0.0059
1  3  26.2 0.01430 0.01426 0.01712  24410    1425728.2 0.0064
1  3  26.2 0.01450 0.01445 0.01712  21780    1272116.3 0.0068
1  3  26.2 0.01470 0.01475 0.01712  19542    1141400.2 0.0072
1  3  26.2 0.01490 0.01494 0.01712  18908    1104369.8 0.0073
1  3  26.2 0.01510 0.01514 0.01712  18576    1084978.5 0.0073
1  3  26.2 0.01530 0.01533 0.01712  18586    1085562.6 0.0073
1  3  26.2 0.01550 0.01553 0.01712  18518    1081590.9 0.0073
1  3  26.2 0.01570 0.01572 0.01712  18554    1083693.6 0.0073
1  3  26.2 0.01590 0.01592 0.01712  18600    1086380.3 0.0073
1  3  26.2 0.01610 0.01611 0.01712  18612    1087081.2 0.0073
1  3  26.2 0.01630 0.01631 0.01712  18316    1069792.6 0.0074
1  3  26.2 0.01650 0.01650 0.01712  18504    1080773.2 0.0074
1  3  26.2 0.01670 0.01670 0.01712  18644    1088950.3 0.0073
1  3  26.2 0.01690 0.01689 0.01712  18634    1088366.2 0.0073
1  3  26.2 0.01710 0.01709 0.01712  18372    1073063.4 0.0074
1  3  26.2 0.01730 0.01729 0.01712  18522    1081824.5 0.0073
1  3  26.2 0.01750 0.01748 0.01712  18498    1080422.8 0.0074
1  3  26.2 0.01770 0.01768 0.01712  18402    1074815.6 0.0074
1  3  26.2 0.01790 0.01787 0.01712  18304    1069091.7 0.0074
1  3  26.2 0.01810 0.01807 0.01712  18392    1074231.6 0.0074
1  3  26.2 0.01830 0.01826 0.01712  18074    1055658.0 0.0074
1  3  26.2 0.01850 0.01846 0.01712  17774    1038135.7 0.0075
1  3  26.2 0.01870 0.01865 0.01712  17340    1012786.8 0.0076
1  3  26.2 0.01890 0.01895 0.01712  16324     953444.7 0.0078
1  3  26.2 0.01910 0.01914 0.01712  15182     886743.3 0.0081
1  3  26.2 0.01930 0.01934 0.01712  13904     812098.5 0.0085
1  3  26.2 0.01950 0.01953 0.01712  12534     732080.2 0.0089
1  3  26.2 0.01970 0.01973 0.01712  10876     635240.4 0.0096
1  3  26.2 0.01990 0.01992 0.01712   9414     549848.6 0.0103
1  3  26.2 0.02010 0.02012 0.01712   7848     458382.4 0.0113
1  3  26.2 0.02030 0.02031 0.01712   6378     372523.3 0.0125
1  3  26.2 0.02050 0.02051 0.01712   5224     305121.0 0.0138
1  3  26.2 0.02070 0.02070 0.01712   4324     252554.2 0.0152
1  3  26.2 0.02090 0.02090 0.01712   3624     211668.9 0.0166
1  3  26.2 0.02110 0.02109 0.01712   3074     179544.8 0.0180
1  3  26.2 0.02130 0.02129 0.01712   2770     161788.9 0.0190
1  3  26.2 0.02150 0.02148 0.01712   2560     149523.3 0.0198
1  3  26.2 0.02170 0.02168 0.01712   2450     143098.5 0.0202
1  3  26.2 0.02190 0.02188 0.01728   2296     132896.7 0.0209
1  3  26.2 0.02210 0.02207 0.01728   2244     129886.8 0.0211
1  3  26.2 0.02230 0.02227 0.01839   2320     126187.6 0.0208
1  3  26.2 0.02250 0.02246 0.01839   2254     122597.8 0.0211
1  3  26.2 0.02270 0.02266 0.01923   2240     116462.8 0.0211
1  3  26.2 0.02290 0.02285 0.01923   2266     117814.6 0.0210
1  3  26.2 0.02310 0.02314 0.01923   2238     116358.8 0.0211
1  3  26.2 0.02330 0.02334 0.02049   2342     114313.2 0.0207
1  3  26.2 0.02350 0.02354 0.02049   2260     110310.7 0.0210
1  3  26.2 0.02370 0.02373 0.02164   2284     105561.9 0.0209
1  3  26.2 0.02390 0.02393 0.02164   2290     105839.2 0.0209
1  3  26.2 0.02410 0.02412 0.02164   2246     103805.6 0.0211
1  3  26.2 0.02430 0.02432 0.02261   2292     101392.0 0.0209
1  3  26.2 0.02450 0.02451 0.02325   2234      96068.7 0.0212
1  3  26.2 0.02470 0.02471 0.02366   2272      96031.9 0.0210
1  3  26.2 0.02490 0.02490 0.02468   2262      91650.6 0.0210
1  3  26.2 0.02510 0.02510 0.02502   2226      88974.3 0.0212
1  3  26.2 0.02530 0.02529 0.02655   2316      87239.0 0.0208
1  3  26.2 0.02550 0.02549 0.02701   2306      85379.2 0.0208
1  3  26.2 0.02570 0.02568 0.02740   2292      83638.7 0.0209
1  3  26.2 0.02590 0.02588 0.02915   2344      80410.6 0.0207
1  3  26.2 0.02610 0.02607 0.03111   2230      71679.9 0.0212
1  3  26.2 0.02630 0.02627 0.03301   2306      69852.9 0.0208
1  3  26.2 0.02650 0.02646 0.03537   2312      65369.9 0.0208
1  3  26.2 0.02670 0.02666 0.03683   2240      60825.9 0.0211
1  3  26.2 0.02690 0.02686 0.04124   2232      54116.8 0.0212
1  3  26.2 0.02710 0.02715 0.04874   2308      47357.9 0.0208
1  3  26.2 0.02730 0.02734 0.05440   2256      41469.8 0.0211
1  3  26.2 0.02750 0.02754 0.06165   2306      37407.2 0.0208
1  3  26.2 0.02770 0.02773 0.07322   2342      31984.7 0.0207
1  3  26.2 0.02790 0.02793 0.08119   2226      27417.9 0.0212
1  3  26.2 0.02810 0.02813 0.09607   2258      23503.9 0.0210
1  3  26.2 0.02830 0.02832 0.11211   2326      20746.7 0.0207
1  3  26.2 0.02850 0.02852 0.13018   2328      17883.3 0.0207
1  3  26.2 0.02870 0.02871 0.14443   2222      15384.1 0.0212
1  3  26.2 0.02890 0.02891 0.16285   2260      13878.1 0.0210
1  3  26.2 0.02910 0.02910 0.17931   2342      13061.3 0.0207
1  3  26.2 0.02930 0.02930 0.19511   2264      11603.4 0.0210
1  3  26.2 0.02950 0.02949 0.21291   2262      10624.3 0.0210
1  3  26.2 0.02970 0.02969 0.22592   2278      10083.1 0.0210
1  3  26.2 0.02990 0.02988 0.23028   2256       9796.9 0.0211
1  3  26.2 0.03010 0.03008 0.23619   2244       9500.7 0.0211
1  3  26.2 0.03030 0.03027 0.23619   2236       9466.8 0.0211
1  3  26.2 0.03050 0.03047 0.24968   2270       9091.8 0.0210
1  3  26.2 0.03070 0.03066 0.26570   2248       8460.7 0.0211
1  3  26.2 0.03090 0.03086 0.27803   2322       8351.6 0.0208
1  3  26.2 0.03110 0.03105 0.27803   2312       8315.6 0.0208
1  3  26.2 0.03130 0.03135 0.28496   2222       7797.7 0.0212
1  3  26.2 0.03150 0.03154 0.29368   2262       7702.3 0.0210
1  3  26.2 0.03170 0.03174 0.31457   2262       7190.7 0.0210
1  3  26.2 0.03190 0.03193 0.31457   2240       7120.8 0.0211
1  3  26.2 0.03210 0.03213 0.34297   2276       6636.1 0.0210
1  3  26.2 0.03230 0.03232 0.34860   2328       6678.1 0.0207
1  3  26.2 0.03250 0.03252 0.35762   2240       6263.7 0.0211
1  3  26.2 0.03270 0.03271 0.35762   2228       6230.2 0.0212
1  3  26.2 0.03290 0.03291 0.39222   2256       5751.9 0.0211
1  3  26.2 0.03310 0.03311 0.39941   2294       5743.5 0.0209
1  3  26.2 0.03330 0.03330 0.39941   2222       5563.2 0.0212
1  3  26.2 0.03350 0.03350 0.45962   2298       4999.7 0.0209
1  3  26.2 0.03370 0.03369 0.47724   2226       4664.4 0.0212
1  3  26.2 0.03390 0.03389 0.51083   2342       4584.7 0.0207
1  3  26.2 0.03410 0.03408 0.51083   2226       4357.6 0.0212
1  3  26.2 0.03430 0.03428 0.57442   2316       4031.9 0.0208
1  3  26.2 0.03450 0.03447 0.59980   2304       3841.3 0.0208
1  3  26.2 0.03470 0.03467 0.66590   2274       3414.9 0.0210
1  3  26.2 0.03490 0.03486 0.70125   2278       3248.5 0.0210
1  3  26.2 0.03510 0.03506 0.80216   2374       2959.5 0.0205
1  3  26.2 0.03530 0.03525 0.84555   2362       2793.5 0.0206
1  3  26.2 0.03550 0.03555 1.00578   2234       2221.2 0.0212
1  3  26.2 0.03570 0.03574 1.11933   2340       2090.5 0.0207
1  3  26.2 0.03590 0.03594 1.21000   1994       1647.9 0.0224
1  3  26.2 0.03610 0.03613 1.21000   1772       1464.5 0.0238
1  3  26.2 0.03630 0.03633 1.21000   1620       1338.8 0.0248
1  3  26.2 0.03650 0.03652 1.21000   1500       1239.7 0.0258
1  3  26.2 0.03670 0.03672 1.21000   1362       1125.6 0.0271
1  3  26.2 0.03690 0.03691 1.21000   1298       1072.7 0.0278
1  3  26.2 0.03710 0.03711 1.21000   1164        962.0 0.0293
1  3  26.2 0.03730 0.03730 1.21000   1114        920.7 0.0300
1  3  26.2 0.03750 0.03750 1.21000   1062        877.7 0.0307
1  3  26.2 0.03770 0.03770 1.21000   1016        839.7 0.0314
1  3  26.2 0.03790 0.03789 1.21000    946        781.8 0.0325
1  3  26.2 0.03810 0.03809 1.21000    968        800.0 0.0321
1  3  26.2 0.03830 0.03828 1.21000    988        816.5 0.0318
1  3  26.2 0.03850 0.03848 1.21000    858        709.1 0.0341
1  3  26.2 0.03870 0.03867 1.21000    838        692.6 0.0345
1  3  26.2 0.03890 0.03887 1.21000    876        724.0 0.0338
1  3  26.2 0.03910 0.03906 1.21000    746        616.5 0.0366
1  3  26.2 0.03930 0.03926 1.21000    824        681.0 0.0348
1  3  26.2 0.03950 0.03945 1.21000    742        613.2 0.0367
1  3  26.2 0.03970 0.03975 1.21000    728        601.7 0.0371
1  3  26.2 0.03990 0.03994 1.21000    686        566.9 0.0382
