# Scan Time    : Fri, 18 Mar 2022 10:53:54 +0000 (GMT) +246619000 nsec
# Board Lane   : 6
# Board Loc    : BTOF - Southwest
# SiPM Biases  :  56.785  56.431  56.592  55.914
# SiPM Currents:   1.257   1.108   1.003   0.877
#
7 -1  25.3 0.00010 0.00010 1.21000     36         29.8 0.1667
7 -1  25.3 0.00030 0.00029 1.21000     44         36.4 0.1508
7 -1  25.3 0.00050 0.00049 1.21000     26         21.5 0.1961
7 -1  25.3 0.00070 0.00068 1.21000     34         28.1 0.1715
7 -1  25.3 0.00090 0.00088 1.21000     36         29.8 0.1667
7 -1  25.3 0.00110 0.00107 1.21000     46         38.0 0.1474
7 -1  25.3 0.00130 0.00127 1.21000     44         36.4 0.1508
7 -1  25.3 0.00150 0.00146 1.21000     66         54.5 0.1231
7 -1  25.3 0.00170 0.00166 1.21000    114         94.2 0.0937
7 -1  25.3 0.00190 0.00186 1.21000    214        176.9 0.0684
7 -1  25.3 0.00210 0.00215 1.21000    800        661.2 0.0354
7 -1  25.3 0.00230 0.00234 1.21000   1890       1562.0 0.0230
7 -1  25.3 0.00250 0.00254 1.21000   4670       3859.5 0.0146
7 -1  25.3 0.00270 0.00273 1.21000  10622       8778.5 0.0097
7 -1  25.3 0.00290 0.00293 1.21000  23892      19745.5 0.0065
7 -1  25.3 0.00310 0.00313 1.21000  61566      50881.0 0.0040
7 -1  25.3 0.00330 0.00332 0.67480  73072     108286.1 0.0037
7 -1  25.3 0.00350 0.00352 0.33052  71896     217524.1 0.0037
7 -1  25.3 0.00370 0.00371 0.18156  75960     418368.0 0.0036
7 -1  25.3 0.00390 0.00391 0.08828  71436     809157.5 0.0037
7 -1  25.3 0.00410 0.00410 0.05047  72334    1433302.6 0.0037
7 -1  25.3 0.00430 0.00430 0.03089  72788    2356676.0 0.0037
7 -1  25.3 0.00450 0.00449 0.01985  71014    3577232.2 0.0038
7 -1  25.3 0.00470 0.00469 0.01316  72694    5525746.6 0.0037
7 -1  25.3 0.00490 0.00488 0.01010  72022    7128774.6 0.0037
7 -1  25.3 0.00510 0.00508 0.00833  71750    8608628.1 0.0037
7 -1  25.3 0.00530 0.00527 0.00727  71032    9765817.3 0.0038
7 -1  25.3 0.00550 0.00547 0.00727  78406   10779629.9 0.0036
7 -1  25.3 0.00570 0.00566 0.00625  72200   11546332.7 0.0037
7 -1  25.3 0.00590 0.00586 0.00625  75628   12094543.6 0.0036
7 -1  25.3 0.00610 0.00605 0.00625  78144   12496906.1 0.0036
7 -1  25.3 0.00630 0.00635 0.00557  72308   12977576.0 0.0037
7 -1  25.3 0.00650 0.00654 0.00557  73336   13162077.7 0.0037
7 -1  25.3 0.00670 0.00674 0.00557  73968   13275506.8 0.0037
7 -1  25.3 0.00690 0.00693 0.00557  74296   13334375.0 0.0037
7 -1  25.3 0.00710 0.00713 0.00557  74276   13330785.5 0.0037
7 -1  25.3 0.00730 0.00732 0.00557  73878   13259353.9 0.0037
7 -1  25.3 0.00750 0.00752 0.00557  72948   13092440.9 0.0037
7 -1  25.3 0.00770 0.00771 0.00557  71618   12853737.4 0.0037
7 -1  25.3 0.00790 0.00791 0.00557  68786   12345460.3 0.0038
7 -1  25.3 0.00810 0.00811 0.00557  65592   11772212.9 0.0039
7 -1  25.3 0.00830 0.00830 0.00557  61066   10959902.9 0.0040
7 -1  25.3 0.00850 0.00850 0.00557  55410    9944784.7 0.0042
7 -1  25.3 0.00870 0.00869 0.00557  48624    8726858.1 0.0045
7 -1  25.3 0.00890 0.00889 0.00557  41460    7441089.5 0.0049
7 -1  25.3 0.00910 0.00908 0.00557  35656    6399408.8 0.0053
7 -1  25.3 0.00930 0.00928 0.00557  30830    5533255.9 0.0057
7 -1  25.3 0.00950 0.00947 0.00557  27162    4874936.7 0.0061
7 -1  25.3 0.00970 0.00967 0.00557  25056    4496959.5 0.0063
7 -1  25.3 0.00990 0.00986 0.00557  24232    4349071.0 0.0064
7 -1  25.3 0.01010 0.01006 0.00557  23518    4220924.8 0.0065
7 -1  25.3 0.01030 0.01025 0.00557  23066    4139801.5 0.0066
7 -1  25.3 0.01050 0.01055 0.00557  22834    4098163.0 0.0066
7 -1  25.3 0.01070 0.01074 0.00557  22706    4075190.0 0.0066
7 -1  25.3 0.01090 0.01094 0.00557  22666    4068011.0 0.0066
7 -1  25.3 0.01110 0.01113 0.00557  22622    4060114.0 0.0066
7 -1  25.3 0.01130 0.01133 0.00557  22500    4038217.9 0.0067
7 -1  25.3 0.01150 0.01152 0.00557  22438    4027090.4 0.0067
7 -1  25.3 0.01170 0.01172 0.00557  22622    4060114.0 0.0066
7 -1  25.3 0.01190 0.01191 0.00557  22590    4054370.8 0.0067
7 -1  25.3 0.01210 0.01211 0.00557  22310    4004117.4 0.0067
7 -1  25.3 0.01230 0.01230 0.00557  22394    4019193.4 0.0067
7 -1  25.3 0.01250 0.01250 0.00557  22286    3999810.0 0.0067
7 -1  25.3 0.01270 0.01270 0.00557  22208    3985810.8 0.0067
7 -1  25.3 0.01290 0.01289 0.00557  22004    3949197.6 0.0067
7 -1  25.3 0.01310 0.01309 0.00557  21706    3895713.7 0.0068
7 -1  25.3 0.01330 0.01328 0.00557  21270    3817462.0 0.0069
7 -1  25.3 0.01350 0.01348 0.00557  20904    3751773.7 0.0069
7 -1  25.3 0.01370 0.01367 0.00557  20146    3615730.6 0.0070
7 -1  25.3 0.01390 0.01387 0.00557  19482    3496558.3 0.0072
7 -1  25.3 0.01410 0.01406 0.00557  18226    3271136.0 0.0074
7 -1  25.3 0.01430 0.01426 0.00557  17044    3058994.9 0.0077
7 -1  25.3 0.01450 0.01445 0.00557  15878    2849725.5 0.0079
7 -1  25.3 0.01470 0.01475 0.00557  13608    2442314.2 0.0086
7 -1  25.3 0.01490 0.01494 0.00557  12262    2200739.0 0.0090
7 -1  25.3 0.01510 0.01514 0.00557  10764    1931883.5 0.0096
7 -1  25.3 0.01530 0.01533 0.00557   9488    1702871.6 0.0103
7 -1  25.3 0.01550 0.01553 0.00557   8324    1493961.2 0.0110
7 -1  25.3 0.01570 0.01572 0.00557   7240    1299408.8 0.0118
7 -1  25.3 0.01590 0.01592 0.00557   6504    1167314.2 0.0124
7 -1  25.3 0.01610 0.01611 0.00557   5926    1063576.9 0.0130
7 -1  25.3 0.01630 0.01631 0.00557   5564     998606.4 0.0134
7 -1  25.3 0.01650 0.01650 0.00557   5226     937943.4 0.0138
7 -1  25.3 0.01670 0.01670 0.00557   4992     895945.9 0.0142
7 -1  25.3 0.01690 0.01689 0.00557   4696     842820.9 0.0146
7 -1  25.3 0.01710 0.01709 0.00557   4522     811592.1 0.0149
7 -1  25.3 0.01730 0.01729 0.00557   4472     802618.2 0.0150
7 -1  25.3 0.01750 0.01748 0.00557   4202     754159.6 0.0154
7 -1  25.3 0.01770 0.01768 0.00557   4210     755595.4 0.0154
7 -1  25.3 0.01790 0.01787 0.00557   4054     727597.1 0.0157
7 -1  25.3 0.01810 0.01807 0.00557   3876     695650.3 0.0161
7 -1  25.3 0.01830 0.01826 0.00557   3960     710726.4 0.0159
7 -1  25.3 0.01850 0.01846 0.00557   3850     690984.0 0.0161
7 -1  25.3 0.01870 0.01865 0.00557   3742     671600.5 0.0163
7 -1  25.3 0.01890 0.01895 0.00557   3510     629962.0 0.0169
7 -1  25.3 0.01910 0.01914 0.00557   3378     606271.1 0.0172
7 -1  25.3 0.01930 0.01934 0.00557   3302     592630.9 0.0174
7 -1  25.3 0.01950 0.01953 0.00557   3214     576837.0 0.0176
7 -1  25.3 0.01970 0.01973 0.00557   3126     561043.1 0.0179
7 -1  25.3 0.01990 0.01992 0.00557   3100     556376.7 0.0180
7 -1  25.3 0.02010 0.02012 0.00557   2946     528737.3 0.0184
7 -1  25.3 0.02030 0.02031 0.00557   2822     506482.3 0.0188
7 -1  25.3 0.02050 0.02051 0.00557   2592     465202.7 0.0196
7 -1  25.3 0.02070 0.02070 0.00557   2420     434332.8 0.0203
7 -1  25.3 0.02090 0.02090 0.00557   2392     429307.4 0.0204
7 -1  25.3 0.02110 0.02109 0.00557   2238     401668.1 0.0211
7 -1  25.4 0.02130 0.02129 0.00600   2282     380122.8 0.0209
7 -1  25.4 0.02150 0.02148 0.00644   2252     349903.0 0.0211
7 -1  25.4 0.02170 0.02168 0.00690   2274     329787.7 0.0210
7 -1  25.4 0.02190 0.02188 0.00779   2236     286916.3 0.0211
7 -1  25.4 0.02210 0.02207 0.00841   2246     267187.6 0.0211
7 -1  25.4 0.02230 0.02227 0.00923   2256     244462.4 0.0211
7 -1  25.4 0.02250 0.02246 0.01012   2296     226850.8 0.0209
7 -1  25.4 0.02270 0.02266 0.01106   2258     204176.7 0.0210
7 -1  25.4 0.02290 0.02285 0.01204   2390     198465.6 0.0205
7 -1  25.4 0.02310 0.02314 0.01334   2288     171554.8 0.0209
7 -1  25.4 0.02330 0.02334 0.01421   2314     162884.8 0.0208
7 -1  25.4 0.02350 0.02354 0.01588   2290     144212.4 0.0209
7 -1  25.4 0.02370 0.02373 0.01668   2228     133557.4 0.0212
7 -1  25.4 0.02390 0.02393 0.01748   2312     132295.6 0.0208
7 -1  25.4 0.02410 0.02412 0.01844   2254     122218.4 0.0211
7 -1  25.4 0.02430 0.02432 0.01844   2224     120591.7 0.0212
7 -1  25.4 0.02450 0.02451 0.01942   2248     115749.0 0.0211
7 -1  25.4 0.02470 0.02471 0.02024   2320     114617.8 0.0208
7 -1  25.4 0.02490 0.02490 0.02024   2248     111060.7 0.0211
7 -1  25.4 0.02510 0.02510 0.02238   2348     104899.2 0.0206
7 -1  25.4 0.02530 0.02529 0.02238   2250     100521.0 0.0211
7 -1  25.4 0.02550 0.02549 0.02346   2258      96247.6 0.0210
7 -1  25.4 0.02570 0.02568 0.02422   2336      96457.6 0.0207
7 -1  25.4 0.02590 0.02588 0.02508   2262      90207.4 0.0210
7 -1  25.4 0.02610 0.02607 0.02584   2260      87450.6 0.0210
7 -1  25.4 0.02630 0.02627 0.02596   2232      85978.4 0.0212
7 -1  25.4 0.02650 0.02646 0.02683   2224      82894.3 0.0212
7 -1  25.4 0.02670 0.02666 0.02847   2236      78549.4 0.0211
7 -1  25.4 0.02690 0.02686 0.02981   2324      77966.6 0.0207
7 -1  25.4 0.02710 0.02715 0.03186   2258      70867.8 0.0210
7 -1  25.4 0.02730 0.02734 0.03365   2312      68709.2 0.0208
7 -1  25.4 0.02750 0.02754 0.03648   2310      63314.2 0.0208
7 -1  25.4 0.02770 0.02773 0.03648   2236      61286.0 0.0211
7 -1  25.4 0.02790 0.02793 0.03959   2260      57079.0 0.0210
7 -1  25.4 0.02810 0.02813 0.04111   2258      54924.0 0.0210
7 -1  25.4 0.02830 0.02832 0.04521   2272      50249.0 0.0210
7 -1  25.4 0.02850 0.02852 0.04752   2276      47890.8 0.0210
7 -1  25.4 0.02870 0.02871 0.04752   2252      47385.8 0.0211
7 -1  25.4 0.02890 0.02891 0.05279   2276      43116.4 0.0210
7 -1  25.4 0.02910 0.02910 0.05405   2228      41223.0 0.0212
7 -1  25.4 0.02930 0.02930 0.06023   2342      38885.9 0.0207
7 -1  25.4 0.02950 0.02949 0.06236   2354      37748.3 0.0206
7 -1  25.4 0.02970 0.02969 0.06794   2316      34088.7 0.0208
7 -1  25.4 0.02990 0.02988 0.07074   2270      32088.4 0.0210
7 -1  25.4 0.03010 0.03008 0.07675   2372      30904.6 0.0205
7 -1  25.4 0.03030 0.03027 0.08130   2276      27993.5 0.0210
7 -1  25.4 0.03050 0.03047 0.08581   2262      26361.0 0.0210
7 -1  25.4 0.03070 0.03066 0.09075   2252      24815.1 0.0211
7 -1  25.4 0.03090 0.03086 0.09621   2302      23927.7 0.0208
7 -1  25.4 0.03110 0.03105 0.10639   2350      22088.9 0.0206
7 -1  25.4 0.03130 0.03135 0.10639   2256      21205.4 0.0211
7 -1  25.4 0.03150 0.03154 0.11387   2274      19970.1 0.0210
7 -1  25.4 0.03170 0.03174 0.12057   2306      19126.1 0.0208
7 -1  25.4 0.03190 0.03193 0.12255   2280      18604.1 0.0209
7 -1  25.4 0.03210 0.03213 0.12619   2304      18258.4 0.0208
7 -1  25.4 0.03230 0.03232 0.13772   2364      17165.7 0.0206
7 -1  25.4 0.03250 0.03252 0.14037   2244      15986.4 0.0211
7 -1  25.4 0.03270 0.03271 0.14588   2228      15272.4 0.0212
7 -1  25.4 0.03290 0.03291 0.14966   2314      15462.1 0.0208
7 -1  25.4 0.03310 0.03311 0.15496   2286      14752.6 0.0209
7 -1  25.4 0.03330 0.03330 0.16310   2288      14028.6 0.0209
7 -1  25.4 0.03350 0.03350 0.17149   2314      13493.3 0.0208
7 -1  25.4 0.03370 0.03369 0.17258   2242      12991.0 0.0211
7 -1  25.4 0.03390 0.03389 0.18419   2256      12248.5 0.0211
7 -1  25.4 0.03410 0.03408 0.19409   2358      12149.1 0.0206
7 -1  25.4 0.03430 0.03428 0.20152   2318      11502.3 0.0208
7 -1  25.4 0.03450 0.03447 0.21182   2296      10839.4 0.0209
7 -1  25.4 0.03470 0.03467 0.23049   2268       9839.8 0.0210
7 -1  25.4 0.03490 0.03486 0.23237   2274       9785.9 0.0210
7 -1  25.4 0.03510 0.03506 0.23993   2274       9477.6 0.0210
7 -1  25.4 0.03530 0.03525 0.26201   2224       8488.3 0.0212
7 -1  25.4 0.03550 0.03555 0.28408   2312       8138.5 0.0208
7 -1  25.4 0.03570 0.03574 0.28408   2236       7871.0 0.0211
7 -1  25.4 0.03590 0.03594 0.30152   2340       7760.8 0.0207
7 -1  25.4 0.03610 0.03613 0.31190   2230       7149.7 0.0212
7 -1  25.4 0.03630 0.03633 0.32325   2258       6985.3 0.0210
7 -1  25.4 0.03650 0.03652 0.34632   2262       6531.6 0.0210
7 -1  25.4 0.03670 0.03672 0.36435   2308       6334.5 0.0208
7 -1  25.4 0.03690 0.03691 0.37726   2360       6255.7 0.0206
7 -1  25.4 0.03710 0.03711 0.39728   2290       5764.1 0.0209
7 -1  25.4 0.03730 0.03730 0.41235   2300       5577.8 0.0209
7 -1  25.4 0.03750 0.03750 0.42105   2314       5495.8 0.0208
7 -1  25.4 0.03770 0.03770 0.46407   2360       5085.4 0.0206
7 -1  25.4 0.03790 0.03789 0.46407   2318       4994.9 0.0208
7 -1  25.4 0.03810 0.03809 0.47215   2250       4765.5 0.0211
7 -1  25.4 0.03830 0.03828 0.51012   2284       4477.4 0.0209
7 -1  25.4 0.03850 0.03848 0.51012   2228       4367.6 0.0212
7 -1  25.4 0.03870 0.03867 0.55058   2262       4108.4 0.0210
7 -1  25.4 0.03890 0.03887 0.57707   2254       3905.9 0.0211
7 -1  25.4 0.03910 0.03906 0.59781   2224       3720.2 0.0212
7 -1  25.4 0.03930 0.03926 0.61760   2322       3759.7 0.0208
7 -1  25.4 0.03950 0.03945 0.64815   2380       3672.0 0.0205
7 -1  25.4 0.03970 0.03975 0.66058   2310       3496.9 0.0208
7 -1  25.4 0.03990 0.03994 0.72422   2412       3330.5 0.0204
7  0  25.4 0.00010 0.00010 1.21000    276        228.1 0.0602
7  0  25.4 0.00030 0.00029 1.21000      6          5.0 0.4082
7  0  25.4 0.00050 0.00049 1.21000      8          6.6 0.3536
7  0  25.4 0.00070 0.00068 1.21000     10          8.3 0.3162
7  0  25.4 0.00090 0.00088 1.21000      8          6.6 0.3536
7  0  25.4 0.00110 0.00107 1.21000     14         11.6 0.2673
7  0  25.4 0.00130 0.00127 1.21000     12          9.9 0.2887
7  0  25.4 0.00150 0.00146 1.21000     12          9.9 0.2887
7  0  25.4 0.00170 0.00166 1.21000     70         57.9 0.1195
7  0  25.4 0.00190 0.00186 1.21000    152        125.6 0.0811
7  0  25.4 0.00210 0.00215 1.21000    534        441.3 0.0433
7  0  25.4 0.00230 0.00234 1.21000   1648       1362.0 0.0246
7  0  25.4 0.00250 0.00254 1.21000   3822       3158.7 0.0162
7  0  25.4 0.00270 0.00273 1.21000   9072       7497.5 0.0105
7  0  25.4 0.00290 0.00293 1.21000  20594      17019.8 0.0070
7  0  25.4 0.00310 0.00313 1.21000  53322      44067.8 0.0043
7  0  25.5 0.00330 0.00332 0.64291  71912     111854.7 0.0037
7  0  25.5 0.00350 0.00352 0.35316  78466     222180.0 0.0036
7  0  25.5 0.00370 0.00371 0.17428  72424     415552.7 0.0037
7  0  25.5 0.00390 0.00391 0.09574  73260     765211.3 0.0037
7  0  25.5 0.00410 0.00410 0.05803  72078    1242101.9 0.0037
7  0  25.5 0.00430 0.00430 0.03959  72446    1829732.8 0.0037
7  0  25.5 0.00450 0.00449 0.02924  71720    2453184.5 0.0037
7  0  25.5 0.00470 0.00469 0.02283  72014    3154727.2 0.0037
7  0  25.5 0.00490 0.00488 0.02003  72130    3601392.1 0.0037
7  0  25.5 0.00510 0.00508 0.02003  78290    3908955.8 0.0036
7  0  25.5 0.00530 0.00527 0.01749  72434    4142379.7 0.0037
7  0  25.5 0.00550 0.00547 0.01749  75104    4295072.6 0.0036
7  0  25.5 0.00570 0.00566 0.01749  76776    4390691.4 0.0036
7  0  25.5 0.00590 0.00586 0.01749  77866    4453026.7 0.0036
7  0  25.5 0.00610 0.00605 0.01749  78638    4497176.1 0.0036
7  0  25.5 0.00630 0.00635 0.01749  79326    4536521.7 0.0036
7  0  25.5 0.00650 0.00654 0.01749  79610    4552763.2 0.0035
7  0  25.5 0.00670 0.00674 0.01749  79736    4559968.9 0.0035
7  0  25.5 0.00690 0.00693 0.01749  79734    4559854.5 0.0035
7  0  25.5 0.00710 0.00713 0.01749  79606    4552534.4 0.0035
7  0  25.5 0.00730 0.00732 0.01749  79352    4538008.6 0.0035
7  0  25.5 0.00750 0.00752 0.01749  78914    4512960.1 0.0036
7  0  25.5 0.00770 0.00771 0.01749  78220    4473271.4 0.0036
7  0  25.5 0.00790 0.00791 0.01749  76874    4396295.9 0.0036
7  0  25.5 0.00810 0.00811 0.01749  75176    4299190.1 0.0036
7  0  25.5 0.00830 0.00830 0.01749  72728    4159193.1 0.0037
7  0  25.5 0.00850 0.00850 0.01749  69068    3949883.8 0.0038
7  0  25.5 0.00870 0.00869 0.01749  63294    3619678.3 0.0040
7  0  25.5 0.00890 0.00889 0.01749  56394    3225078.8 0.0042
7  0  25.5 0.00910 0.00908 0.01749  48484    2772719.1 0.0045
7  0  25.5 0.00930 0.00928 0.01749  40622    2323104.5 0.0050
7  0  25.5 0.00950 0.00947 0.01749  32162    1839291.2 0.0056
7  0  25.5 0.00970 0.00967 0.01749  27782    1588806.3 0.0060
7  0  25.5 0.00990 0.00986 0.01749  25238    1443319.1 0.0063
7  0  25.5 0.01010 0.01006 0.01749  23014    1316132.3 0.0066
7  0  25.5 0.01030 0.01025 0.01749  21740    1243274.4 0.0068
7  0  25.5 0.01050 0.01055 0.01749  21204    1212621.4 0.0069
7  0  25.5 0.01070 0.01074 0.01749  21642    1237669.9 0.0068
7  0  25.5 0.01090 0.01094 0.01749  20704    1184027.2 0.0069
7  0  25.5 0.01110 0.01113 0.01749  20802    1189631.7 0.0069
7  0  25.5 0.01130 0.01133 0.01749  20992    1200497.5 0.0069
7  0  25.5 0.01150 0.01152 0.01749  20946    1197866.8 0.0069
7  0  25.5 0.01170 0.01172 0.01749  20808    1189974.8 0.0069
7  0  25.5 0.01190 0.01191 0.01749  21040    1203242.5 0.0069
7  0  25.5 0.01210 0.01211 0.01749  20770    1187801.7 0.0069
7  0  25.5 0.01230 0.01230 0.01749  20860    1192948.6 0.0069
7  0  25.5 0.01250 0.01250 0.01749  20652    1181053.5 0.0070
7  0  25.5 0.01270 0.01270 0.01749  21020    1202098.8 0.0069
7  0  25.5 0.01290 0.01289 0.01749  20752    1186772.3 0.0069
7  0  25.5 0.01310 0.01309 0.01749  20810    1190089.2 0.0069
7  0  25.5 0.01330 0.01328 0.01749  20504    1172589.6 0.0070
7  0  25.5 0.01350 0.01348 0.01749  19960    1141479.1 0.0071
7  0  25.5 0.01370 0.01367 0.01749  20144    1152001.8 0.0070
7  0  25.5 0.01390 0.01387 0.01749  18836    1077199.4 0.0073
7  0  25.5 0.01410 0.01406 0.01749  18162    1038654.5 0.0074
7  0  25.5 0.01430 0.01426 0.01749  16318     933199.2 0.0078
7  0  25.5 0.01450 0.01445 0.01749  14968     855995.0 0.0082
7  0  25.5 0.01470 0.01475 0.01749  12358     706733.4 0.0090
7  0  25.5 0.01490 0.01494 0.01749  10832     619464.0 0.0096
7  0  25.5 0.01510 0.01514 0.01749   9182     525103.3 0.0104
7  0  25.5 0.01530 0.01533 0.01749   8392     479924.5 0.0109
7  0  25.5 0.01550 0.01553 0.01749   7006     400661.5 0.0119
7  0  25.5 0.01570 0.01572 0.01749   5478     313277.7 0.0135
7  0  25.5 0.01590 0.01592 0.01749   4772     272902.7 0.0145
7  0  25.5 0.01610 0.01611 0.01749   4302     246024.2 0.0152
7  0  25.5 0.01630 0.01631 0.01749   3860     220747.0 0.0161
7  0  25.5 0.01650 0.01650 0.01749   3646     208508.7 0.0166
7  0  25.5 0.01670 0.01670 0.01749   3500     200159.2 0.0169
7  0  25.5 0.01690 0.01689 0.01749   3448     197185.4 0.0170
7  0  25.5 0.01710 0.01709 0.01749   3052     174538.8 0.0181
7  0  25.5 0.01730 0.01729 0.01749   2980     170421.2 0.0183
7  0  25.5 0.01750 0.01748 0.01749   3048     174310.0 0.0181
7  0  25.5 0.01770 0.01768 0.01749   2876     164473.6 0.0186
7  0  25.5 0.01790 0.01787 0.01749   2792     159669.8 0.0189
7  0  25.5 0.01810 0.01807 0.01749   2844     162643.6 0.0188
7  0  25.5 0.01830 0.01826 0.01749   2750     157267.9 0.0191
7  0  25.5 0.01850 0.01846 0.01749   2684     153493.5 0.0193
7  0  25.5 0.01870 0.01865 0.01749   2788     159441.1 0.0189
7  0  25.5 0.01890 0.01895 0.01749   2602     148804.0 0.0196
7  0  25.5 0.01910 0.01914 0.01749   2460     140683.3 0.0202
7  0  25.5 0.01930 0.01934 0.01749   2426     138738.9 0.0203
7  0  25.5 0.01950 0.01953 0.01749   2398     137137.6 0.0204
7  0  25.5 0.01970 0.01973 0.01749   2420     138395.8 0.0203
7  0  25.5 0.01990 0.01992 0.01749   2326     133020.1 0.0207
7  0  25.5 0.02010 0.02012 0.01749   2244     128330.6 0.0211
7  0  25.5 0.02030 0.02031 0.01804   2246     124514.2 0.0211
7  0  25.5 0.02050 0.02051 0.01804   2242     124292.4 0.0211
7  0  25.5 0.02070 0.02070 0.01918   2230     116282.9 0.0212
7  0  25.5 0.02090 0.02090 0.02015   2316     114952.2 0.0208
7  0  25.5 0.02110 0.02109 0.02157   2246     104119.9 0.0211
7  0  25.5 0.02130 0.02129 0.02244   2256     100535.7 0.0211
7  0  25.5 0.02150 0.02148 0.02505   2286      91255.4 0.0209
7  0  25.5 0.02170 0.02168 0.02694   2224      82547.4 0.0212
7  0  25.5 0.02190 0.02188 0.03067   2274      74147.2 0.0210
7  0  25.5 0.02210 0.02207 0.03445   2416      70126.7 0.0203
7  0  25.5 0.02230 0.02227 0.03954   2292      57964.6 0.0209
7  0  25.5 0.02250 0.02246 0.04261   2226      52241.8 0.0212
7  0  25.5 0.02270 0.02266 0.04901   2246      45831.6 0.0211
7  0  25.5 0.02290 0.02285 0.05401   2234      41360.5 0.0212
7  0  25.5 0.02310 0.02314 0.06690   2332      34858.5 0.0207
7  0  25.5 0.02330 0.02334 0.07711   2282      29594.4 0.0209
7  0  25.5 0.02350 0.02354 0.08422   2362      28045.5 0.0206
7  0  25.5 0.02370 0.02373 0.08845   2308      26094.8 0.0208
7  0  25.5 0.02390 0.02393 0.09305   2232      23986.3 0.0212
7  0  25.5 0.02410 0.02412 0.09799   2228      22736.4 0.0212
7  0  25.5 0.02430 0.02432 0.09799   2222      22675.2 0.0212
7  0  25.5 0.02450 0.02451 0.11472   2308      20118.5 0.0208
7  0  25.5 0.02470 0.02471 0.11576   2240      19350.0 0.0211
7  0  25.5 0.02490 0.02490 0.11576   2252      19453.6 0.0211
7  0  25.5 0.02510 0.02510 0.12485   2274      18213.1 0.0210
7  0  25.5 0.02530 0.02529 0.12485   2284      18293.2 0.0209
7  0  25.5 0.02550 0.02549 0.12485   2238      17924.8 0.0211
7  0  25.5 0.02570 0.02568 0.13236   2258      17059.5 0.0210
7  0  25.5 0.02590 0.02588 0.13939   2428      17419.2 0.0203
7  0  25.5 0.02610 0.02607 0.13939   2290      16429.2 0.0209
7  0  25.5 0.02630 0.02627 0.14405   2352      16327.2 0.0206
7  0  25.5 0.02650 0.02646 0.14405   2242      15563.6 0.0211
7  0  25.5 0.02670 0.02666 0.15538   2394      15407.1 0.0204
7  0  25.5 0.02690 0.02686 0.16250   2234      13747.8 0.0212
7  0  25.5 0.02710 0.02715 0.16250   2374      14609.4 0.0205
7  0  25.5 0.02730 0.02734 0.16991   2366      13924.7 0.0206
7  0  25.5 0.02750 0.02754 0.17462   2238      12816.0 0.0211
7  0  25.5 0.02770 0.02773 0.18206   2228      12237.5 0.0212
7  0  25.5 0.02790 0.02793 0.18206   2224      12215.5 0.0212
7  0  25.5 0.02810 0.02813 0.19792   2292      11580.6 0.0209
7  0  25.5 0.02830 0.02832 0.20698   2324      11228.2 0.0207
7  0  25.5 0.02850 0.02852 0.22413   2320      10351.3 0.0208
7  0  25.5 0.02870 0.02871 0.22575   2296      10170.4 0.0209
7  0  25.5 0.02890 0.02891 0.24707   2284       9244.3 0.0209
7  0  25.5 0.02910 0.02910 0.26217   2256       8605.0 0.0211
7  0  25.5 0.02930 0.02930 0.28240   2256       7988.8 0.0211
7  0  25.5 0.02950 0.02949 0.31191   2396       7681.6 0.0204
7  0  25.5 0.02970 0.02969 0.35615   2332       6547.8 0.0207
7  0  25.5 0.02990 0.02988 0.37915   2256       5950.1 0.0211
7  0  25.5 0.03010 0.03008 0.41781   2252       5390.0 0.0211
7  0  25.6 0.03030 0.03027 0.44462   2282       5132.5 0.0209
7  0  25.6 0.03050 0.03047 0.51044   2262       4431.5 0.0210
7  0  25.6 0.03070 0.03066 0.57457   2254       3923.0 0.0211
7  0  25.6 0.03090 0.03086 0.60737   2244       3694.6 0.0211
7  0  25.6 0.03110 0.03105 0.67167   2242       3338.0 0.0211
7  0  25.6 0.03130 0.03135 0.75128   2308       3072.1 0.0208
7  0  25.6 0.03150 0.03154 0.82805   2334       2818.7 0.0207
7  0  25.6 0.03170 0.03174 0.82805   2226       2688.2 0.0212
7  0  25.6 0.03190 0.03193 0.88288   2384       2700.2 0.0205
7  0  25.6 0.03210 0.03213 0.92102   2298       2495.1 0.0209
7  0  25.6 0.03230 0.03232 0.94124   2224       2362.8 0.0212
7  0  25.6 0.03250 0.03252 0.97339   2248       2309.4 0.0211
7  0  25.6 0.03270 0.03271 0.99580   2268       2277.6 0.0210
7  0  25.6 0.03290 0.03291 1.03080   2290       2221.6 0.0209
7  0  25.6 0.03310 0.03311 1.05259   2244       2131.9 0.0211
7  0  25.6 0.03330 0.03330 1.07781   2244       2082.0 0.0211
7  0  25.6 0.03350 0.03350 1.14588   2338       2040.4 0.0207
7  0  25.6 0.03370 0.03369 1.14588   2268       1979.3 0.0210
7  0  25.6 0.03390 0.03389 1.20044   2274       1894.3 0.0210
7  0  25.6 0.03410 0.03408 1.20044   2292       1909.3 0.0209
7  0  25.6 0.03430 0.03428 1.21000   2022       1671.1 0.0222
7  0  25.6 0.03450 0.03447 1.21000   2142       1770.2 0.0216
7  0  25.6 0.03470 0.03467 1.21000   1972       1629.8 0.0225
7  0  25.6 0.03490 0.03486 1.21000   1942       1605.0 0.0227
7  0  25.6 0.03510 0.03506 1.21000   1818       1502.5 0.0235
7  0  25.6 0.03530 0.03525 1.21000   1760       1454.5 0.0238
7  0  25.6 0.03550 0.03555 1.21000   1726       1426.4 0.0241
7  0  25.6 0.03570 0.03574 1.21000   1646       1360.3 0.0246
7  0  25.6 0.03590 0.03594 1.21000   1594       1317.4 0.0250
7  0  25.6 0.03610 0.03613 1.21000   1488       1229.8 0.0259
7  0  25.6 0.03630 0.03633 1.21000   1490       1231.4 0.0259
7  0  25.6 0.03650 0.03652 1.21000   1432       1183.5 0.0264
7  0  25.6 0.03670 0.03672 1.21000   1278       1056.2 0.0280
7  0  25.6 0.03690 0.03691 1.21000   1222       1009.9 0.0286
7  0  25.6 0.03710 0.03711 1.21000   1090        900.8 0.0303
7  0  25.6 0.03730 0.03730 1.21000   1110        917.4 0.0300
7  0  25.6 0.03750 0.03750 1.21000    938        775.2 0.0327
7  0  25.6 0.03770 0.03770 1.21000    974        805.0 0.0320
7  0  25.6 0.03790 0.03789 1.21000    888        733.9 0.0336
7  0  25.6 0.03810 0.03809 1.21000    774        639.7 0.0359
7  0  25.6 0.03830 0.03828 1.21000    736        608.3 0.0369
7  0  25.6 0.03850 0.03848 1.21000    662        547.1 0.0389
7  0  25.6 0.03870 0.03867 1.21000    654        540.5 0.0391
7  0  25.6 0.03890 0.03887 1.21000    586        484.3 0.0413
7  0  25.6 0.03910 0.03906 1.21000    586        484.3 0.0413
7  0  25.6 0.03930 0.03926 1.21000    592        489.3 0.0411
7  0  25.6 0.03950 0.03945 1.21000    562        464.5 0.0422
7  0  25.6 0.03970 0.03975 1.21000    510        421.5 0.0443
7  0  25.6 0.03990 0.03994 1.21000    476        393.4 0.0458
7  1  25.6 0.00010 0.00010 1.21000     60         49.6 0.1291
7  1  25.6 0.00030 0.00029 1.21000     60         49.6 0.1291
7  1  25.6 0.00050 0.00049 1.21000     74         61.2 0.1162
7  1  25.6 0.00070 0.00068 1.21000     76         62.8 0.1147
7  1  25.6 0.00090 0.00088 1.21000    100         82.6 0.1000
7  1  25.7 0.00110 0.00107 1.21000     78         64.5 0.1132
7  1  25.7 0.00130 0.00127 1.21000     98         81.0 0.1010
7  1  25.7 0.00150 0.00146 1.21000    114         94.2 0.0937
7  1  25.7 0.00170 0.00166 1.21000    172        142.1 0.0762
7  1  25.7 0.00190 0.00186 1.21000    290        239.7 0.0587
7  1  25.7 0.00210 0.00215 1.21000    742        613.2 0.0367
7  1  25.7 0.00230 0.00234 1.21000   1944       1606.6 0.0227
7  1  25.7 0.00250 0.00254 1.21000   4434       3664.5 0.0150
7  1  25.7 0.00270 0.00273 1.21000  10038       8295.9 0.0100
7  1  25.7 0.00290 0.00293 1.21000  22758      18808.3 0.0066
7  1  25.7 0.00310 0.00313 1.21000  57940      47884.3 0.0042
7  1  25.7 0.00330 0.00332 0.61328  72186     117704.3 0.0037
7  1  25.7 0.00350 0.00352 0.33689  78818     233956.8 0.0036
7  1  25.7 0.00370 0.00371 0.16625  71958     432833.0 0.0037
7  1  25.7 0.00390 0.00391 0.09132  72448     793301.9 0.0037
7  1  25.7 0.00410 0.00410 0.05618  71986    1281267.1 0.0037
7  1  25.7 0.00430 0.00430 0.03868  71582    1850525.1 0.0037
7  1  25.7 0.00450 0.00449 0.02899  72266    2492708.1 0.0037
7  1  25.7 0.00470 0.00469 0.02261  71952    3182731.6 0.0037
7  1  25.7 0.00490 0.00488 0.01994  72362    3629783.9 0.0037
7  1  25.7 0.00510 0.00508 0.01994  78336    3929448.4 0.0036
7  1  25.7 0.00530 0.00527 0.01737  71792    4132967.8 0.0037
7  1  25.7 0.00550 0.00547 0.01737  74434    4285064.2 0.0037
7  1  25.7 0.00570 0.00566 0.01737  76038    4377404.3 0.0036
7  1  25.7 0.00590 0.00586 0.01737  77102    4438657.3 0.0036
7  1  25.7 0.00610 0.00605 0.01737  77906    4484942.5 0.0036
7  1  25.7 0.00630 0.00635 0.01737  78600    4524895.1 0.0036
7  1  25.7 0.00650 0.00654 0.01737  78858    4539747.8 0.0036
7  1  25.7 0.00670 0.00674 0.01737  78978    4546656.1 0.0036
7  1  25.7 0.00690 0.00693 0.01737  78980    4546771.2 0.0036
7  1  25.7 0.00710 0.00713 0.01737  78870    4540438.6 0.0036
7  1  25.7 0.00730 0.00732 0.01737  78600    4524895.1 0.0036
7  1  25.7 0.00750 0.00752 0.01737  78150    4498989.2 0.0036
7  1  25.7 0.00770 0.00771 0.01737  77464    4459497.1 0.0036
7  1  25.7 0.00790 0.00791 0.01737  76160    4384427.6 0.0036
7  1  25.7 0.00810 0.00811 0.01737  74482    4287827.5 0.0037
7  1  25.7 0.00830 0.00830 0.01737  72086    4149893.0 0.0037
7  1  25.7 0.00850 0.00850 0.01737  68566    3947251.4 0.0038
7  1  25.7 0.00870 0.00869 0.01737  63174    3636841.3 0.0040
7  1  25.7 0.00890 0.00889 0.01737  56584    3257463.9 0.0042
7  1  25.7 0.00910 0.00908 0.01737  48756    2806816.6 0.0045
7  1  25.7 0.00930 0.00928 0.01737  40554    2334638.6 0.0050
7  1  25.7 0.00950 0.00947 0.01737  31920    1837591.0 0.0056
7  1  25.7 0.00970 0.00967 0.01737  26714    1537888.7 0.0061
7  1  25.7 0.00990 0.00986 0.01737  23986    1380841.4 0.0065
7  1  25.7 0.01010 0.01006 0.01737  21676    1247857.8 0.0068
7  1  25.7 0.01030 0.01025 0.01737  20830    1199154.8 0.0069
7  1  25.7 0.01050 0.01055 0.01737  19972    1149760.9 0.0071
7  1  25.7 0.01070 0.01074 0.01737  19896    1145385.7 0.0071
7  1  25.7 0.01090 0.01094 0.01737  19902    1145731.1 0.0071
7  1  25.7 0.01110 0.01113 0.01737  19832    1141701.3 0.0071
7  1  25.7 0.01130 0.01133 0.01737  19698    1133987.1 0.0071
7  1  25.7 0.01150 0.01152 0.01737  19762    1137671.5 0.0071
7  1  25.7 0.01170 0.01172 0.01737  19738    1136289.8 0.0071
7  1  25.7 0.01190 0.01191 0.01737  19706    1134447.6 0.0071
7  1  25.7 0.01210 0.01211 0.01737  19782    1138822.8 0.0071
7  1  25.7 0.01230 0.01230 0.01737  19718    1135138.4 0.0071
7  1  25.7 0.01250 0.01250 0.01737  19658    1131684.3 0.0071
7  1  25.7 0.01270 0.01270 0.01737  19756    1137326.1 0.0071
7  1  25.7 0.01290 0.01289 0.01737  19772    1138247.2 0.0071
7  1  25.7 0.01310 0.01309 0.01737  19492    1122127.9 0.0072
7  1  25.7 0.01330 0.01328 0.01737  19506    1122933.9 0.0072
7  1  25.7 0.01350 0.01348 0.01737  19322    1112341.3 0.0072
7  1  25.7 0.01370 0.01367 0.01737  19244    1107850.9 0.0072
7  1  25.7 0.01390 0.01387 0.01737  18696    1076303.3 0.0073
7  1  25.7 0.01410 0.01406 0.01737  17852    1027715.4 0.0075
7  1  25.7 0.01430 0.01426 0.01737  16946     975558.2 0.0077
7  1  25.7 0.01450 0.01445 0.01737  15598     897955.6 0.0080
7  1  25.7 0.01470 0.01475 0.01737  13392     770959.2 0.0086
7  1  25.7 0.01490 0.01494 0.01737  11486     661233.4 0.0093
7  1  25.7 0.01510 0.01514 0.01737  10244     589733.1 0.0099
7  1  25.7 0.01530 0.01533 0.01737   8404     483806.9 0.0109
7  1  25.7 0.01550 0.01553 0.01737   7228     416106.1 0.0118
7  1  25.7 0.01570 0.01572 0.01737   5788     333207.3 0.0131
7  1  25.7 0.01590 0.01592 0.01737   4794     275984.1 0.0144
7  1  25.7 0.01610 0.01611 0.01737   4114     236837.4 0.0156
7  1  25.7 0.01630 0.01631 0.01737   3472     199878.3 0.0170
7  1  25.7 0.01650 0.01650 0.01737   3178     182953.1 0.0177
7  1  25.7 0.01670 0.01670 0.01737   2886     166143.1 0.0186
7  1  25.7 0.01690 0.01689 0.01737   2742     157853.2 0.0191
7  1  25.7 0.01710 0.01709 0.01737   2548     146684.9 0.0198
7  1  25.7 0.01730 0.01729 0.01737   2468     142079.4 0.0201
7  1  25.7 0.01750 0.01748 0.01737   2440     140467.5 0.0202
7  1  25.7 0.01770 0.01768 0.01737   2478     142655.1 0.0201
7  1  25.7 0.01790 0.01787 0.01750   2450     140027.6 0.0202
7  1  25.7 0.01810 0.01807 0.01750   2236     127796.6 0.0211
7  1  25.7 0.01830 0.01826 0.01750   2326     132940.4 0.0207
7  1  25.7 0.01850 0.01846 0.01750   2224     127110.7 0.0212
7  1  25.7 0.01870 0.01865 0.01778   2282     128320.2 0.0209
7  1  25.7 0.01890 0.01895 0.01816   2234     123020.4 0.0212
7  1  25.7 0.01910 0.01914 0.01816   2224     122469.8 0.0212
7  1  25.7 0.01930 0.01934 0.01909   2256     118193.6 0.0211
7  1  25.7 0.01950 0.01953 0.01933   2240     115876.6 0.0211
7  1  25.7 0.01970 0.01973 0.01933   2290     118463.1 0.0209
7  1  25.7 0.01990 0.01992 0.02009   2248     111894.2 0.0211
7  1  25.7 0.02010 0.02012 0.02094   2290     109367.9 0.0209
7  1  25.7 0.02030 0.02031 0.02094   2236     106788.9 0.0211
7  1  25.7 0.02050 0.02051 0.02213   2258     102015.7 0.0210
7  1  25.7 0.02070 0.02070 0.02360   2272      96263.9 0.0210
7  1  25.7 0.02090 0.02090 0.02502   2254      90085.8 0.0211
7  1  25.7 0.02110 0.02109 0.02502   2228      89046.6 0.0212
7  1  25.7 0.02130 0.02129 0.02668   2254      84490.9 0.0211
7  1  25.7 0.02150 0.02148 0.02911   2258      77555.7 0.0210
7  1  25.7 0.02170 0.02168 0.03149   2292      72786.3 0.0209
7  1  25.7 0.02190 0.02188 0.03570   2240      62747.3 0.0211
7  1  25.7 0.02210 0.02207 0.03923   2350      59903.4 0.0206
7  1  25.7 0.02230 0.02227 0.04257   2274      53412.2 0.0210
7  1  25.7 0.02250 0.02246 0.04927   2304      46761.6 0.0208
7  1  25.7 0.02270 0.02266 0.05632   2334      41443.9 0.0207
7  1  25.7 0.02290 0.02285 0.06516   2258      34654.9 0.0210
7  1  25.7 0.02310 0.02314 0.08115   2252      27749.8 0.0211
7  1  25.7 0.02330 0.02334 0.09343   2350      25151.8 0.0206
7  1  25.7 0.02350 0.02354 0.10508   2250      21412.0 0.0211
7  1  25.7 0.02370 0.02373 0.12098   2312      19110.7 0.0208
7  1  25.7 0.02390 0.02393 0.13116   2234      17032.2 0.0212
7  1  25.7 0.02410 0.02412 0.13998   2240      16001.9 0.0211
7  1  25.7 0.02430 0.02432 0.15292   2312      15118.8 0.0208
7  1  25.7 0.02450 0.02451 0.16238   2270      13979.8 0.0210
7  1  25.7 0.02470 0.02471 0.16642   2360      14180.8 0.0206
7  1  25.7 0.02490 0.02490 0.17643   2262      12821.2 0.0210
7  1  25.7 0.02510 0.02510 0.18319   2330      12719.3 0.0207
7  1  25.7 0.02530 0.02529 0.18468   2278      12334.7 0.0210
7  1  25.7 0.02550 0.02549 0.19298   2266      11742.1 0.0210
7  1  25.7 0.02570 0.02568 0.19298   2222      11514.1 0.0212
7  1  25.7 0.02590 0.02588 0.20216   2300      11377.2 0.0209
7  1  25.7 0.02610 0.02607 0.20493   2300      11223.6 0.0209
7  1  25.8 0.02630 0.02627 0.21197   2250      10614.5 0.0211
7  1  25.8 0.02650 0.02646 0.21665   2222      10256.0 0.0212
7  1  25.8 0.02670 0.02666 0.21665   2240      10339.1 0.0211
7  1  25.8 0.02690 0.02686 0.23077   2250       9750.0 0.0211
7  1  25.8 0.02710 0.02715 0.24194   2278       9415.4 0.0210
7  1  25.8 0.02730 0.02734 0.25966   2398       9235.2 0.0204
7  1  25.8 0.02750 0.02754 0.25966   2230       8588.2 0.0212
7  1  25.8 0.02770 0.02773 0.25966   2258       8696.0 0.0210
7  1  25.8 0.02790 0.02793 0.28436   2300       8088.3 0.0209
7  1  25.8 0.02810 0.02813 0.29596   2238       7561.9 0.0211
7  1  25.8 0.02830 0.02832 0.30305   2252       7431.2 0.0211
7  1  25.8 0.02850 0.02852 0.32127   2274       7078.3 0.0210
7  1  25.8 0.02870 0.02871 0.34456   2270       6588.2 0.0210
7  1  25.8 0.02890 0.02891 0.35249   2236       6343.5 0.0211
7  1  25.8 0.02910 0.02910 0.38805   2274       5860.1 0.0210
7  1  25.8 0.02930 0.02930 0.40861   2234       5467.3 0.0212
7  1  25.8 0.02950 0.02949 0.46237   2284       4939.8 0.0209
7  1  25.8 0.02970 0.02969 0.51784   2224       4294.8 0.0212
7  1  25.8 0.02990 0.02988 0.55479   2318       4178.2 0.0208
7  1  25.8 0.03010 0.03008 0.60277   2226       3693.0 0.0212
7  1  25.8 0.03030 0.03027 0.67373   2300       3413.8 0.0209
7  1  25.8 0.03050 0.03047 0.75914   2232       2940.2 0.0212
7  1  25.8 0.03070 0.03066 0.85425   2288       2678.4 0.0209
7  1  25.8 0.03090 0.03086 0.93566   2250       2404.7 0.0211
7  1  25.8 0.03110 0.03105 1.04369   2340       2242.1 0.0207
7  1  25.8 0.03130 0.03135 1.21000   2212       1828.1 0.0213
7  1  25.8 0.03150 0.03154 1.21000   2150       1776.9 0.0216
7  1  25.8 0.03170 0.03174 1.21000   1896       1566.9 0.0230
7  1  25.8 0.03190 0.03193 1.21000   1854       1532.2 0.0232
7  1  25.8 0.03210 0.03213 1.21000   1786       1476.0 0.0237
7  1  25.8 0.03230 0.03232 1.21000   1744       1441.3 0.0239
7  1  25.8 0.03250 0.03252 1.21000   1682       1390.1 0.0244
7  1  25.8 0.03270 0.03271 1.21000   1536       1269.4 0.0255
7  1  25.8 0.03290 0.03291 1.21000   1514       1251.2 0.0257
7  1  25.8 0.03310 0.03311 1.21000   1400       1157.0 0.0267
7  1  25.8 0.03330 0.03330 1.21000   1426       1178.5 0.0265
7  1  25.8 0.03350 0.03350 1.21000   1376       1137.2 0.0270
7  1  25.8 0.03370 0.03369 1.21000   1314       1086.0 0.0276
7  1  25.8 0.03390 0.03389 1.21000   1276       1054.5 0.0280
7  1  25.8 0.03410 0.03408 1.21000   1238       1023.1 0.0284
7  1  25.8 0.03430 0.03428 1.21000   1186        980.2 0.0290
7  1  25.8 0.03450 0.03447 1.21000   1212       1001.7 0.0287
7  1  25.8 0.03470 0.03467 1.21000   1172        968.6 0.0292
7  1  25.8 0.03490 0.03486 1.21000   1116        922.3 0.0299
7  1  25.8 0.03510 0.03506 1.21000   1056        872.7 0.0308
7  1  25.8 0.03530 0.03525 1.21000    996        823.1 0.0317
7  1  25.8 0.03550 0.03555 1.21000    982        811.6 0.0319
7  1  25.8 0.03570 0.03574 1.21000    950        785.1 0.0324
7  1  25.8 0.03590 0.03594 1.21000    936        773.6 0.0327
7  1  25.8 0.03610 0.03613 1.21000    886        732.2 0.0336
7  1  25.8 0.03630 0.03633 1.21000    886        732.2 0.0336
7  1  25.8 0.03650 0.03652 1.21000    808        667.8 0.0352
7  1  25.8 0.03670 0.03672 1.21000    788        651.2 0.0356
7  1  25.8 0.03690 0.03691 1.21000    738        609.9 0.0368
7  1  25.8 0.03710 0.03711 1.21000    734        606.6 0.0369
7  1  25.8 0.03730 0.03730 1.21000    680        562.0 0.0383
7  1  25.8 0.03750 0.03750 1.21000    636        525.6 0.0397
7  1  25.8 0.03770 0.03770 1.21000    592        489.3 0.0411
7  1  25.8 0.03790 0.03789 1.21000    564        466.1 0.0421
7  1  25.9 0.03810 0.03809 1.21000    506        418.2 0.0445
7  1  25.9 0.03830 0.03828 1.21000    488        403.3 0.0453
7  1  25.9 0.03850 0.03848 1.21000    500        413.2 0.0447
7  1  25.9 0.03870 0.03867 1.21000    412        340.5 0.0493
7  1  25.9 0.03890 0.03887 1.21000    400        330.6 0.0500
7  1  25.9 0.03910 0.03906 1.21000    394        325.6 0.0504
7  1  25.9 0.03930 0.03926 1.21000    394        325.6 0.0504
7  1  25.9 0.03950 0.03945 1.21000    380        314.0 0.0513
7  1  25.9 0.03970 0.03975 1.21000    348        287.6 0.0536
7  1  25.9 0.03990 0.03994 1.21000    370        305.8 0.0520
7  2  25.9 0.00010 0.00010 1.21000     56         46.3 0.1336
7  2  25.9 0.00030 0.00029 1.21000     52         43.0 0.1387
7  2  25.9 0.00050 0.00049 1.21000     60         49.6 0.1291
7  2  25.9 0.00070 0.00068 1.21000     52         43.0 0.1387
7  2  25.9 0.00090 0.00088 1.21000     60         49.6 0.1291
7  2  25.9 0.00110 0.00107 1.21000     76         62.8 0.1147
7  2  25.9 0.00130 0.00127 1.21000     62         51.2 0.1270
7  2  25.9 0.00150 0.00146 1.21000     84         69.4 0.1091
7  2  25.9 0.00170 0.00166 1.21000    122        100.8 0.0905
7  2  25.9 0.00190 0.00186 1.21000    206        170.2 0.0697
7  2  25.9 0.00210 0.00215 1.21000    602        497.5 0.0408
7  2  25.9 0.00230 0.00234 1.21000   1488       1229.8 0.0259
7  2  25.9 0.00250 0.00254 1.21000   3494       2887.6 0.0169
7  2  25.9 0.00270 0.00273 1.21000   8128       6717.4 0.0111
7  2  25.9 0.00290 0.00293 1.21000  18196      15038.0 0.0074
7  2  25.9 0.00310 0.00313 1.21000  47404      39176.9 0.0046
7  2  25.9 0.00330 0.00332 0.72371  72316      99924.7 0.0037
7  2  25.9 0.00350 0.00352 0.39755  79612     200256.9 0.0035
7  2  25.9 0.00370 0.00371 0.18810  72496     385422.0 0.0037
7  2  25.9 0.00390 0.00391 0.10333  73344     709835.7 0.0037
7  2  25.9 0.00410 0.00410 0.06171  71392    1156947.2 0.0037
7  2  25.9 0.00430 0.00430 0.04153  71628    1724777.8 0.0037
7  2  25.9 0.00450 0.00449 0.03042  71890    2362981.5 0.0037
7  2  25.9 0.00470 0.00469 0.02327  71860    3088243.3 0.0037
7  2  25.9 0.00490 0.00488 0.02033  71914    3537665.6 0.0037
7  2  25.9 0.00510 0.00508 0.02033  78670    3870013.6 0.0036
7  2  25.9 0.00530 0.00527 0.01757  71884    4092452.1 0.0037
7  2  25.9 0.00550 0.00547 0.01757  74766    4256528.3 0.0037
7  2  25.9 0.00570 0.00566 0.01757  76556    4358435.3 0.0036
7  2  25.9 0.00590 0.00586 0.01757  77750    4426411.4 0.0036
7  2  25.9 0.00610 0.00605 0.01757  78566    4472867.3 0.0036
7  2  25.9 0.00630 0.00635 0.01757  79318    4515679.7 0.0036
7  2  25.9 0.00650 0.00654 0.01757  79596    4531506.6 0.0035
7  2  25.9 0.00670 0.00674 0.01757  79750    4540274.0 0.0035
7  2  25.9 0.00690 0.00693 0.01757  79772    4541526.5 0.0035
7  2  25.9 0.00710 0.00713 0.01757  79666    4535491.8 0.0035
7  2  25.9 0.00730 0.00732 0.01757  79430    4522056.0 0.0035
7  2  25.9 0.00750 0.00752 0.01757  79022    4498828.0 0.0036
7  2  25.9 0.00770 0.00771 0.01757  78366    4461481.1 0.0036
7  2  25.9 0.00790 0.00791 0.01757  77130    4391113.9 0.0036
7  2  25.9 0.00810 0.00811 0.01757  75580    4302870.4 0.0036
7  2  25.9 0.00830 0.00830 0.01757  73282    4172042.2 0.0037
7  2  25.9 0.00850 0.00850 0.01757  69828    3975401.3 0.0038
7  2  25.9 0.00870 0.00869 0.01757  64582    3676739.5 0.0039
7  2  25.9 0.00890 0.00889 0.01757  57886    3295527.3 0.0042
7  2  25.9 0.00910 0.00908 0.01757  49960    2844289.5 0.0045
7  2  25.9 0.00930 0.00928 0.01757  41472    2361056.4 0.0049
7  2  25.9 0.00950 0.00947 0.01757  32512    1850951.6 0.0055
7  2  25.9 0.00970 0.00967 0.01757  26878    1530200.4 0.0061
7  2  25.9 0.00990 0.00986 0.01757  23436    1334242.8 0.0065
7  2  25.9 0.01010 0.01006 0.01757  21134    1203186.9 0.0069
7  2  25.9 0.01030 0.01025 0.01757  19930    1134641.5 0.0071
7  2  25.9 0.01050 0.01055 0.01757  19110    1087957.8 0.0072
7  2  25.9 0.01070 0.01074 0.01757  18896    1075774.5 0.0073
7  2  25.9 0.01090 0.01094 0.01757  18724    1065982.3 0.0073
7  2  25.9 0.01110 0.01113 0.01757  18652    1061883.3 0.0073
7  2  25.9 0.01130 0.01133 0.01757  18660    1062338.7 0.0073
7  2  25.9 0.01150 0.01152 0.01757  18734    1066551.6 0.0073
7  2  25.9 0.01170 0.01172 0.01757  18728    1066210.1 0.0073
7  2  25.9 0.01190 0.01191 0.01757  18524    1054596.1 0.0073
7  2  25.9 0.01210 0.01211 0.01757  18660    1062338.7 0.0073
7  2  25.9 0.01230 0.01230 0.01757  18782    1069284.3 0.0073
7  2  25.9 0.01250 0.01250 0.01757  18912    1076685.4 0.0073
7  2  25.9 0.01270 0.01270 0.01757  18608    1059378.3 0.0073
7  2  25.9 0.01290 0.01289 0.01757  18628    1060516.9 0.0073
7  2  25.9 0.01310 0.01309 0.01757  18676    1063249.6 0.0073
7  2  25.9 0.01330 0.01328 0.01757  18746    1067234.8 0.0073
7  2  25.9 0.01350 0.01348 0.01757  18452    1050497.0 0.0074
7  2  25.9 0.01370 0.01367 0.01757  18026    1026244.3 0.0074
7  2  25.9 0.01390 0.01387 0.01757  17762    1011214.4 0.0075
7  2  25.9 0.01410 0.01406 0.01757  17180     978080.3 0.0076
7  2  25.9 0.01430 0.01426 0.01757  16298     927866.9 0.0078
7  2  25.9 0.01450 0.01445 0.01757  15156     862851.3 0.0081
7  2  25.9 0.01470 0.01475 0.01757  13276     755820.4 0.0087
7  2  25.9 0.01490 0.01494 0.01757  11660     663819.4 0.0093
7  2  25.9 0.01510 0.01514 0.01757   9990     568744.0 0.0100
7  2  25.9 0.01530 0.01533 0.01757   8844     503500.7 0.0106
7  2  25.9 0.01550 0.01553 0.01757   7418     422316.6 0.0116
7  2  25.9 0.01570 0.01572 0.01757   6014     342385.1 0.0129
7  2  25.9 0.01590 0.01592 0.01757   4900     278963.5 0.0143
7  2  25.9 0.01610 0.01611 0.01757   4118     234443.2 0.0156
7  2  25.9 0.01630 0.01631 0.01757   3442     195957.7 0.0170
7  2  25.9 0.01650 0.01650 0.01757   2996     170566.3 0.0183
7  2  25.9 0.01670 0.01670 0.01757   2758     157016.6 0.0190
7  2  25.9 0.01690 0.01689 0.01757   2546     144947.2 0.0198
7  2  25.9 0.01710 0.01709 0.01757   2434     138570.9 0.0203
7  2  25.9 0.01730 0.01729 0.01757   2254     128323.2 0.0211
7  2  25.9 0.01750 0.01748 0.01757   2248     127981.6 0.0211
7  2  25.9 0.01770 0.01768 0.01881   2276     120974.0 0.0210
7  2  25.9 0.01790 0.01787 0.01881   2256     119910.9 0.0211
7  2  25.9 0.01810 0.01807 0.01919   2278     118693.6 0.0210
7  2  25.9 0.01830 0.01826 0.01919   2270     118276.8 0.0210
7  2  25.9 0.01850 0.01846 0.01960   2228     113685.2 0.0212
7  2  25.9 0.01870 0.01865 0.02031   2268     111663.8 0.0210
7  2  26.0 0.01890 0.01895 0.02031   2236     110088.3 0.0211
7  2  26.0 0.01910 0.01914 0.02080   2312     111166.2 0.0208
7  2  26.0 0.01930 0.01934 0.02134   2244     105177.4 0.0211
7  2  26.0 0.01950 0.01953 0.02134   2228     104427.4 0.0212
7  2  26.0 0.01970 0.01973 0.02236   2248     100528.1 0.0211
7  2  26.0 0.01990 0.01992 0.02236   2226      99544.3 0.0212
7  2  26.0 0.02010 0.02012 0.02337   2286      97810.8 0.0209
7  2  26.0 0.02030 0.02031 0.02461   2236      90849.1 0.0211
7  2  26.0 0.02050 0.02051 0.02499   2306      92259.6 0.0208
7  2  26.0 0.02070 0.02070 0.02545   2224      87377.1 0.0212
7  2  26.0 0.02090 0.02090 0.02674   2312      86471.3 0.0208
7  2  26.0 0.02110 0.02109 0.02858   2298      80400.0 0.0209
7  2  26.0 0.02130 0.02129 0.02858   2262      79140.5 0.0210
7  2  26.0 0.02150 0.02148 0.03080   2296      74545.7 0.0209
7  2  26.0 0.02170 0.02168 0.03198   2266      70856.6 0.0210
7  2  26.0 0.02190 0.02188 0.03588   2262      63045.3 0.0210
7  2  26.0 0.02210 0.02207 0.03904   2222      56921.8 0.0212
7  2  26.0 0.02230 0.02227 0.04260   2234      52438.7 0.0212
7  2  26.0 0.02250 0.02246 0.04686   2250      48013.0 0.0211
7  2  26.0 0.02270 0.02266 0.05230   2228      42596.7 0.0212
7  2  26.0 0.02290 0.02285 0.05948   2260      37997.1 0.0210
7  2  26.0 0.02310 0.02314 0.07537   2274      30172.8 0.0210
7  2  26.0 0.02330 0.02334 0.08225   2250      27355.3 0.0211
7  2  26.0 0.02350 0.02354 0.09509   2278      23956.4 0.0210
7  2  26.0 0.02370 0.02373 0.10891   2320      21301.7 0.0208
7  2  26.0 0.02390 0.02393 0.11941   2270      19009.4 0.0210
7  2  26.0 0.02410 0.02412 0.12720   2226      17500.0 0.0212
7  2  26.0 0.02430 0.02432 0.14006   2252      16078.3 0.0211
7  2  26.0 0.02450 0.02451 0.15050   2350      15615.1 0.0206
7  2  26.0 0.02470 0.02471 0.15396   2272      14757.1 0.0210
7  2  26.0 0.02490 0.02490 0.15664   2230      14236.6 0.0212
7  2  26.0 0.02510 0.02510 0.16978   2224      13099.3 0.0212
7  2  26.0 0.02530 0.02529 0.16978   2240      13193.5 0.0211
7  2  26.0 0.02550 0.02549 0.17812   2314      12991.4 0.0208
7  2  26.0 0.02570 0.02568 0.18023   2322      12883.8 0.0208
7  2  26.0 0.02590 0.02588 0.18120   2330      12858.4 0.0207
7  2  26.0 0.02610 0.02607 0.18658   2250      12059.3 0.0211
7  2  26.0 0.02630 0.02627 0.19391   2274      11727.1 0.0210
7  2  26.0 0.02650 0.02646 0.19391   2258      11644.6 0.0210
7  2  26.0 0.02670 0.02666 0.19892   2260      11361.2 0.0210
7  2  26.0 0.02690 0.02686 0.20988   2338      11139.7 0.0207
7  2  26.0 0.02710 0.02715 0.20988   2236      10653.7 0.0211
7  2  26.0 0.02730 0.02734 0.21853   2274      10405.7 0.0210
7  2  26.0 0.02750 0.02754 0.21853   2284      10451.5 0.0209
7  2  26.0 0.02770 0.02773 0.22900   2344      10235.6 0.0207
7  2  26.0 0.02790 0.02793 0.22900   2274       9930.0 0.0210
7  2  26.0 0.02810 0.02813 0.24701   2288       9262.7 0.0209
7  2  26.0 0.02830 0.02832 0.25865   2400       9278.8 0.0204
7  2  26.0 0.02850 0.02852 0.25982   2302       8859.9 0.0208
7  2  26.0 0.02870 0.02871 0.25982   2226       8567.4 0.0212
7  2  26.0 0.02890 0.02891 0.27797   2242       8065.6 0.0211
7  2  26.0 0.02910 0.02910 0.29107   2284       7846.9 0.0209
7  2  26.0 0.02930 0.02930 0.29805   2228       7475.3 0.0212
7  2  26.0 0.02950 0.02949 0.31839   2238       7029.0 0.0211
7  2  26.0 0.02970 0.02969 0.34511   2230       6461.7 0.0212
7  2  26.0 0.02990 0.02988 0.37814   2256       5966.0 0.0211
7  2  26.0 0.03010 0.03008 0.39447   2236       5668.3 0.0211
7  2  26.0 0.03030 0.03027 0.44241   2246       5076.7 0.0211
7  2  26.0 0.03050 0.03047 0.48018   2232       4648.3 0.0212
7  2  26.0 0.03070 0.03066 0.51050   2272       4450.5 0.0210
7  2  26.0 0.03090 0.03086 0.58081   2346       4039.2 0.0206
7  2  26.0 0.03110 0.03105 0.61692   2230       3614.8 0.0212
7  2  26.0 0.03130 0.03135 0.70493   2254       3197.5 0.0211
7  2  26.0 0.03150 0.03154 0.74375   2280       3065.5 0.0209
7  2  26.0 0.03170 0.03174 0.82477   2322       2815.3 0.0208
7  2  26.0 0.03190 0.03193 0.84845   2260       2663.7 0.0210
7  2  26.0 0.03210 0.03213 0.89523   2244       2506.6 0.0211
7  2  26.0 0.03230 0.03232 0.92596   2236       2414.8 0.0211
7  2  26.0 0.03250 0.03252 0.97327   2224       2285.1 0.0212
7  2  26.0 0.03270 0.03271 1.00288   2272       2265.5 0.0210
7  2  26.0 0.03290 0.03291 1.01661   2254       2217.2 0.0211
7  2  26.0 0.03310 0.03311 1.04870   2242       2137.9 0.0211
7  2  26.0 0.03330 0.03330 1.06793   2298       2151.8 0.0209
7  2  26.0 0.03350 0.03350 1.09756   2282       2079.1 0.0209
7  2  26.0 0.03370 0.03369 1.09756   2292       2088.3 0.0209
7  2  26.0 0.03390 0.03389 1.12802   2258       2001.7 0.0210
7  2  26.0 0.03410 0.03408 1.15293   2292       1988.0 0.0209
7  2  26.0 0.03430 0.03428 1.15293   2232       1935.9 0.0212
7  2  26.0 0.03450 0.03447 1.20532   2296       1904.9 0.0209
7  2  26.0 0.03470 0.03467 1.20532   2260       1875.0 0.0210
7  2  26.0 0.03490 0.03486 1.20532   2318       1923.1 0.0208
7  2  26.0 0.03510 0.03506 1.21000   2122       1753.7 0.0217
7  2  26.0 0.03530 0.03525 1.21000   2122       1753.7 0.0217
7  2  26.0 0.03550 0.03555 1.21000   2032       1679.3 0.0222
7  2  26.0 0.03570 0.03574 1.21000   2008       1659.5 0.0223
7  2  26.0 0.03590 0.03594 1.21000   2036       1682.6 0.0222
7  2  26.0 0.03610 0.03613 1.21000   1882       1555.4 0.0231
7  2  26.0 0.03630 0.03633 1.21000   1882       1555.4 0.0231
7  2  26.0 0.03650 0.03652 1.21000   1892       1563.6 0.0230
7  2  26.1 0.03670 0.03672 1.21000   1804       1490.9 0.0235
7  2  26.1 0.03690 0.03691 1.21000   1670       1380.2 0.0245
7  2  26.1 0.03710 0.03711 1.21000   1656       1368.6 0.0246
7  2  26.1 0.03730 0.03730 1.21000   1540       1272.7 0.0255
7  2  26.1 0.03750 0.03750 1.21000   1520       1256.2 0.0256
7  2  26.1 0.03770 0.03770 1.21000   1496       1236.4 0.0259
7  2  26.1 0.03790 0.03789 1.21000   1346       1112.4 0.0273
7  2  26.1 0.03810 0.03809 1.21000   1308       1081.0 0.0277
7  2  26.1 0.03830 0.03828 1.21000   1194        986.8 0.0289
7  2  26.1 0.03850 0.03848 1.21000   1070        884.3 0.0306
7  2  26.1 0.03870 0.03867 1.21000   1056        872.7 0.0308
7  2  26.1 0.03890 0.03887 1.21000   1032        852.9 0.0311
7  2  26.1 0.03910 0.03906 1.21000    972        803.3 0.0321
7  2  26.1 0.03930 0.03926 1.21000    978        808.3 0.0320
7  2  26.1 0.03950 0.03945 1.21000    836        690.9 0.0346
7  2  26.1 0.03970 0.03975 1.21000    818        676.0 0.0350
7  2  26.1 0.03990 0.03994 1.21000    834        689.3 0.0346
7  3  26.1 0.00010 0.00010 1.21000      8          6.6 0.3536
7  3  26.1 0.00030 0.00029 1.21000      6          5.0 0.4082
7  3  26.1 0.00050 0.00049 1.21000     12          9.9 0.2887
7  3  26.1 0.00070 0.00068 1.21000      8          6.6 0.3536
7  3  26.1 0.00090 0.00088 1.21000     18         14.9 0.2357
7  3  26.1 0.00110 0.00107 1.21000     26         21.5 0.1961
7  3  26.1 0.00130 0.00127 1.21000     26         21.5 0.1961
7  3  26.1 0.00150 0.00146 1.21000     30         24.8 0.1826
7  3  26.1 0.00170 0.00166 1.21000     54         44.6 0.1361
7  3  26.1 0.00190 0.00186 1.21000    112         92.6 0.0945
7  3  26.1 0.00210 0.00215 1.21000    482        398.3 0.0455
7  3  26.1 0.00230 0.00234 1.21000   1312       1084.3 0.0276
7  3  26.1 0.00250 0.00254 1.21000   3042       2514.0 0.0181
7  3  26.1 0.00270 0.00273 1.21000   7102       5869.4 0.0119
7  3  26.1 0.00290 0.00293 1.21000  16452      13596.7 0.0078
7  3  26.1 0.00310 0.00313 1.21000  42266      34930.6 0.0049
7  3  26.1 0.00330 0.00332 0.79437  71824      90416.8 0.0037
7  3  26.1 0.00350 0.00352 0.43636  79964     183250.4 0.0035
7  3  26.1 0.00370 0.00371 0.20486  71304     348058.2 0.0037
7  3  26.1 0.00390 0.00391 0.11254  74056     658065.4 0.0037
7  3  26.1 0.00410 0.00410 0.06587  71960    1092483.7 0.0037
7  3  26.1 0.00430 0.00430 0.04382  71858    1639736.1 0.0037
7  3  26.1 0.00450 0.00449 0.03152  71712    2275329.5 0.0037
7  3  26.1 0.00470 0.00469 0.02384  71974    3019482.8 0.0037
7  3  26.1 0.00490 0.00488 0.02064  72324    3503956.2 0.0037
7  3  26.1 0.00510 0.00508 0.02064  79400    3846774.5 0.0035
7  3  26.1 0.00530 0.00527 0.01762  72266    4100912.0 0.0037
7  3  26.1 0.00550 0.00547 0.01762  75272    4271494.9 0.0036
7  3  26.1 0.00570 0.00566 0.01762  77168    4379088.1 0.0036
7  3  26.1 0.00590 0.00586 0.01762  78414    4449795.4 0.0036
7  3  26.1 0.00610 0.00605 0.01762  79268    4498257.7 0.0036
7  3  26.1 0.00630 0.00635 0.01585  71896    4535279.3 0.0037
7  3  26.1 0.00650 0.00654 0.01585  72158    4551806.6 0.0037
7  3  26.1 0.00670 0.00674 0.01585  72326    4562404.2 0.0037
7  3  26.1 0.00690 0.00693 0.01585  72356    4564296.6 0.0037
7  3  26.1 0.00710 0.00713 0.01585  72272    4558997.8 0.0037
7  3  26.1 0.00730 0.00732 0.01585  72054    4545246.1 0.0037
7  3  26.1 0.00750 0.00752 0.01585  71718    4524050.9 0.0037
7  3  26.1 0.00770 0.00771 0.01585  71174    4489734.8 0.0037
7  3  26.1 0.00790 0.00791 0.01585  70100    4421985.7 0.0038
7  3  26.1 0.00810 0.00811 0.01585  68696    4333419.8 0.0038
7  3  26.1 0.00830 0.00830 0.01585  66718    4208645.4 0.0039
7  3  26.1 0.00850 0.00850 0.01585  63732    4020285.2 0.0040
7  3  26.1 0.00870 0.00869 0.01585  59190    3733770.8 0.0041
7  3  26.1 0.00890 0.00889 0.01585  53256    3359447.5 0.0043
7  3  26.1 0.00910 0.00908 0.01585  46090    2907408.3 0.0047
7  3  26.1 0.00930 0.00928 0.01585  38058    2400740.8 0.0051
7  3  26.1 0.00950 0.00947 0.01585  29656    1870733.3 0.0058
7  3  26.1 0.00970 0.00967 0.01585  24302    1532997.1 0.0064
7  3  26.1 0.00990 0.00986 0.01585  20748    1308806.8 0.0069
7  3  26.1 0.01010 0.01006 0.01585  18774    1184284.7 0.0073
7  3  26.1 0.01030 0.01025 0.01585  17476    1102405.4 0.0076
7  3  26.1 0.01050 0.01055 0.01585  16776    1058248.7 0.0077
7  3  26.1 0.01070 0.01074 0.01585  16594    1046767.9 0.0078
7  3  26.1 0.01090 0.01094 0.01585  16434    1036674.9 0.0078
7  3  26.1 0.01110 0.01113 0.01585  16562    1044749.3 0.0078
7  3  26.1 0.01130 0.01133 0.01585  16636    1049417.3 0.0078
7  3  26.1 0.01150 0.01152 0.01585  16384    1033520.9 0.0078
7  3  26.1 0.01170 0.01172 0.01585  16306    1028600.5 0.0078
7  3  26.1 0.01190 0.01191 0.01585  16246    1024815.7 0.0078
7  3  26.1 0.01210 0.01211 0.01585  16420    1035791.8 0.0078
7  3  26.1 0.01230 0.01230 0.01585  16362    1032133.1 0.0078
7  3  26.1 0.01250 0.01250 0.01585  16240    1024437.2 0.0078
7  3  26.1 0.01270 0.01270 0.01585  15962    1006900.6 0.0079
7  3  26.1 0.01290 0.01289 0.01585  15710     991004.2 0.0080
7  3  26.1 0.01310 0.01309 0.01585  15230     960725.3 0.0081
7  3  26.1 0.01330 0.01328 0.01585  14408     908872.6 0.0083
7  3  26.1 0.01350 0.01348 0.01585  13674     862571.1 0.0086
7  3  26.1 0.01370 0.01367 0.01585  12576     793308.0 0.0089
7  3  26.1 0.01390 0.01387 0.01585  11450     722278.7 0.0093
7  3  26.1 0.01410 0.01406 0.01585   9934     626647.7 0.0100
7  3  26.1 0.01430 0.01426 0.01585   8818     556249.2 0.0106
7  3  26.1 0.01450 0.01445 0.01585   7542     475757.7 0.0115
7  3  26.1 0.01470 0.01475 0.01585   6334     399555.7 0.0126
7  3  26.1 0.01490 0.01494 0.01585   5130     323606.1 0.0140
7  3  26.1 0.01510 0.01514 0.01585   4606     290551.6 0.0147
7  3  26.1 0.01530 0.01533 0.01585   3998     252198.3 0.0158
7  3  26.1 0.01550 0.01553 0.01585   3858     243366.9 0.0161
7  3  26.1 0.01570 0.01572 0.01585   3448     217503.7 0.0170
7  3  26.1 0.01590 0.01592 0.01585   3252     205139.8 0.0175
7  3  26.1 0.01610 0.01611 0.01585   3142     198200.8 0.0178
7  3  26.1 0.01630 0.01631 0.01585   3130     197443.9 0.0179
7  3  26.1 0.01650 0.01650 0.01585   3160     199336.3 0.0178
7  3  26.1 0.01670 0.01670 0.01585   3022     190631.1 0.0182
7  3  26.1 0.01690 0.01689 0.01585   3082     194416.0 0.0180
7  3  26.1 0.01710 0.01709 0.01585   2912     183692.2 0.0185
7  3  26.1 0.01730 0.01729 0.01585   2996     188991.0 0.0183
7  3  26.1 0.01750 0.01748 0.01585   2834     178771.9 0.0188
7  3  26.1 0.01770 0.01768 0.01585   2998     189117.2 0.0183
7  3  26.1 0.01790 0.01787 0.01585   2810     177257.9 0.0189
7  3  26.1 0.01810 0.01807 0.01585   2896     182682.9 0.0186
7  3  26.1 0.01830 0.01826 0.01585   2754     173725.4 0.0191
7  3  26.1 0.01850 0.01846 0.01585   2738     172716.1 0.0191
7  3  26.1 0.01870 0.01865 0.01585   2682     169183.5 0.0193
7  3  26.1 0.01890 0.01895 0.01585   2612     164767.9 0.0196
7  3  26.1 0.01910 0.01914 0.01585   2526     159342.9 0.0199
7  3  26.1 0.01930 0.01934 0.01585   2448     154422.6 0.0202
7  3  26.1 0.01950 0.01953 0.01585   2276     143572.6 0.0210
7  3  26.1 0.01970 0.01973 0.01585   2292     144581.9 0.0209
7  3  26.1 0.01990 0.01992 0.01647   2318     140742.2 0.0208
7  3  26.1 0.02010 0.02012 0.01748   2240     128171.6 0.0211
7  3  26.1 0.02030 0.02031 0.01930   2270     117612.5 0.0210
7  3  26.1 0.02050 0.02051 0.02093   2250     107491.2 0.0211
7  3  26.1 0.02070 0.02070 0.02307   2226      96485.5 0.0212
7  3  26.1 0.02090 0.02090 0.02587   2282      88208.0 0.0209
7  3  26.1 0.02110 0.02109 0.03007   2376      79028.2 0.0205
7  3  26.1 0.02130 0.02129 0.03291   2348      71348.7 0.0206
7  3  26.1 0.02150 0.02148 0.03631   2268      62466.4 0.0210
7  3  26.1 0.02170 0.02168 0.04042   2298      56855.2 0.0209
7  3  26.1 0.02190 0.02188 0.04492   2304      51286.6 0.0208
7  3  26.1 0.02210 0.02207 0.04773   2248      47093.7 0.0211
7  3  26.1 0.02230 0.02227 0.05096   2316      45447.1 0.0208
7  3  26.1 0.02250 0.02246 0.05280   2298      43521.5 0.0209
7  3  26.1 0.02270 0.02266 0.05482   2294      41842.4 0.0209
7  3  26.1 0.02290 0.02285 0.05675   2274      40071.1 0.0210
7  3  26.1 0.02310 0.02314 0.05821   2282      39204.1 0.0209
7  3  26.1 0.02330 0.02334 0.05988   2250      37575.8 0.0211
7  3  26.1 0.02350 0.02354 0.05988   2246      37509.0 0.0211
7  3  26.1 0.02370 0.02373 0.06164   2228      36144.2 0.0212
7  3  26.1 0.02390 0.02393 0.06164   2300      37312.2 0.0209
7  3  26.1 0.02410 0.02412 0.06164   2224      36079.3 0.0212
7  3  26.1 0.02430 0.02432 0.06341   2290      36113.4 0.0209
7  3  26.1 0.02450 0.02451 0.06341   2274      35861.1 0.0210
7  3  26.1 0.02470 0.02471 0.06517   2238      34340.3 0.0211
7  3  26.1 0.02490 0.02490 0.06692   2290      34221.0 0.0209
7  3  26.1 0.02510 0.02510 0.06692   2274      33981.9 0.0210
7  3  26.1 0.02530 0.02529 0.06890   2256      32741.9 0.0211
7  3  26.1 0.02550 0.02549 0.06915   2268      32797.6 0.0210
7  3  26.1 0.02570 0.02568 0.07106   2246      31605.1 0.0211
7  3  26.1 0.02590 0.02588 0.07358   2268      30823.1 0.0210
7  3  26.1 0.02610 0.02607 0.07358   2260      30714.4 0.0210
7  3  26.1 0.02630 0.02627 0.08047   2332      28980.8 0.0207
7  3  26.1 0.02650 0.02646 0.08047   2234      27762.9 0.0212
7  3  26.1 0.02670 0.02666 0.08629   2294      26584.1 0.0209
7  3  26.2 0.02690 0.02686 0.09209   2292      24887.4 0.0209
7  3  26.2 0.02710 0.02715 0.10013   2256      22530.6 0.0211
7  3  26.2 0.02730 0.02734 0.10917   2278      20866.4 0.0210
7  3  26.2 0.02750 0.02754 0.11787   2268      19241.5 0.0210
7  3  26.2 0.02770 0.02773 0.12776   2238      17517.2 0.0211
7  3  26.2 0.02790 0.02793 0.14441   2308      15982.3 0.0208
7  3  26.2 0.02810 0.02813 0.16190   2350      14515.5 0.0206
7  3  26.2 0.02830 0.02832 0.17290   2278      13175.3 0.0210
7  3  26.2 0.02850 0.02852 0.18417   2244      12184.3 0.0211
7  3  26.2 0.02870 0.02871 0.20324   2254      11090.4 0.0211
7  3  26.2 0.02890 0.02891 0.21877   2350      10741.7 0.0206
7  3  26.2 0.02910 0.02910 0.22505   2234       9926.6 0.0212
7  3  26.2 0.02930 0.02930 0.24275   2354       9697.2 0.0206
7  3  26.2 0.02950 0.02949 0.24275   2224       9161.7 0.0212
7  3  26.2 0.02970 0.02969 0.25661   2242       8737.0 0.0211
7  3  26.2 0.02990 0.02988 0.25661   2236       8713.6 0.0211
7  3  26.2 0.03010 0.03008 0.25941   2228       8588.7 0.0212
7  3  26.2 0.03030 0.03027 0.27580   2270       8230.7 0.0210
7  3  26.2 0.03050 0.03047 0.27580   2328       8441.1 0.0207
7  3  26.2 0.03070 0.03066 0.27906   2248       8055.6 0.0211
7  3  26.2 0.03090 0.03086 0.29030   2314       7971.2 0.0208
7  3  26.2 0.03110 0.03105 0.29030   2288       7881.6 0.0209
7  3  26.2 0.03130 0.03135 0.29802   2280       7650.5 0.0209
7  3  26.2 0.03150 0.03154 0.29802   2268       7610.2 0.0210
7  3  26.2 0.03170 0.03174 0.30127   2262       7508.1 0.0210
7  3  26.2 0.03190 0.03193 0.31872   2306       7235.3 0.0208
7  3  26.2 0.03210 0.03213 0.31872   2280       7153.7 0.0209
7  3  26.2 0.03230 0.03232 0.31872   2284       7166.2 0.0209
7  3  26.2 0.03250 0.03252 0.33468   2366       7069.4 0.0206
7  3  26.2 0.03270 0.03271 0.33468   2230       6663.0 0.0212
7  3  26.2 0.03290 0.03291 0.35321   2304       6523.0 0.0208
7  3  26.2 0.03310 0.03311 0.35805   2278       6362.3 0.0210
7  3  26.2 0.03330 0.03330 0.37885   2272       5997.2 0.0210
7  3  26.2 0.03350 0.03350 0.39146   2344       5987.8 0.0207
7  3  26.2 0.03370 0.03369 0.41263   2350       5695.2 0.0206
7  3  26.2 0.03390 0.03389 0.45300   2252       4971.3 0.0211
7  3  26.2 0.03410 0.03408 0.46730   2228       4767.9 0.0212
7  3  26.2 0.03430 0.03428 0.50949   2268       4451.5 0.0210
7  3  26.2 0.03450 0.03447 0.54637   2286       4184.0 0.0209
7  3  26.2 0.03470 0.03467 0.61068   2270       3717.1 0.0210
7  3  26.2 0.03490 0.03486 0.66517   2266       3406.7 0.0210
7  3  26.2 0.03510 0.03506 0.71142   2242       3151.5 0.0211
7  3  26.2 0.03530 0.03525 0.74989   2264       3019.1 0.0210
7  3  26.2 0.03550 0.03555 0.84010   2280       2714.0 0.0209
7  3  26.2 0.03570 0.03574 0.89205   2290       2567.1 0.0209
7  3  26.2 0.03590 0.03594 0.92883   2228       2398.7 0.0212
7  3  26.2 0.03610 0.03613 0.92883   2238       2409.5 0.0211
7  3  26.2 0.03630 0.03633 1.01269   2312       2283.0 0.0208
7  3  26.2 0.03650 0.03652 1.02003   2278       2233.3 0.0210
7  3  26.2 0.03670 0.03672 1.02003   2222       2178.4 0.0212
7  3  26.2 0.03690 0.03691 1.10799   2336       2108.3 0.0207
7  3  26.2 0.03710 0.03711 1.10799   2256       2036.1 0.0211
7  3  26.2 0.03730 0.03730 1.10799   2252       2032.5 0.0211
7  3  26.2 0.03750 0.03750 1.14190   2294       2008.9 0.0209
7  3  26.2 0.03770 0.03770 1.16177   2326       2002.1 0.0207
7  3  26.2 0.03790 0.03789 1.19600   2236       1869.6 0.0211
7  3  26.2 0.03810 0.03809 1.20032   2292       1909.5 0.0209
7  3  26.2 0.03830 0.03828 1.21000   2204       1821.5 0.0213
7  3  26.2 0.03850 0.03848 1.21000   2208       1824.8 0.0213
7  3  26.2 0.03870 0.03867 1.21000   2176       1798.3 0.0214
7  3  26.2 0.03890 0.03887 1.21000   2090       1727.3 0.0219
7  3  26.2 0.03910 0.03906 1.21000   1976       1633.1 0.0225
7  3  26.2 0.03930 0.03926 1.21000   1998       1651.2 0.0224
7  3  26.2 0.03950 0.03945 1.21000   1974       1631.4 0.0225
7  3  26.2 0.03970 0.03975 1.21000   1798       1486.0 0.0236
7  3  26.2 0.03990 0.03994 1.21000   1844       1524.0 0.0233
