# Scan Time    : Fri, 18 Mar 2022 02:23:02 +0000 (GMT) +683791000 nsec
# Board Lane   : 0
# Board Loc    : Bore Paddle
# SiPM Biases  :  56.865  57.338  57.031  57.133
# SiPM Currents:   1.592   1.569   1.370   1.260
#
4 -1  25.8 0.00010 0.00010 0.08100  71488     882583.9 0.0037
4 -1  25.8 0.00030 0.00029 0.04810  72130    1499544.6 0.0037
4 -1  25.8 0.00050 0.00049 0.02822  72048    2552860.0 0.0037
4 -1  25.8 0.00070 0.00068 0.01838  71778    3906215.7 0.0037
4 -1  25.8 0.00090 0.00088 0.01310  72332    5519548.9 0.0037
4 -1  25.9 0.00110 0.00107 0.01016  71922    7075742.3 0.0037
4 -1  25.8 0.00130 0.00127 0.00833  72344    8680683.5 0.0037
4 -1  25.8 0.00150 0.00146 0.00730  72046    9866261.9 0.0037
4 -1  25.8 0.00170 0.00166 0.00730  79388   10871704.2 0.0035
4 -1  25.8 0.00190 0.00186 0.00621  71610   11536321.6 0.0037
4 -1  25.8 0.00210 0.00215 0.00621  76162   12269645.6 0.0036
4 -1  25.8 0.00230 0.00234 0.00621  78486   12644040.4 0.0036
4 -1  25.9 0.00250 0.00254 0.00558  71720   12858044.6 0.0037
4 -1  25.9 0.00270 0.00273 0.00558  72764   13045214.1 0.0037
4 -1  25.9 0.00290 0.00293 0.00558  73580   13191507.5 0.0037
4 -1  25.9 0.00310 0.00313 0.00558  74050   13275769.7 0.0037
4 -1  25.9 0.00330 0.00332 0.00558  74238   13309474.5 0.0037
4 -1  25.9 0.00350 0.00352 0.00558  74124   13289036.5 0.0037
4 -1  25.9 0.00370 0.00371 0.00558  73650   13204057.2 0.0037
4 -1  25.9 0.00390 0.00391 0.00558  72870   13064217.9 0.0037
4 -1  25.9 0.00410 0.00410 0.00558  71346   12790993.4 0.0037
4 -1  25.9 0.00430 0.00430 0.00558  69388   12439960.9 0.0038
4 -1  25.9 0.00450 0.00449 0.00558  66242   11875942.4 0.0039
4 -1  25.9 0.00470 0.00469 0.00558  61824   11083878.3 0.0040
4 -1  25.9 0.00490 0.00488 0.00558  56238   10082413.7 0.0042
4 -1  25.9 0.00510 0.00508 0.00558  50258    9010312.4 0.0045
4 -1  25.9 0.00530 0.00527 0.00558  43704    7835303.7 0.0048
4 -1  25.9 0.00550 0.00547 0.00558  38884    6971168.5 0.0051
4 -1  25.9 0.00570 0.00566 0.00558  34970    6269462.1 0.0053
4 -1  25.9 0.00590 0.00586 0.00558  31914    5721578.8 0.0056
4 -1  25.9 0.00610 0.00605 0.00558  30282    5428992.0 0.0057
4 -1  25.9 0.00630 0.00635 0.00558  28796    5162580.2 0.0059
4 -1  25.9 0.00650 0.00654 0.00558  28670    5139990.8 0.0059
4 -1  25.9 0.00670 0.00674 0.00558  28136    5044254.6 0.0060
4 -1  25.9 0.00690 0.00693 0.00558  27852    4993338.8 0.0060
4 -1  25.9 0.00710 0.00713 0.00558  27554    4939913.0 0.0060
4 -1  25.9 0.00730 0.00732 0.00558  27582    4944932.9 0.0060
4 -1  25.9 0.00750 0.00752 0.00558  27630    4953538.4 0.0060
4 -1  25.9 0.00770 0.00771 0.00558  27450    4921267.8 0.0060
4 -1  25.9 0.00790 0.00791 0.00558  27278    4890431.4 0.0061
4 -1  25.9 0.00810 0.00811 0.00558  27186    4873937.5 0.0061
4 -1  25.9 0.00830 0.00830 0.00558  27014    4843101.2 0.0061
4 -1  25.9 0.00850 0.00850 0.00558  27180    4872861.9 0.0061
4 -1  25.9 0.00870 0.00869 0.00558  27322    4898319.8 0.0060
4 -1  25.9 0.00890 0.00889 0.00558  27168    4870710.5 0.0061
4 -1  25.9 0.00910 0.00908 0.00558  27006    4841666.9 0.0061
4 -1  25.9 0.00930 0.00928 0.00558  27070    4853140.9 0.0061
4 -1  25.9 0.00950 0.00947 0.00558  27002    4840949.8 0.0061
4 -1  25.9 0.00970 0.00967 0.00558  26520    4754536.3 0.0061
4 -1  25.9 0.00990 0.00986 0.00558  26494    4749875.0 0.0061
4 -1  25.9 0.01010 0.01006 0.00558  26034    4667405.6 0.0062
4 -1  25.9 0.01030 0.01025 0.00558  25568    4583860.6 0.0063
4 -1  25.9 0.01050 0.01055 0.00558  24064    4314221.8 0.0064
4 -1  25.9 0.01070 0.01074 0.00558  23030    4128845.0 0.0066
4 -1  25.9 0.01090 0.01094 0.00558  21912    3928408.7 0.0068
4 -1  25.9 0.01110 0.01113 0.00558  20038    3592435.8 0.0071
4 -1  25.9 0.01130 0.01133 0.00558  18244    3270805.4 0.0074
4 -1  25.9 0.01150 0.01152 0.00558  16518    2961366.2 0.0078
4 -1  25.9 0.01170 0.01172 0.00558  14708    2636867.3 0.0082
4 -1  25.9 0.01190 0.01191 0.00558  13082    2345356.1 0.0087
4 -1  25.9 0.01210 0.01211 0.00558  11658    2090059.7 0.0093
4 -1  25.9 0.01230 0.01230 0.00558  10402    1864882.6 0.0098
4 -1  25.9 0.01250 0.01250 0.00558   9128    1636478.4 0.0105
4 -1  25.9 0.01270 0.01270 0.00558   8480    1520304.2 0.0109
4 -1  25.9 0.01290 0.01289 0.00558   7860    1409149.9 0.0113
4 -1  25.9 0.01310 0.01309 0.00558   7372    1321660.7 0.0116
4 -1  25.9 0.01330 0.01328 0.00558   6862    1230227.3 0.0121
4 -1  25.9 0.01350 0.01348 0.00558   6590    1181462.8 0.0123
4 -1  25.9 0.01370 0.01367 0.00558   6252    1120865.8 0.0126
4 -1  25.9 0.01390 0.01387 0.00558   6100    1093615.1 0.0128
4 -1  25.9 0.01410 0.01406 0.00558   5836    1046284.8 0.0131
4 -1  25.9 0.01430 0.01426 0.00558   5774    1035169.4 0.0132
4 -1  25.9 0.01450 0.01445 0.00558   5670    1016524.2 0.0133
4 -1  25.9 0.01470 0.01475 0.00558   5264     943736.0 0.0138
4 -1  25.9 0.01490 0.01494 0.00558   5186     929752.1 0.0139
4 -1  25.9 0.01510 0.01514 0.00558   5092     912899.7 0.0140
4 -1  25.9 0.01530 0.01533 0.00558   4796     859832.4 0.0144
4 -1  25.9 0.01550 0.01553 0.00558   4794     859473.9 0.0144
4 -1  25.9 0.01570 0.01572 0.00558   4550     815729.3 0.0148
4 -1  25.9 0.01590 0.01592 0.00558   4578     820749.1 0.0148
4 -1  25.9 0.01610 0.01611 0.00558   4270     765530.5 0.0153
4 -1  25.9 0.01630 0.01631 0.00558   4294     769833.3 0.0153
4 -1  25.9 0.01650 0.01650 0.00558   4084     732184.2 0.0156
4 -1  25.9 0.01670 0.01670 0.00558   3964     710670.5 0.0159
4 -1  25.9 0.01690 0.01689 0.00558   3784     678399.9 0.0163
4 -1  25.9 0.01710 0.01709 0.00558   3712     665491.7 0.0164
4 -1  25.9 0.01730 0.01729 0.00558   3520     631069.7 0.0169
4 -1  25.9 0.01750 0.01748 0.00558   3396     608838.8 0.0172
4 -1  25.9 0.01770 0.01768 0.00558   3272     586607.9 0.0175
4 -1  25.9 0.01790 0.01787 0.00558   3112     557923.0 0.0179
4 -1  25.9 0.01810 0.01807 0.00558   2942     527445.2 0.0184
4 -1  25.9 0.01830 0.01826 0.00558   2706     485134.8 0.0192
4 -1  25.9 0.01850 0.01846 0.00558   2482     444975.8 0.0201
4 -1  25.9 0.01870 0.01865 0.00558   2376     425972.0 0.0205
4 -1  25.9 0.01890 0.01895 0.00598   2238     374145.4 0.0211
4 -1  25.9 0.01910 0.01914 0.00665   2288     343918.9 0.0209
4 -1  25.9 0.01930 0.01934 0.00723   2252     311695.1 0.0211
4 -1  25.9 0.01950 0.01953 0.00794   2250     283516.3 0.0211
4 -1  25.9 0.01970 0.01973 0.00925   2290     247640.6 0.0209
4 -1  25.9 0.01990 0.01992 0.00984   2290     232715.2 0.0209
4 -1  25.9 0.02010 0.02012 0.01066   2258     211907.6 0.0210
4 -1  25.9 0.02030 0.02031 0.01152   2224     193124.1 0.0212
4 -1  25.9 0.02050 0.02051 0.01232   2298     186543.6 0.0209
4 -1  25.9 0.02070 0.02070 0.01344   2238     166462.2 0.0211
4 -1  25.9 0.02090 0.02090 0.01447   2296     158623.8 0.0209
4 -1  25.9 0.02110 0.02109 0.01478   2224     150468.7 0.0212
4 -1  25.9 0.02130 0.02129 0.01585   2264     142834.6 0.0210
4 -1  25.9 0.02150 0.02148 0.01656   2236     134988.8 0.0211
4 -1  25.9 0.02170 0.02168 0.01798   2346     130442.6 0.0206
4 -1  25.9 0.02190 0.02188 0.01798   2274     126439.3 0.0210
4 -1  25.9 0.02210 0.02207 0.01887   2236     118480.7 0.0211
4 -1  25.9 0.02230 0.02227 0.01968   2232     113422.6 0.0212
4 -1  25.9 0.02250 0.02246 0.02049   2310     112764.7 0.0208
4 -1  25.9 0.02270 0.02266 0.02113   2242     106095.9 0.0211
4 -1  25.9 0.02290 0.02285 0.02148   2244     104476.9 0.0211
4 -1  25.9 0.02310 0.02314 0.02339   2236      95577.5 0.0211
4 -1  25.9 0.02330 0.02334 0.02426   2266      93408.4 0.0210
4 -1  25.9 0.02350 0.02354 0.02521   2248      89163.3 0.0211
4 -1  25.9 0.02370 0.02373 0.02670   2340      87632.9 0.0207
4 -1  25.9 0.02390 0.02393 0.02749   2222      80817.0 0.0212
4 -1  25.9 0.02410 0.02412 0.02891   2234      77265.0 0.0212
4 -1  25.9 0.02430 0.02432 0.03196   2390      74773.8 0.0205
4 -1  25.9 0.02450 0.02451 0.03214   2286      71133.8 0.0209
4 -1  25.9 0.02470 0.02471 0.03214   2260      70324.7 0.0210
4 -1  25.9 0.02490 0.02490 0.03315   2242      67629.6 0.0211
4 -1  25.9 0.02510 0.02510 0.03625   2228      61462.5 0.0212
4 -1  25.9 0.02530 0.02529 0.03858   2250      58326.3 0.0211
4 -1  25.9 0.02550 0.02549 0.04148   2274      54819.8 0.0210
4 -1  25.9 0.02570 0.02568 0.04267   2222      52071.6 0.0212
4 -1  25.9 0.02590 0.02588 0.04689   2380      50754.1 0.0205
4 -1  25.9 0.02610 0.02607 0.04939   2310      46768.6 0.0208
4 -1  25.9 0.02630 0.02627 0.05281   2332      44154.2 0.0207
4 -1  25.9 0.02650 0.02646 0.05764   2286      39660.1 0.0209
4 -1  25.9 0.02670 0.02666 0.06274   2310      36821.0 0.0208
4 -1  25.9 0.02690 0.02686 0.06813   2228      32702.3 0.0212
4 -1  25.9 0.02710 0.02715 0.07607   2234      29366.7 0.0212
4 -1  25.9 0.02730 0.02734 0.08405   2304      27412.7 0.0208
4 -1  25.9 0.02750 0.02754 0.08826   2228      25243.8 0.0212
4 -1  25.9 0.02770 0.02773 0.09608   2284      23773.0 0.0209
4 -1  25.9 0.02790 0.02793 0.10383   2262      21785.1 0.0210
4 -1  25.9 0.02810 0.02813 0.11501   2280      19823.9 0.0209
4 -1  25.9 0.02830 0.02832 0.11953   2226      18622.7 0.0212
4 -1  25.9 0.02850 0.02852 0.12172   2230      18320.3 0.0212
4 -1  25.9 0.02870 0.02871 0.13762   2352      17090.5 0.0206
4 -1  25.9 0.02890 0.02891 0.14066   2248      15982.0 0.0211
4 -1  25.9 0.02910 0.02910 0.14588   2224      15245.4 0.0212
4 -1  25.9 0.02930 0.02930 0.15495   2240      14456.7 0.0211
4 -1  25.9 0.02950 0.02949 0.16827   2304      13691.9 0.0208
4 -1  25.9 0.02970 0.02969 0.16827   2270      13489.9 0.0210
4 -1  25.9 0.02990 0.02988 0.18607   2292      12317.8 0.0209
4 -1  25.9 0.03010 0.03008 0.18914   2328      12308.6 0.0207
4 -1  25.9 0.03030 0.03027 0.19974   2262      11324.5 0.0210
4 -1  25.9 0.03050 0.03047 0.19974   2252      11274.5 0.0211
4 -1  25.9 0.03070 0.03066 0.22083   2290      10370.1 0.0209
4 -1  25.9 0.03090 0.03086 0.22993   2280       9915.9 0.0209
4 -1  25.9 0.03110 0.03105 0.23562   2288       9710.7 0.0209
4 -1  25.9 0.03130 0.03135 0.24765   2236       9028.7 0.0211
4 -1  25.9 0.03150 0.03154 0.25787   2252       8733.2 0.0211
4 -1  25.9 0.03170 0.03174 0.27576   2264       8209.9 0.0210
4 -1  25.9 0.03190 0.03193 0.29123   2418       8302.7 0.0203
4 -1  25.9 0.03210 0.03213 0.29847   2288       7665.8 0.0209
4 -1  25.9 0.03230 0.03232 0.32357   2306       7126.8 0.0208
4 -1  26.0 0.03250 0.03252 0.33710   2236       6633.0 0.0211
4 -1  26.0 0.03270 0.03271 0.35477   2274       6409.8 0.0210
4 -1  26.0 0.03290 0.03291 0.38354   2326       6064.5 0.0207
4 -1  26.0 0.03310 0.03311 0.38950   2306       5920.4 0.0208
4 -1  26.0 0.03330 0.03330 0.42715   2248       5262.8 0.0211
4 -1  26.0 0.03350 0.03350 0.44306   2316       5227.2 0.0208
4 -1  26.0 0.03370 0.03369 0.47744   2308       4834.1 0.0208
4 -1  26.0 0.03390 0.03389 0.49853   2270       4553.4 0.0210
4 -1  26.0 0.03410 0.03408 0.53566   2262       4222.8 0.0210
4 -1  26.0 0.03430 0.03428 0.55932   2224       3976.3 0.0212
4 -1  26.0 0.03450 0.03447 0.60566   2262       3734.8 0.0210
4 -1  26.0 0.03470 0.03467 0.63720   2324       3647.2 0.0207
4 -1  26.0 0.03490 0.03486 0.69671   2248       3226.6 0.0211
4 -1  26.0 0.03510 0.03506 0.73092   2304       3152.2 0.0208
4 -1  26.0 0.03530 0.03525 0.78765   2250       2856.6 0.0211
4 -1  26.0 0.03550 0.03555 0.88036   2272       2580.7 0.0210
4 -1  26.0 0.03570 0.03574 0.88036   2246       2551.2 0.0211
4 -1  26.0 0.03590 0.03594 0.98804   2314       2342.0 0.0208
4 -1  26.0 0.03610 0.03613 1.04717   2374       2267.1 0.0205
4 -1  26.0 0.03630 0.03633 1.09901   2336       2125.6 0.0207
4 -1  26.0 0.03650 0.03652 1.09901   2236       2034.6 0.0211
4 -1  26.0 0.03670 0.03672 1.21000   1966       1624.8 0.0226
4 -1  26.0 0.03690 0.03691 1.21000   2010       1661.2 0.0223
4 -1  26.0 0.03710 0.03711 1.21000   1956       1616.5 0.0226
4 -1  26.0 0.03730 0.03730 1.21000   1872       1547.1 0.0231
4 -1  26.0 0.03750 0.03750 1.21000   1726       1426.4 0.0241
4 -1  26.0 0.03770 0.03770 1.21000   1736       1434.7 0.0240
4 -1  26.0 0.03790 0.03789 1.21000   1622       1340.5 0.0248
4 -1  26.0 0.03810 0.03809 1.21000   1576       1302.5 0.0252
4 -1  26.0 0.03830 0.03828 1.21000   1542       1274.4 0.0255
4 -1  26.0 0.03850 0.03848 1.21000   1436       1186.8 0.0264
4 -1  26.0 0.03870 0.03867 1.21000   1452       1200.0 0.0262
4 -1  26.0 0.03890 0.03887 1.21000   1330       1099.2 0.0274
4 -1  26.0 0.03910 0.03906 1.21000   1338       1105.8 0.0273
4 -1  26.0 0.03930 0.03926 1.21000   1226       1013.2 0.0286
4 -1  26.0 0.03950 0.03945 1.21000   1172        968.6 0.0292
4 -1  26.0 0.03970 0.03975 1.21000   1122        927.3 0.0299
4 -1  26.0 0.03990 0.03994 1.21000   1108        915.7 0.0300
4  0  26.0 0.00010 0.00010 0.07794  71620     918887.0 0.0037
4  0  26.0 0.00030 0.00029 0.04909  72298    1472800.1 0.0037
4  0  26.0 0.00050 0.00049 0.03476  73288    2108609.4 0.0037
4  0  26.0 0.00070 0.00068 0.02618  71836    2744409.9 0.0037
4  0  26.0 0.00090 0.00088 0.02187  71056    3248861.4 0.0038
4  0  26.0 0.00110 0.00107 0.01957  72230    3691046.7 0.0037
4  0  26.0 0.00130 0.00127 0.01957  77920    3981813.1 0.0036
4  0  26.0 0.00150 0.00146 0.01724  72104    4182030.1 0.0037
4  0  26.0 0.00170 0.00166 0.01724  74314    4310210.0 0.0037
4  0  26.0 0.00190 0.00186 0.01724  75780    4395238.0 0.0036
4  0  26.0 0.00210 0.00215 0.01724  77132    4473653.9 0.0036
4  0  26.0 0.00230 0.00234 0.01724  77682    4505553.9 0.0036
4  0  26.0 0.00250 0.00254 0.01724  78064    4527709.9 0.0036
4  0  26.0 0.00270 0.00273 0.01724  78254    4538729.9 0.0036
4  0  26.0 0.00290 0.00293 0.01724  78418    4548241.9 0.0036
4  0  26.0 0.00310 0.00313 0.01724  78442    4549633.9 0.0036
4  0  26.0 0.00330 0.00332 0.01724  78356    4544645.9 0.0036
4  0  26.0 0.00350 0.00352 0.01724  78186    4534785.9 0.0036
4  0  26.0 0.00370 0.00371 0.01724  77846    4515065.9 0.0036
4  0  26.0 0.00390 0.00391 0.01724  77336    4485485.9 0.0036
4  0  26.0 0.00410 0.00410 0.01724  76600    4442797.9 0.0036
4  0  26.0 0.00430 0.00430 0.01724  75444    4375750.0 0.0036
4  0  26.0 0.00450 0.00449 0.01724  73648    4271582.0 0.0037
4  0  26.0 0.00470 0.00469 0.01724  70778    4105122.1 0.0038
4  0  26.0 0.00490 0.00488 0.01724  66924    3881590.2 0.0039
4  0  26.0 0.00510 0.00508 0.01724  61574    3571290.3 0.0040
4  0  26.0 0.00530 0.00527 0.01724  54948    3186982.5 0.0043
4  0  26.0 0.00550 0.00547 0.01724  46960    2723678.7 0.0046
4  0  26.0 0.00570 0.00566 0.01724  40114    2326610.9 0.0050
4  0  26.0 0.00590 0.00586 0.01724  34556    2004247.1 0.0054
4  0  26.0 0.00610 0.00605 0.01724  30358    1760763.2 0.0057
4  0  26.0 0.00630 0.00635 0.01724  26782    1553355.3 0.0061
4  0  26.0 0.00650 0.00654 0.01724  25856    1499647.3 0.0062
4  0  26.0 0.00670 0.00674 0.01724  25296    1467167.3 0.0063
4  0  26.0 0.00690 0.00693 0.01724  25304    1467631.3 0.0063
4  0  26.0 0.00710 0.00713 0.01724  25196    1461367.3 0.0063
4  0  26.0 0.00730 0.00732 0.01724  25078    1454523.3 0.0063
4  0  26.0 0.00750 0.00752 0.01724  24822    1439675.3 0.0063
4  0  26.0 0.00770 0.00771 0.01724  24700    1432599.3 0.0064
4  0  26.0 0.00790 0.00791 0.01724  24814    1439211.3 0.0063
4  0  26.0 0.00810 0.00811 0.01724  24866    1442227.3 0.0063
4  0  26.0 0.00830 0.00830 0.01724  24778    1437123.3 0.0064
4  0  26.0 0.00850 0.00850 0.01724  24800    1438399.3 0.0064
4  0  26.0 0.00870 0.00869 0.01724  25008    1450463.3 0.0063
4  0  26.0 0.00890 0.00889 0.01724  24802    1438515.3 0.0063
4  0  26.0 0.00910 0.00908 0.01724  24890    1443619.3 0.0063
4  0  26.0 0.00930 0.00928 0.01724  24618    1427843.3 0.0064
4  0  26.0 0.00950 0.00947 0.01724  24626    1428307.3 0.0064
4  0  26.0 0.00970 0.00967 0.01724  24460    1418679.3 0.0064
4  0  26.0 0.00990 0.00986 0.01724  24388    1414503.3 0.0064
4  0  26.0 0.01010 0.01006 0.01724  23196    1345367.4 0.0066
4  0  26.0 0.01030 0.01025 0.01724  22928    1329823.4 0.0066
4  0  26.0 0.01050 0.01055 0.01724  20790    1205819.4 0.0069
4  0  26.0 0.01070 0.01074 0.01724  19526    1132507.5 0.0072
4  0  26.0 0.01090 0.01094 0.01724  17528    1016623.5 0.0076
4  0  26.0 0.01110 0.01113 0.01724  15628     906423.6 0.0080
4  0  26.0 0.01130 0.01133 0.01724  13636     790887.6 0.0086
4  0  26.0 0.01150 0.01152 0.01724  11912     690895.7 0.0092
4  0  26.0 0.01170 0.01172 0.01724   9964     577911.7 0.0100
4  0  26.0 0.01190 0.01191 0.01724   8494     492651.8 0.0109
4  0  26.0 0.01210 0.01211 0.01724   7258     420963.8 0.0117
4  0  26.0 0.01230 0.01230 0.01724   6422     372475.8 0.0125
4  0  26.0 0.01250 0.01250 0.01724   5406     313547.9 0.0136
4  0  26.0 0.01270 0.01270 0.01724   4992     289535.9 0.0142
4  0  26.0 0.01290 0.01289 0.01724   4576     265407.9 0.0148
4  0  26.0 0.01310 0.01309 0.01724   4344     251951.9 0.0152
4  0  26.0 0.01330 0.01328 0.01724   4222     244875.9 0.0154
4  0  26.0 0.01350 0.01348 0.01724   3836     222487.9 0.0161
4  0  26.0 0.01370 0.01367 0.01724   3890     225619.9 0.0160
4  0  26.0 0.01390 0.01387 0.01724   3810     220979.9 0.0162
4  0  26.0 0.01410 0.01406 0.01724   3640     211119.9 0.0166
4  0  26.0 0.01430 0.01426 0.01724   3500     202999.9 0.0169
4  0  26.0 0.01450 0.01445 0.01724   3550     205899.9 0.0168
4  0  26.0 0.01470 0.01475 0.01724   3412     197895.9 0.0171
4  0  26.0 0.01490 0.01494 0.01724   3314     192211.9 0.0174
4  0  26.0 0.01510 0.01514 0.01724   3372     195575.9 0.0172
4  0  26.0 0.01530 0.01533 0.01724   3220     186759.9 0.0176
4  0  26.0 0.01550 0.01553 0.01724   3182     184555.9 0.0177
4  0  26.0 0.01570 0.01572 0.01724   3210     186179.9 0.0177
4  0  26.0 0.01590 0.01592 0.01724   3026     175507.9 0.0182
4  0  26.0 0.01610 0.01611 0.01724   3030     175739.9 0.0182
4  0  26.0 0.01630 0.01631 0.01724   2902     168315.9 0.0186
4  0  26.0 0.01650 0.01650 0.01724   2760     160079.9 0.0190
4  0  26.0 0.01670 0.01670 0.01724   2814     163211.9 0.0189
4  0  26.0 0.01690 0.01689 0.01724   2686     155787.9 0.0193
4  0  26.0 0.01710 0.01709 0.01724   2662     154395.9 0.0194
4  0  26.0 0.01730 0.01729 0.01724   2466     143027.9 0.0201
4  0  26.0 0.01750 0.01748 0.01724   2360     136879.9 0.0206
4  0  26.0 0.01770 0.01768 0.01724   2286     132587.9 0.0209
4  0  26.0 0.01790 0.01787 0.01814   2232     123047.2 0.0212
4  0  26.0 0.01810 0.01807 0.01971   2224     112810.1 0.0212
4  0  26.0 0.01830 0.01826 0.02203   2264     102774.2 0.0210
4  0  26.0 0.01850 0.01846 0.02362   2322      98291.4 0.0208
4  0  26.0 0.01870 0.01865 0.02750   2280      82922.7 0.0209
4  0  26.0 0.01890 0.01895 0.03233   2290      70828.2 0.0209
4  0  26.0 0.01910 0.01914 0.03726   2246      60275.8 0.0211
4  0  26.0 0.01930 0.01934 0.04269   2300      53879.6 0.0209
4  0  26.0 0.01950 0.01953 0.04800   2248      46831.2 0.0211
4  0  26.0 0.01970 0.01973 0.05349   2328      43521.4 0.0207
4  0  26.0 0.01990 0.01992 0.06256   2272      36319.4 0.0210
4  0  26.0 0.02010 0.02012 0.06745   2288      33920.7 0.0209
4  0  26.0 0.02030 0.02031 0.07233   2254      31160.7 0.0211
4  0  26.1 0.02050 0.02051 0.07532   2258      29979.8 0.0210
4  0  26.1 0.02070 0.02070 0.08166   2336      28606.1 0.0207
4  0  26.1 0.02090 0.02090 0.08757   2326      26560.8 0.0207
4  0  26.1 0.02110 0.02109 0.08959   2312      25806.9 0.0208
4  0  26.1 0.02130 0.02129 0.08959   2252      25137.2 0.0211
4  0  26.1 0.02150 0.02148 0.09490   2334      24594.9 0.0207
4  0  26.1 0.02170 0.02168 0.09490   2330      24552.7 0.0207
4  0  26.1 0.02190 0.02188 0.09498   2234      23519.9 0.0212
4  0  26.1 0.02210 0.02207 0.10127   2292      22631.9 0.0209
4  0  26.1 0.02230 0.02227 0.10127   2258      22296.2 0.0210
4  0  26.1 0.02250 0.02246 0.10565   2292      21694.9 0.0209
4  0  26.1 0.02270 0.02266 0.10749   2246      20895.9 0.0211
4  0  26.1 0.02290 0.02285 0.10758   2240      20821.3 0.0211
4  0  26.1 0.02310 0.02314 0.11599   2338      20157.0 0.0207
4  0  26.1 0.02330 0.02334 0.11790   2244      19033.1 0.0211
4  0  26.1 0.02350 0.02354 0.12451   2294      18423.9 0.0209
4  0  26.1 0.02370 0.02373 0.12451   2356      18921.8 0.0206
4  0  26.1 0.02390 0.02393 0.13238   2264      17102.9 0.0210
4  0  26.1 0.02410 0.02412 0.14057   2412      17158.7 0.0204
4  0  26.1 0.02430 0.02432 0.14057   2268      16134.3 0.0210
4  0  26.1 0.02450 0.02451 0.14057   2248      15992.0 0.0211
4  0  26.1 0.02470 0.02471 0.15031   2234      14862.5 0.0212
4  0  26.1 0.02490 0.02490 0.15920   2262      14208.9 0.0210
4  0  26.1 0.02510 0.02510 0.16693   2272      13610.4 0.0210
4  0  26.1 0.02530 0.02529 0.17697   2264      12793.4 0.0210
4  0  26.1 0.02550 0.02549 0.18696   2306      12334.0 0.0208
4  0  26.1 0.02570 0.02568 0.20648   2334      11303.9 0.0207
4  0  26.1 0.02590 0.02588 0.21375   2242      10488.8 0.0211
4  0  26.1 0.02610 0.02607 0.23917   2272       9499.7 0.0210
4  0  26.1 0.02630 0.02627 0.27001   2250       8333.1 0.0211
4  0  26.1 0.02650 0.02646 0.29124   2384       8185.7 0.0205
4  0  26.1 0.02670 0.02666 0.32480   2332       7179.8 0.0207
4  0  26.1 0.02690 0.02686 0.35341   2240       6338.3 0.0211
4  0  26.1 0.02710 0.02715 0.42355   2252       5316.9 0.0211
4  0  26.1 0.02730 0.02734 0.47310   2224       4700.9 0.0212
4  0  26.1 0.02750 0.02754 0.50746   2310       4552.1 0.0208
4  0  26.1 0.02770 0.02773 0.57947   2352       4058.9 0.0206
4  0  26.1 0.02790 0.02793 0.61322   2274       3708.3 0.0210
4  0  26.1 0.02810 0.02813 0.64068   2280       3558.7 0.0209
4  0  26.1 0.02830 0.02832 0.67984   2248       3306.6 0.0211
4  0  26.1 0.02850 0.02852 0.71729   2254       3142.4 0.0211
4  0  26.1 0.02870 0.02871 0.73906   2312       3128.3 0.0208
4  0  26.1 0.02890 0.02891 0.76098   2240       2943.6 0.0211
4  0  26.1 0.02910 0.02910 0.77489   2256       2911.4 0.0211
4  0  26.1 0.02930 0.02930 0.79200   2264       2858.6 0.0210
4  0  26.1 0.02950 0.02949 0.83404   2264       2714.5 0.0210
4  0  26.1 0.02970 0.02969 0.86190   2254       2615.2 0.0211
4  0  26.1 0.02990 0.02988 0.90336   2246       2486.3 0.0211
4  0  26.1 0.03010 0.03008 0.93275   2340       2508.7 0.0207
4  0  26.1 0.03030 0.03027 0.93275   2254       2416.5 0.0211
4  0  26.1 0.03050 0.03047 0.97185   2298       2364.6 0.0209
4  0  26.1 0.03070 0.03066 0.97185   2274       2339.9 0.0210
4  0  26.1 0.03090 0.03086 0.97185   2262       2327.5 0.0210
4  0  26.1 0.03110 0.03105 1.03422   2290       2214.2 0.0209
4  0  26.1 0.03130 0.03135 1.12129   2290       2042.3 0.0209
4  0  26.1 0.03150 0.03154 1.15454   2328       2016.4 0.0207
4  0  26.1 0.03170 0.03174 1.15454   2282       1976.5 0.0209
4  0  26.1 0.03190 0.03193 1.21000   2090       1727.3 0.0219
4  0  26.1 0.03210 0.03213 1.21000   2072       1712.4 0.0220
4  0  26.1 0.03230 0.03232 1.21000   2082       1720.7 0.0219
4  0  26.1 0.03250 0.03252 1.21000   1902       1571.9 0.0229
4  0  26.1 0.03270 0.03271 1.21000   1700       1405.0 0.0243
4  0  26.1 0.03290 0.03291 1.21000   1664       1375.2 0.0245
4  0  26.1 0.03310 0.03311 1.21000   1614       1333.9 0.0249
4  0  26.1 0.03330 0.03330 1.21000   1492       1233.1 0.0259
4  0  26.1 0.03350 0.03350 1.21000   1410       1165.3 0.0266
4  0  26.1 0.03370 0.03369 1.21000   1318       1089.3 0.0275
4  0  26.1 0.03390 0.03389 1.21000   1278       1056.2 0.0280
4  0  26.1 0.03410 0.03408 1.21000   1118        924.0 0.0299
4  0  26.1 0.03430 0.03428 1.21000   1024        846.3 0.0312
4  0  26.1 0.03450 0.03447 1.21000   1004        829.8 0.0316
4  0  26.1 0.03470 0.03467 1.21000    824        681.0 0.0348
4  0  26.1 0.03490 0.03486 1.21000    854        705.8 0.0342
4  0  26.1 0.03510 0.03506 1.21000    754        623.1 0.0364
4  0  26.1 0.03530 0.03525 1.21000    700        578.5 0.0378
4  0  26.1 0.03550 0.03555 1.21000    646        533.9 0.0393
4  0  26.1 0.03570 0.03574 1.21000    620        512.4 0.0402
4  0  26.1 0.03590 0.03594 1.21000    610        504.1 0.0405
4  0  26.1 0.03610 0.03613 1.21000    582        481.0 0.0415
4  0  26.1 0.03630 0.03633 1.21000    544        449.6 0.0429
4  0  26.1 0.03650 0.03652 1.21000    570        471.1 0.0419
4  0  26.1 0.03670 0.03672 1.21000    512        423.1 0.0442
4  0  26.1 0.03690 0.03691 1.21000    490        405.0 0.0452
4  0  26.1 0.03710 0.03711 1.21000    512        423.1 0.0442
4  0  26.1 0.03730 0.03730 1.21000    482        398.3 0.0455
4  0  26.1 0.03750 0.03750 1.21000    472        390.1 0.0460
4  0  26.1 0.03770 0.03770 1.21000    464        383.5 0.0464
4  0  26.1 0.03790 0.03789 1.21000    410        338.8 0.0494
4  0  26.1 0.03810 0.03809 1.21000    424        350.4 0.0486
4  0  26.1 0.03830 0.03828 1.21000    454        375.2 0.0469
4  0  26.1 0.03850 0.03848 1.21000    380        314.0 0.0513
4  0  26.1 0.03870 0.03867 1.21000    418        345.5 0.0489
4  0  26.1 0.03890 0.03887 1.21000    430        355.4 0.0482
4  0  26.1 0.03910 0.03906 1.21000    390        322.3 0.0506
4  0  26.1 0.03930 0.03926 1.21000    394        325.6 0.0504
4  0  26.1 0.03950 0.03945 1.21000    354        292.6 0.0531
4  0  26.1 0.03970 0.03975 1.21000    344        284.3 0.0539
4  0  26.1 0.03990 0.03994 1.21000    324        267.8 0.0556
4  1  26.1 0.00010 0.00010 0.08395  71680     853840.5 0.0037
4  1  26.1 0.00030 0.00029 0.05245  71486    1363038.8 0.0037
4  1  26.1 0.00050 0.00049 0.03587  71454    1991794.9 0.0037
4  1  26.1 0.00070 0.00068 0.02720  72124    2651979.2 0.0037
4  1  26.1 0.00090 0.00088 0.02248  72002    3203614.0 0.0037
4  1  26.1 0.00110 0.00107 0.01976  72288    3658407.0 0.0037
4  1  26.1 0.00130 0.00127 0.01976  78528    3974205.8 0.0036
4  1  26.1 0.00150 0.00146 0.01721  71586    4160072.2 0.0037
4  1  26.1 0.00170 0.00166 0.01721  74092    4305703.2 0.0037
4  1  26.1 0.00190 0.00186 0.01721  75574    4391826.6 0.0036
4  1  26.1 0.00210 0.00215 0.01721  77034    4476671.5 0.0036
4  1  26.1 0.00230 0.00234 0.01721  77614    4510377.0 0.0036
4  1  26.1 0.00250 0.00254 0.01721  78004    4533041.0 0.0036
4  1  26.1 0.00270 0.00273 0.01721  78266    4548266.6 0.0036
4  1  26.1 0.00290 0.00293 0.01721  78410    4556634.9 0.0036
4  1  26.1 0.00310 0.00313 0.01721  78458    4559424.3 0.0036
4  1  26.1 0.00330 0.00332 0.01721  78402    4556170.0 0.0036
4  1  26.1 0.00350 0.00352 0.01721  78224    4545825.9 0.0036
4  1  26.1 0.00370 0.00371 0.01721  77912    4527694.6 0.0036
4  1  26.1 0.00390 0.00391 0.01721  77406    4498289.5 0.0036
4  1  26.1 0.00410 0.00410 0.01721  76724    4458656.5 0.0036
4  1  26.1 0.00430 0.00430 0.01721  75598    4393221.3 0.0036
4  1  26.1 0.00450 0.00449 0.01721  74016    4301286.6 0.0037
4  1  26.1 0.00470 0.00469 0.01721  71240    4139965.1 0.0037
4  1  26.1 0.00490 0.00488 0.01721  67328    3912627.4 0.0039
4  1  26.2 0.00510 0.00508 0.01721  62232    3616483.9 0.0040
4  1  26.2 0.00530 0.00527 0.01721  55320    3214807.3 0.0043
4  1  26.2 0.00550 0.00547 0.01721  47676    2770592.1 0.0046
4  1  26.2 0.00570 0.00566 0.01721  40208    2336604.7 0.0050
4  1  26.2 0.00590 0.00586 0.01721  33928    1971655.5 0.0054
4  1  26.2 0.00610 0.00605 0.01721  29390    1707939.0 0.0058
4  1  26.2 0.00630 0.00635 0.01721  26190    1521977.6 0.0062
4  1  26.2 0.00650 0.00654 0.01721  25020    1453985.5 0.0063
4  1  26.2 0.00670 0.00674 0.01721  24166    1404357.1 0.0064
4  1  26.2 0.00690 0.00693 0.01721  23876    1387504.3 0.0065
4  1  26.2 0.00710 0.00713 0.01721  23824    1384482.4 0.0065
4  1  26.2 0.00730 0.00732 0.01721  23662    1375068.2 0.0065
4  1  26.2 0.00750 0.00752 0.01721  23744    1379833.4 0.0065
4  1  26.2 0.00770 0.00771 0.01721  23594    1371116.5 0.0065
4  1  26.2 0.00790 0.00791 0.01721  23602    1371581.4 0.0065
4  1  26.2 0.00810 0.00811 0.01721  23610    1372046.3 0.0065
4  1  26.2 0.00830 0.00830 0.01721  23508    1366118.8 0.0065
4  1  26.2 0.00850 0.00850 0.01721  23658    1374835.7 0.0065
4  1  26.2 0.00870 0.00869 0.01721  23740    1379601.0 0.0065
4  1  26.2 0.00890 0.00889 0.01721  23518    1366699.9 0.0065
4  1  26.2 0.00910 0.00908 0.01721  23322    1355309.8 0.0065
4  1  26.2 0.00930 0.00928 0.01721  23606    1371813.8 0.0065
4  1  26.2 0.00950 0.00947 0.01721  23466    1363678.0 0.0065
4  1  26.2 0.00970 0.00967 0.01721  23488    1364956.5 0.0065
4  1  26.2 0.00990 0.00986 0.01721  23444    1362399.5 0.0065
4  1  26.2 0.01010 0.01006 0.01721  23206    1348568.7 0.0066
4  1  26.2 0.01030 0.01025 0.01721  22792    1324509.9 0.0066
4  1  26.2 0.01050 0.01055 0.01721  22086    1283482.2 0.0067
4  1  26.2 0.01070 0.01074 0.01721  21282    1236759.4 0.0069
4  1  26.2 0.01090 0.01094 0.01721  20058    1165629.2 0.0071
4  1  26.2 0.01110 0.01113 0.01721  18554    1078227.3 0.0073
4  1  26.2 0.01130 0.01133 0.01721  17098     993614.9 0.0076
4  1  26.2 0.01150 0.01152 0.01721  15064     875413.2 0.0081
4  1  26.2 0.01170 0.01172 0.01721  13320     774064.2 0.0087
4  1  26.2 0.01190 0.01191 0.01721  11452     665509.3 0.0093
4  1  26.2 0.01210 0.01211 0.01721   9806     569855.4 0.0101
4  1  26.2 0.01230 0.01230 0.01721   8244     479083.0 0.0110
4  1  26.2 0.01250 0.01250 0.01721   7068     410742.2 0.0119
4  1  26.2 0.01270 0.01270 0.01721   6020     349839.8 0.0129
4  1  26.2 0.01290 0.01289 0.01721   5174     300676.3 0.0139
4  1  26.2 0.01310 0.01309 0.01721   4620     268481.7 0.0147
4  1  26.2 0.01330 0.01328 0.01721   4016     233381.5 0.0158
4  1  26.2 0.01350 0.01348 0.01721   3884     225710.6 0.0160
4  1  26.2 0.01370 0.01367 0.01721   3604     209439.0 0.0167
4  1  26.2 0.01390 0.01387 0.01721   3524     204790.0 0.0168
4  1  26.2 0.01410 0.01406 0.01721   3408     198048.9 0.0171
4  1  26.2 0.01430 0.01426 0.01721   3322     193051.2 0.0174
4  1  26.2 0.01450 0.01445 0.01721   3276     190378.0 0.0175
4  1  26.2 0.01470 0.01475 0.01721   3096     179917.6 0.0180
4  1  26.2 0.01490 0.01494 0.01721   3054     177476.9 0.0181
4  1  26.2 0.01510 0.01514 0.01721   2874     167016.6 0.0187
4  1  26.2 0.01530 0.01533 0.01721   2886     167713.9 0.0186
4  1  26.2 0.01550 0.01553 0.01721   2774     161205.3 0.0190
4  1  26.2 0.01570 0.01572 0.01721   2770     160972.8 0.0190
4  1  26.2 0.01590 0.01592 0.01721   2906     168876.2 0.0186
4  1  26.2 0.01610 0.01611 0.01721   2788     162018.8 0.0189
4  1  26.2 0.01630 0.01631 0.01721   2528     146909.5 0.0199
4  1  26.2 0.01650 0.01650 0.01721   2536     147374.4 0.0199
4  1  26.2 0.01670 0.01670 0.01721   2432     141330.6 0.0203
4  1  26.2 0.01690 0.01689 0.01721   2462     143074.0 0.0202
4  1  26.2 0.01710 0.01709 0.01721   2334     135635.6 0.0207
4  1  26.2 0.01730 0.01729 0.01721   2312     134357.1 0.0208
4  1  26.2 0.01750 0.01748 0.01806   2400     132921.7 0.0204
4  1  26.2 0.01770 0.01768 0.01830   2286     124898.5 0.0209
4  1  26.2 0.01790 0.01787 0.01962   2260     115214.5 0.0210
4  1  26.2 0.01810 0.01807 0.02027   2266     111777.2 0.0210
4  1  26.2 0.01830 0.01826 0.02161   2326     107611.0 0.0207
4  1  26.2 0.01850 0.01846 0.02265   2290     101082.1 0.0209
4  1  26.2 0.01870 0.01865 0.02366   2256      95368.6 0.0211
4  1  26.2 0.01890 0.01895 0.02714   2264      83405.8 0.0210
4  1  26.2 0.01910 0.01914 0.03074   2276      74036.7 0.0210
4  1  26.2 0.01930 0.01934 0.03299   2226      67485.1 0.0212
4  1  26.2 0.01950 0.01953 0.03845   2288      59500.0 0.0209
4  1  26.2 0.01970 0.01973 0.04276   2246      52519.7 0.0211
4  1  26.2 0.01990 0.01992 0.04986   2328      46691.0 0.0207
4  1  26.2 0.02010 0.02012 0.05707   2280      39952.3 0.0209
4  1  26.2 0.02030 0.02031 0.06496   2292      35282.3 0.0209
4  1  26.2 0.02050 0.02051 0.07509   2242      29857.7 0.0211
4  1  26.2 0.02070 0.02070 0.08244   2230      27051.5 0.0212
4  1  26.2 0.02090 0.02090 0.09385   2292      24421.3 0.0209
4  1  26.2 0.02110 0.02109 0.10189   2328      22848.7 0.0207
4  1  26.2 0.02130 0.02129 0.11758   2414      20530.0 0.0204
4  1  26.2 0.02150 0.02148 0.11758   2264      19254.3 0.0210
4  1  26.2 0.02170 0.02168 0.12525   2240      17884.2 0.0211
4  1  26.2 0.02190 0.02188 0.13353   2250      16850.6 0.0211
4  1  26.2 0.02210 0.02207 0.13774   2268      16465.6 0.0210
4  1  26.2 0.02230 0.02227 0.14402   2264      15719.6 0.0210
4  1  26.2 0.02250 0.02246 0.15032   2292      15247.8 0.0209
4  1  26.2 0.02270 0.02266 0.15945   2418      15164.6 0.0203
4  1  26.2 0.02290 0.02285 0.15945   2280      14299.1 0.0209
4  1  26.2 0.02310 0.02314 0.16644   2272      13650.7 0.0210
4  1  26.2 0.02330 0.02334 0.16644   2244      13482.5 0.0211
4  1  26.2 0.02350 0.02354 0.17544   2334      13303.7 0.0207
4  1  26.2 0.02370 0.02373 0.17768   2230      12550.8 0.0212
4  1  26.2 0.02390 0.02393 0.18476   2228      12058.6 0.0212
4  1  26.2 0.02410 0.02412 0.19700   2242      11380.4 0.0211
4  1  26.2 0.02430 0.02432 0.20505   2246      10953.4 0.0211
4  1  26.2 0.02450 0.02451 0.22118   2334      10552.7 0.0207
4  1  26.2 0.02470 0.02471 0.22118   2288      10344.7 0.0209
4  1  26.2 0.02490 0.02490 0.22118   2232      10091.5 0.0212
4  1  26.2 0.02510 0.02510 0.24509   2302       9392.3 0.0208
4  1  26.2 0.02530 0.02529 0.24509   2280       9302.6 0.0209
4  1  26.2 0.02550 0.02549 0.25568   2236       8745.3 0.0211
4  1  26.2 0.02570 0.02568 0.26925   2254       8371.4 0.0211
4  1  26.2 0.02590 0.02588 0.29028   2248       7744.2 0.0211
4  1  26.2 0.02610 0.02607 0.29889   2240       7494.4 0.0211
4  1  26.2 0.02630 0.02627 0.31982   2290       7160.3 0.0209
4  1  26.2 0.02650 0.02646 0.35206   2260       6419.3 0.0210
4  1  26.2 0.02670 0.02666 0.35951   2264       6297.5 0.0210
4  1  26.2 0.02690 0.02686 0.39088   2240       5730.7 0.0211
4  1  26.2 0.02710 0.02715 0.45425   2244       4940.0 0.0211
4  1  26.2 0.02730 0.02734 0.47566   2248       4726.1 0.0211
4  1  26.2 0.02750 0.02754 0.54481   2264       4155.6 0.0210
4  1  26.2 0.02770 0.02773 0.59516   2232       3750.2 0.0212
4  1  26.2 0.02790 0.02793 0.66922   2246       3356.2 0.0211
4  1  26.2 0.02810 0.02813 0.74703   2296       3073.5 0.0209
4  1  26.2 0.02830 0.02832 0.83651   2318       2771.0 0.0208
4  1  26.2 0.02850 0.02852 0.91653   2272       2478.9 0.0210
4  1  26.2 0.02870 0.02871 1.01220   2258       2230.8 0.0210
4  1  26.2 0.02890 0.02891 1.11512   2226       1996.2 0.0212
4  1  26.2 0.02910 0.02910 1.18669   2266       1909.5 0.0210
4  1  26.2 0.02930 0.02930 1.21000   2062       1704.1 0.0220
4  1  26.2 0.02950 0.02949 1.21000   1936       1600.0 0.0227
4  1  26.2 0.02970 0.02969 1.21000   1794       1482.6 0.0236
4  1  26.2 0.02990 0.02988 1.21000   1652       1365.3 0.0246
4  1  26.2 0.03010 0.03008 1.21000   1740       1438.0 0.0240
4  1  26.2 0.03030 0.03027 1.21000   1594       1317.4 0.0250
4  1  26.2 0.03050 0.03047 1.21000   1552       1282.6 0.0254
4  1  26.2 0.03070 0.03066 1.21000   1518       1254.5 0.0257
4  1  26.2 0.03090 0.03086 1.21000   1428       1180.2 0.0265
4  1  26.2 0.03110 0.03105 1.21000   1326       1095.9 0.0275
4  1  26.2 0.03130 0.03135 1.21000   1362       1125.6 0.0271
4  1  26.2 0.03150 0.03154 1.21000   1250       1033.1 0.0283
4  1  26.2 0.03170 0.03174 1.21000   1210       1000.0 0.0287
4  1  26.2 0.03190 0.03193 1.21000   1206        996.7 0.0288
4  1  26.2 0.03210 0.03213 1.21000   1206        996.7 0.0288
4  1  26.2 0.03230 0.03232 1.21000   1072        886.0 0.0305
4  1  26.2 0.03250 0.03252 1.21000   1112        919.0 0.0300
4  1  26.2 0.03270 0.03271 1.21000   1030        851.2 0.0312
4  1  26.2 0.03290 0.03291 1.21000    994        821.5 0.0317
4  1  26.2 0.03310 0.03311 1.21000    956        790.1 0.0323
4  1  26.2 0.03330 0.03330 1.21000    886        732.2 0.0336
4  1  26.2 0.03350 0.03350 1.21000    882        728.9 0.0337
4  1  26.2 0.03370 0.03369 1.21000    828        684.3 0.0348
4  1  26.2 0.03390 0.03389 1.21000    800        661.2 0.0354
4  1  26.2 0.03410 0.03408 1.21000    816        674.4 0.0350
4  1  26.2 0.03430 0.03428 1.21000    692        571.9 0.0380
4  1  26.2 0.03450 0.03447 1.21000    692        571.9 0.0380
4  1  26.2 0.03470 0.03467 1.21000    668        552.1 0.0387
4  1  26.2 0.03490 0.03486 1.21000    636        525.6 0.0397
4  1  26.2 0.03510 0.03506 1.21000    578        477.7 0.0416
4  1  26.2 0.03530 0.03525 1.21000    590        487.6 0.0412
4  1  26.2 0.03550 0.03555 1.21000    508        419.8 0.0444
4  1  26.2 0.03570 0.03574 1.21000    518        428.1 0.0439
4  1  26.2 0.03590 0.03594 1.21000    496        409.9 0.0449
4  1  26.2 0.03610 0.03613 1.21000    450        371.9 0.0471
4  1  26.2 0.03630 0.03633 1.21000    378        312.4 0.0514
4  1  26.2 0.03650 0.03652 1.21000    398        328.9 0.0501
4  1  26.2 0.03670 0.03672 1.21000    380        314.0 0.0513
4  1  26.2 0.03690 0.03691 1.21000    376        310.7 0.0516
4  1  26.2 0.03710 0.03711 1.21000    344        284.3 0.0539
4  1  26.2 0.03730 0.03730 1.21000    306        252.9 0.0572
4  1  26.2 0.03750 0.03750 1.21000    310        256.2 0.0568
4  1  26.2 0.03770 0.03770 1.21000    276        228.1 0.0602
4  1  26.2 0.03790 0.03789 1.21000    302        249.6 0.0575
4  1  26.2 0.03810 0.03809 1.21000    322        266.1 0.0557
4  1  26.2 0.03830 0.03828 1.21000    290        239.7 0.0587
4  1  26.2 0.03850 0.03848 1.21000    278        229.8 0.0600
4  1  26.2 0.03870 0.03867 1.21000    296        244.6 0.0581
4  1  26.2 0.03890 0.03887 1.21000    274        226.4 0.0604
4  1  26.2 0.03910 0.03906 1.21000    282        233.1 0.0595
4  1  26.2 0.03930 0.03926 1.21000    260        214.9 0.0620
4  1  26.2 0.03950 0.03945 1.21000    242        200.0 0.0643
4  1  26.2 0.03970 0.03975 1.21000    236        195.0 0.0651
4  1  26.2 0.03990 0.03994 1.21000    232        191.7 0.0657
4  2  26.2 0.00010 0.00010 0.08438  71752     850320.5 0.0037
4  2  26.2 0.00030 0.00029 0.05259  72000    1369149.7 0.0037
4  2  26.2 0.00050 0.00049 0.03582  71960    2009213.2 0.0037
4  2  26.2 0.00070 0.00068 0.02699  71998    2667243.0 0.0037
4  2  26.2 0.00090 0.00088 0.02232  71738    3214602.0 0.0037
4  2  26.2 0.00110 0.00107 0.01969  71944    3653229.6 0.0037
4  2  26.2 0.00130 0.00127 0.01969  78082    3964909.8 0.0036
4  2  26.2 0.00150 0.00146 0.01727  71802    4158284.7 0.0037
4  2  26.2 0.00170 0.00166 0.01727  74174    4295654.8 0.0037
4  2  26.2 0.00190 0.00186 0.01727  75684    4383103.8 0.0036
4  2  26.2 0.00210 0.00215 0.01727  77096    4464877.2 0.0036
4  2  26.2 0.00230 0.00234 0.01727  77672    4498235.2 0.0036
4  2  26.2 0.00250 0.00254 0.01727  78062    4520821.4 0.0036
4  2  26.2 0.00270 0.00273 0.01727  78304    4534836.4 0.0036
4  2  26.2 0.00290 0.00293 0.01727  78456    4543639.2 0.0036
4  2  26.2 0.00310 0.00313 0.01727  78478    4544913.3 0.0036
4  2  26.2 0.00330 0.00332 0.01727  78418    4541438.5 0.0036
4  2  26.2 0.00350 0.00352 0.01727  78248    4531593.3 0.0036
4  2  26.2 0.00370 0.00371 0.01727  77942    4513871.8 0.0036
4  2  26.2 0.00390 0.00391 0.01727  77476    4486884.3 0.0036
4  2  26.2 0.00410 0.00410 0.01727  76726    4443449.3 0.0036
4  2  26.2 0.00430 0.00430 0.01727  75640    4380555.6 0.0036
4  2  26.2 0.00450 0.00449 0.01727  73896    4279554.9 0.0037
4  2  26.2 0.00470 0.00469 0.01727  71080    4116471.3 0.0038
4  2  26.2 0.00490 0.00488 0.01727  67294    3897211.9 0.0039
4  2  26.2 0.00510 0.00508 0.01727  61820    3580195.0 0.0040
4  2  26.2 0.00530 0.00527 0.01727  54748    3170632.7 0.0043
4  2  26.2 0.00550 0.00547 0.01727  47062    2725511.7 0.0046
4  2  26.2 0.00570 0.00566 0.01727  39458    2285139.6 0.0050
4  2  26.2 0.00590 0.00586 0.01727  33010    1911715.2 0.0055
4  2  26.2 0.00610 0.00605 0.01727  27980    1620411.8 0.0060
4  2  26.2 0.00630 0.00635 0.01727  24582    1423622.7 0.0064
4  2  26.2 0.00650 0.00654 0.01727  23012    1332698.9 0.0066
4  2  26.2 0.00670 0.00674 0.01727  22774    1318915.6 0.0066
4  2  26.2 0.00690 0.00693 0.01727  22300    1291464.7 0.0067
4  2  26.2 0.00710 0.00713 0.01727  22116    1280808.7 0.0067
4  2  26.2 0.00730 0.00732 0.01727  21898    1268183.6 0.0068
4  2  26.2 0.00750 0.00752 0.01727  21982    1273048.3 0.0067
4  2  26.2 0.00770 0.00771 0.01727  21820    1263666.4 0.0068
4  2  26.2 0.00790 0.00791 0.01727  21930    1270036.8 0.0068
4  2  26.2 0.00810 0.00811 0.01727  21962    1271890.0 0.0067
4  2  26.2 0.00830 0.00830 0.01727  21858    1265867.1 0.0068
4  2  26.2 0.00850 0.00850 0.01727  21810    1263087.2 0.0068
4  2  26.2 0.00870 0.00869 0.01727  21700    1256716.8 0.0068
4  2  26.2 0.00890 0.00889 0.01727  21966    1272121.7 0.0067
4  2  26.2 0.00910 0.00908 0.01727  21834    1264477.1 0.0068
4  2  26.2 0.00930 0.00928 0.01727  21782    1261465.7 0.0068
4  2  26.2 0.00950 0.00947 0.01727  21988    1273395.8 0.0067
4  2  26.2 0.00970 0.00967 0.01727  21624    1252315.4 0.0068
4  2  26.2 0.00990 0.00986 0.01727  21426    1240848.5 0.0068
4  2  26.2 0.01010 0.01006 0.01727  20986    1215366.7 0.0069
4  2  26.2 0.01030 0.01025 0.01727  20802    1204710.7 0.0069
4  2  26.2 0.01050 0.01055 0.01727  19532    1131160.9 0.0072
4  2  26.2 0.01070 0.01074 0.01727  18478    1070120.4 0.0074
4  2  26.2 0.01090 0.01094 0.01727  17596    1019040.9 0.0075
4  2  26.2 0.01110 0.01113 0.01727  15938     923020.8 0.0079
4  2  26.2 0.01130 0.01133 0.01727  14122     817850.4 0.0084
4  2  26.2 0.01150 0.01152 0.01727  12428     719745.4 0.0090
4  2  26.2 0.01170 0.01172 0.01727  10548     610868.6 0.0097
4  2  26.2 0.01190 0.01191 0.01727   9092     526547.0 0.0105
4  2  26.2 0.01210 0.01211 0.01727   7660     443615.2 0.0114
4  2  26.2 0.01230 0.01230 0.01727   6198     358946.1 0.0127
4  2  26.2 0.01250 0.01250 0.01727   5300     306940.0 0.0137
4  2  26.2 0.01270 0.01270 0.01727   4714     273002.9 0.0146
4  2  26.2 0.01290 0.01289 0.01727   4072     235822.6 0.0157
4  2  26.2 0.01310 0.01309 0.01727   3746     216942.9 0.0163
4  2  26.2 0.01330 0.01328 0.01727   3332     192966.8 0.0173
4  2  26.2 0.01350 0.01348 0.01727   3144     182079.1 0.0178
4  2  26.2 0.01370 0.01367 0.01727   2970     172002.2 0.0183
4  2  26.2 0.01390 0.01387 0.01727   2896     167716.7 0.0186
4  2  26.2 0.01410 0.01406 0.01727   2744     158913.9 0.0191
4  2  26.2 0.01430 0.01426 0.01727   2722     157639.8 0.0192
4  2  26.2 0.01450 0.01445 0.01727   2680     155207.4 0.0193
4  2  26.2 0.01470 0.01475 0.01727   2604     150806.0 0.0196
4  2  26.2 0.01490 0.01494 0.01727   2514     145593.8 0.0199
4  2  26.2 0.01510 0.01514 0.01727   2522     146057.1 0.0199
4  2  26.2 0.01530 0.01533 0.01727   2400     138991.7 0.0204
4  2  26.2 0.01550 0.01553 0.01727   2392     138528.4 0.0204
4  2  26.2 0.01570 0.01572 0.01727   2326     134706.1 0.0207
4  2  26.2 0.01590 0.01592 0.01727   2322     134474.5 0.0208
4  2  26.2 0.01610 0.01611 0.01727   2242     129841.4 0.0211
4  2  26.2 0.01630 0.01631 0.01805   2276     126075.1 0.0210
4  2  26.2 0.01650 0.01650 0.01805   2282     126407.5 0.0209
4  2  26.2 0.01670 0.01670 0.01805   2238     123970.2 0.0211
4  2  26.2 0.01690 0.01689 0.01964   2400     122174.4 0.0204
4  2  26.2 0.01710 0.01709 0.02092   2328     111288.3 0.0207
4  2  26.2 0.01730 0.01729 0.02092   2286     109280.5 0.0209
4  2  26.2 0.01750 0.01748 0.02092   2242     107177.2 0.0211
4  2  26.2 0.01770 0.01768 0.02343   2346     100136.5 0.0206
4  2  26.2 0.01790 0.01787 0.02439   2258      92578.5 0.0210
4  2  26.2 0.01810 0.01807 0.02439   2234      91594.5 0.0212
4  2  26.2 0.01830 0.01826 0.02808   2278      81121.9 0.0210
4  2  26.2 0.01850 0.01846 0.03020   2280      75492.8 0.0209
4  2  26.2 0.01870 0.01865 0.03281   2266      69070.2 0.0210
4  2  26.2 0.01890 0.01895 0.03835   2250      58674.4 0.0211
4  2  26.2 0.01910 0.01914 0.04222   2242      53098.1 0.0211
4  2  26.2 0.01930 0.01934 0.04892   2254      46078.9 0.0211
4  2  26.2 0.01950 0.01953 0.05353   2272      42447.3 0.0210
4  2  26.2 0.01970 0.01973 0.06661   2352      35311.4 0.0206
4  2  26.2 0.01990 0.01992 0.07374   2240      30378.0 0.0211
4  2  26.2 0.02010 0.02012 0.08325   2284      27433.9 0.0209
4  2  26.2 0.02030 0.02031 0.09516   2266      23812.5 0.0210
4  2  26.2 0.02050 0.02051 0.11023   2294      20811.5 0.0209
4  2  26.2 0.02070 0.02070 0.12210   2262      18526.3 0.0210
4  2  26.2 0.02090 0.02090 0.13195   2236      16945.3 0.0211
4  2  26.2 0.02110 0.02109 0.14486   2334      16111.8 0.0207
4  2  26.2 0.02130 0.02129 0.15070   2346      15567.8 0.0206
4  2  26.2 0.02150 0.02148 0.15070   2236      14837.9 0.0211
4  2  26.2 0.02170 0.02168 0.17040   2360      13850.2 0.0206
4  2  26.2 0.02190 0.02188 0.17040   2246      13181.1 0.0211
4  2  26.2 0.02210 0.02207 0.17843   2320      13002.7 0.0208
4  2  26.2 0.02230 0.02227 0.17843   2240      12554.3 0.0211
4  2  26.2 0.02250 0.02246 0.19134   2304      12041.3 0.0208
4  2  26.2 0.02270 0.02266 0.19396   2306      11889.0 0.0208
4  2  26.2 0.02290 0.02285 0.19396   2284      11775.6 0.0209
4  2  26.2 0.02310 0.02314 0.21463   2268      10566.9 0.0210
4  2  26.2 0.02330 0.02334 0.21777   2250      10332.1 0.0211
4  2  26.2 0.02350 0.02354 0.22217   2338      10523.6 0.0207
4  2  26.2 0.02370 0.02373 0.22583   2226       9857.1 0.0212
4  2  26.2 0.02390 0.02393 0.23833   2226       9340.0 0.0212
4  2  26.2 0.02410 0.02412 0.24839   2328       9372.3 0.0207
4  2  26.2 0.02430 0.02432 0.26246   2276       8672.0 0.0210
4  2  26.2 0.02450 0.02451 0.26924   2252       8364.3 0.0211
4  2  26.2 0.02470 0.02471 0.28353   2306       8133.1 0.0208
4  2  26.2 0.02490 0.02490 0.28353   2230       7865.1 0.0212
4  2  26.2 0.02510 0.02510 0.31066   2264       7287.8 0.0210
4  2  26.2 0.02530 0.02529 0.32783   2248       6857.3 0.0211
4  2  26.2 0.02550 0.02549 0.34953   2326       6654.6 0.0207
4  2  26.2 0.02570 0.02568 0.34953   2270       6494.4 0.0210
4  2  26.2 0.02590 0.02588 0.40250   2314       5749.0 0.0208
4  2  26.2 0.02610 0.02607 0.41584   2294       5516.6 0.0209
4  2  26.2 0.02630 0.02627 0.45001   2226       4946.6 0.0212
4  2  26.2 0.02650 0.02646 0.48393   2296       4744.5 0.0209
4  2  26.2 0.02670 0.02666 0.52970   2256       4259.0 0.0211
4  2  26.2 0.02690 0.02686 0.58986   2246       3807.7 0.0211
4  2  26.2 0.02710 0.02715 0.67283   2280       3388.7 0.0209
4  2  26.2 0.02730 0.02734 0.75161   2250       2993.6 0.0211
4  2  26.2 0.02750 0.02754 0.86141   2232       2591.1 0.0212
4  2  26.2 0.02770 0.02773 0.93918   2274       2421.2 0.0210
4  2  26.2 0.02790 0.02793 1.03721   2242       2161.6 0.0211
4  2  26.2 0.02810 0.02813 1.14775   2238       1949.9 0.0211
4  2  26.2 0.02830 0.02832 1.21000   1988       1643.0 0.0224
4  2  26.2 0.02850 0.02852 1.21000   1846       1525.6 0.0233
4  2  26.2 0.02870 0.02871 1.21000   1734       1433.1 0.0240
4  2  26.2 0.02890 0.02891 1.21000   1604       1325.6 0.0250
4  2  26.2 0.02910 0.02910 1.21000   1490       1231.4 0.0259
4  2  26.2 0.02930 0.02930 1.21000   1420       1173.6 0.0265
4  2  26.2 0.02950 0.02949 1.21000   1342       1109.1 0.0273
4  2  26.1 0.02970 0.02969 1.21000   1338       1105.8 0.0273
4  2  26.1 0.02990 0.02988 1.21000   1256       1038.0 0.0282
4  2  26.2 0.03010 0.03008 1.21000   1204        995.0 0.0288
4  2  26.2 0.03030 0.03027 1.21000   1088        899.2 0.0303
4  2  26.2 0.03050 0.03047 1.21000   1232       1018.2 0.0285
4  2  26.1 0.03070 0.03066 1.21000   1162        960.3 0.0293
4  2  26.1 0.03090 0.03086 1.21000   1152        952.1 0.0295
4  2  26.1 0.03110 0.03105 1.21000   1050        867.8 0.0309
4  2  26.1 0.03130 0.03135 1.21000   1058        874.4 0.0307
4  2  26.1 0.03150 0.03154 1.21000   1020        843.0 0.0313
4  2  26.1 0.03170 0.03174 1.21000    950        785.1 0.0324
4  2  26.1 0.03190 0.03193 1.21000    848        700.8 0.0343
4  2  26.1 0.03210 0.03213 1.21000    868        717.4 0.0339
4  2  26.1 0.03230 0.03232 1.21000    870        719.0 0.0339
4  2  26.1 0.03250 0.03252 1.21000    794        656.2 0.0355
4  2  26.1 0.03270 0.03271 1.21000    704        581.8 0.0377
4  2  26.1 0.03290 0.03291 1.21000    750        619.8 0.0365
4  2  26.1 0.03310 0.03311 1.21000    694        573.6 0.0380
4  2  26.1 0.03330 0.03330 1.21000    662        547.1 0.0389
4  2  26.1 0.03350 0.03350 1.21000    584        482.6 0.0414
4  2  26.1 0.03370 0.03369 1.21000    616        509.1 0.0403
4  2  26.1 0.03390 0.03389 1.21000    594        490.9 0.0410
4  2  26.1 0.03410 0.03408 1.21000    588        486.0 0.0412
4  2  26.1 0.03430 0.03428 1.21000    526        434.7 0.0436
4  2  26.1 0.03450 0.03447 1.21000    466        385.1 0.0463
4  2  26.1 0.03470 0.03467 1.21000    498        411.6 0.0448
4  2  26.1 0.03490 0.03486 1.21000    420        347.1 0.0488
4  2  26.1 0.03510 0.03506 1.21000    410        338.8 0.0494
4  2  26.1 0.03530 0.03525 1.21000    412        340.5 0.0493
4  2  26.1 0.03550 0.03555 1.21000    380        314.0 0.0513
4  2  26.1 0.03570 0.03574 1.21000    338        279.3 0.0544
4  2  26.1 0.03590 0.03594 1.21000    320        264.5 0.0559
4  2  26.1 0.03610 0.03613 1.21000    326        269.4 0.0554
4  2  26.1 0.03630 0.03633 1.21000    306        252.9 0.0572
4  2  26.1 0.03650 0.03652 1.21000    310        256.2 0.0568
4  2  26.1 0.03670 0.03672 1.21000    246        203.3 0.0638
4  2  26.1 0.03690 0.03691 1.21000    280        231.4 0.0598
4  2  26.1 0.03710 0.03711 1.21000    272        224.8 0.0606
4  2  26.1 0.03730 0.03730 1.21000    276        228.1 0.0602
4  2  26.1 0.03750 0.03750 1.21000    238        196.7 0.0648
4  2  26.1 0.03770 0.03770 1.21000    278        229.8 0.0600
4  2  26.1 0.03790 0.03789 1.21000    252        208.3 0.0630
4  2  26.1 0.03810 0.03809 1.21000    260        214.9 0.0620
4  2  26.1 0.03830 0.03828 1.21000    256        211.6 0.0625
4  2  26.1 0.03850 0.03848 1.21000    232        191.7 0.0657
4  2  26.1 0.03870 0.03867 1.21000    238        196.7 0.0648
4  2  26.1 0.03890 0.03887 1.21000    236        195.0 0.0651
4  2  26.1 0.03910 0.03906 1.21000    210        173.6 0.0690
4  2  26.1 0.03930 0.03926 1.21000    244        201.7 0.0640
4  2  26.1 0.03950 0.03945 1.21000    238        196.7 0.0648
4  2  26.1 0.03970 0.03975 1.21000    208        171.9 0.0693
4  2  26.1 0.03990 0.03994 1.21000    210        173.6 0.0690
4  3  26.1 0.00010 0.00010 0.07878  72416     919259.2 0.0037
4  3  26.1 0.00030 0.00029 0.04966  71012    1429853.7 0.0038
4  3  26.1 0.00050 0.00049 0.03443  72114    2094692.9 0.0037
4  3  26.1 0.00070 0.00068 0.02630  72060    2740016.1 0.0037
4  3  26.1 0.00090 0.00088 0.02184  71730    3285008.1 0.0037
4  3  26.1 0.00110 0.00107 0.01945  72190    3711895.3 0.0037
4  3  26.1 0.00130 0.00127 0.01945  78134    4017526.3 0.0036
4  3  26.1 0.00150 0.00146 0.01710  71584    4185916.7 0.0037
4  3  26.1 0.00170 0.00166 0.01710  73710    4310235.8 0.0037
4  3  26.1 0.00190 0.00186 0.01710  75142    4393972.9 0.0036
4  3  26.1 0.00210 0.00215 0.01710  76490    4472798.0 0.0036
4  3  26.1 0.00230 0.00234 0.01710  77030    4504374.8 0.0036
4  3  26.1 0.00250 0.00254 0.01710  77384    4525075.1 0.0036
4  3  26.1 0.00270 0.00273 0.01710  77606    4538056.7 0.0036
4  3  26.1 0.00290 0.00293 0.01710  77730    4545307.7 0.0036
4  3  26.1 0.00310 0.00313 0.01710  77760    4547062.0 0.0036
4  3  26.1 0.00330 0.00332 0.01710  77674    4542033.1 0.0036
4  3  26.1 0.00350 0.00352 0.01710  77478    4530571.8 0.0036
4  3  26.1 0.00370 0.00371 0.01710  77166    4512327.5 0.0036
4  3  26.1 0.00390 0.00391 0.01710  76644    4481803.2 0.0036
4  3  26.1 0.00410 0.00410 0.01710  75838    4434671.9 0.0036
4  3  26.1 0.00430 0.00430 0.01710  74652    4365319.8 0.0037
4  3  26.1 0.00450 0.00449 0.01710  72854    4260180.7 0.0037
4  3  26.1 0.00470 0.00469 0.01710  69876    4086040.4 0.0038
4  3  26.1 0.00490 0.00488 0.01710  65872    3851904.1 0.0039
4  3  26.1 0.00510 0.00508 0.01710  60168    3518359.4 0.0041
4  3  26.1 0.00530 0.00527 0.01710  52952    3096399.5 0.0043
4  3  26.1 0.00550 0.00547 0.01710  44752    2616899.6 0.0047
4  3  26.1 0.00570 0.00566 0.01710  36896    2157515.4 0.0052
4  3  26.1 0.00590 0.00586 0.01710  30756    1798475.3 0.0057
4  3  26.1 0.00610 0.00605 0.01710  26194    1531709.6 0.0062
4  3  26.1 0.00630 0.00635 0.01710  22728    1329033.2 0.0066
4  3  26.1 0.00650 0.00654 0.01710  21544    1259798.1 0.0068
4  3  26.1 0.00670 0.00674 0.01710  20906    1222490.7 0.0069
4  3  26.1 0.00690 0.00693 0.01710  20478    1197463.2 0.0070
4  3  26.1 0.00710 0.00713 0.01710  20484    1197814.0 0.0070
4  3  26.1 0.00730 0.00732 0.01710  20082    1174306.8 0.0071
4  3  26.1 0.00750 0.00752 0.01710  20194    1180856.1 0.0070
4  3  26.1 0.00770 0.00771 0.01710  20396    1192668.2 0.0070
4  3  26.1 0.00790 0.00791 0.01710  20024    1170915.2 0.0071
4  3  26.1 0.00810 0.00811 0.01710  19940    1166003.3 0.0071
4  3  26.1 0.00830 0.00830 0.01710  19990    1168927.1 0.0071
4  3  26.1 0.00850 0.00850 0.01710  20046    1172201.7 0.0071
4  3  26.1 0.00870 0.00869 0.01710  19978    1168225.4 0.0071
4  3  26.1 0.00890 0.00889 0.01710  20012    1170213.5 0.0071
4  3  26.1 0.00910 0.00908 0.01710  20204    1181440.8 0.0070
4  3  26.1 0.00930 0.00928 0.01710  20038    1171733.9 0.0071
4  3  26.1 0.00950 0.00947 0.01710  19974    1167991.5 0.0071
4  3  26.1 0.00970 0.00967 0.01710  20114    1176178.0 0.0071
4  3  26.1 0.00990 0.00986 0.01710  19742    1154425.1 0.0071
4  3  26.1 0.01010 0.01006 0.01710  19540    1142613.0 0.0072
4  3  26.1 0.01030 0.01025 0.01710  19176    1121327.9 0.0072
4  3  26.1 0.01050 0.01055 0.01710  18290    1069518.6 0.0074
4  3  26.1 0.01070 0.01074 0.01710  17164    1003675.0 0.0076
4  3  26.1 0.01090 0.01094 0.01710  16178     946018.1 0.0079
4  3  26.1 0.01110 0.01113 0.01710  14420     843218.0 0.0083
4  3  26.1 0.01130 0.01133 0.01710  13080     764860.7 0.0087
4  3  26.1 0.01150 0.01152 0.01710  11270     659019.9 0.0094
4  3  26.1 0.01170 0.01172 0.01710   9770     571306.5 0.0101
4  3  26.1 0.01190 0.01191 0.01710   8138     475874.4 0.0111
4  3  26.1 0.01210 0.01211 0.01710   6806     397984.9 0.0121
4  3  26.1 0.01230 0.01230 0.01710   5710     333895.6 0.0132
4  3  26.1 0.01250 0.01250 0.01710   4694     274484.4 0.0146
4  3  26.1 0.01270 0.01270 0.01710   4052     236943.1 0.0157
4  3  26.1 0.01290 0.01289 0.01710   3558     208056.2 0.0168
4  3  26.1 0.01310 0.01309 0.01710   3208     187589.7 0.0177
4  3  26.1 0.01330 0.01328 0.01710   2910     170164.0 0.0185
4  3  26.1 0.01350 0.01348 0.01710   2738     160106.2 0.0191
4  3  26.1 0.01370 0.01367 0.01710   2546     148878.9 0.0198
4  3  26.1 0.01390 0.01387 0.01710   2738     160106.2 0.0191
4  3  26.1 0.01410 0.01406 0.01710   2552     149229.7 0.0198
4  3  26.1 0.01430 0.01426 0.01710   2426     141861.8 0.0203
4  3  26.1 0.01450 0.01445 0.01710   2314     135312.5 0.0208
4  3  26.1 0.01470 0.01475 0.01710   2240     130985.3 0.0211
4  3  26.1 0.01490 0.01494 0.01710   2250     131570.1 0.0211
4  3  26.1 0.01510 0.01514 0.01738   2238     128748.1 0.0211
4  3  26.1 0.01530 0.01533 0.01767   2234     126440.5 0.0212
4  3  26.1 0.01550 0.01553 0.01767   2232     126327.3 0.0212
4  3  26.1 0.01570 0.01572 0.01865   2304     123510.9 0.0208
4  3  26.1 0.01590 0.01592 0.01958   2262     115523.1 0.0210
4  3  26.1 0.01610 0.01611 0.01958   2268     115829.5 0.0210
4  3  26.1 0.01630 0.01631 0.02023   2256     111498.3 0.0211
4  3  26.1 0.01650 0.01650 0.02074   2260     108981.5 0.0210
4  3  26.1 0.01670 0.01670 0.02176   2270     104340.3 0.0210
4  3  26.1 0.01690 0.01689 0.02251   2240      99532.4 0.0211
4  3  26.1 0.01710 0.01709 0.02339   2368     101242.2 0.0205
4  3  26.1 0.01730 0.01729 0.02431   2242      92231.5 0.0211
4  3  26.1 0.01750 0.01748 0.02482   2226      89677.5 0.0212
4  3  26.1 0.01770 0.01768 0.02574   2330      90518.1 0.0207
4  3  26.1 0.01790 0.01787 0.02721   2316      85115.1 0.0208
4  3  26.1 0.01810 0.01807 0.02941   2282      77605.8 0.0209
4  3  26.1 0.01830 0.01826 0.03172   2304      72641.4 0.0208
4  3  26.1 0.01850 0.01846 0.03331   2286      68634.1 0.0209
4  3  26.1 0.01870 0.01865 0.03887   2278      58612.0 0.0210
4  3  26.1 0.01890 0.01895 0.04461   2272      50933.4 0.0210
4  3  26.1 0.01910 0.01914 0.04835   2338      48355.8 0.0207
4  3  26.1 0.01930 0.01934 0.05585   2322      41574.0 0.0208
4  3  26.1 0.01950 0.01953 0.06386   2318      36298.7 0.0208
4  3  26.1 0.01970 0.01973 0.07225   2224      30782.9 0.0212
4  3  26.1 0.01990 0.01992 0.08540   2270      26581.5 0.0210
4  3  26.1 0.02010 0.02012 0.09545   2230      23363.1 0.0212
4  3  26.1 0.02030 0.02031 0.11190   2254      20143.1 0.0211
4  3  26.1 0.02050 0.02051 0.12609   2246      17813.3 0.0211
4  3  26.1 0.02070 0.02070 0.13747   2228      16207.3 0.0212
4  3  26.1 0.02090 0.02090 0.15873   2360      14868.1 0.0206
4  3  26.1 0.02110 0.02109 0.16282   2302      14138.4 0.0208
4  3  26.1 0.02130 0.02129 0.17029   2236      13130.2 0.0211
4  3  26.1 0.02150 0.02148 0.17798   2274      12776.4 0.0210
4  3  26.1 0.02170 0.02168 0.19311   2288      11848.4 0.0209
4  3  26.1 0.02190 0.02188 0.20202   2282      11296.2 0.0209
4  3  26.1 0.02210 0.02207 0.21186   2282      10771.3 0.0209
4  3  26.1 0.02230 0.02227 0.21186   2312      10912.9 0.0208
4  3  26.1 0.02250 0.02246 0.22174   2230      10056.8 0.0212
4  3  26.1 0.02270 0.02266 0.23002   2240       9738.2 0.0211
4  3  26.1 0.02290 0.02285 0.23002   2246       9764.2 0.0211
4  3  26.1 0.02310 0.02314 0.24155   2272       9406.1 0.0210
4  3  26.1 0.02330 0.02334 0.25234   2284       9051.2 0.0209
4  3  26.1 0.02350 0.02354 0.26125   2250       8612.4 0.0211
4  3  26.1 0.02370 0.02373 0.26995   2322       8601.6 0.0208
4  3  26.1 0.02390 0.02393 0.29264   2412       8242.3 0.0204
4  3  26.1 0.02410 0.02412 0.29264   2250       7688.7 0.0211
4  3  26.1 0.02430 0.02432 0.30159   2304       7639.4 0.0208
4  3  26.1 0.02450 0.02451 0.31433   2230       7094.5 0.0212
4  3  26.1 0.02470 0.02471 0.32773   2254       6877.5 0.0211
4  3  26.1 0.02490 0.02490 0.34644   2282       6586.9 0.0209
4  3  26.1 0.02510 0.02510 0.36191   2246       6205.9 0.0211
4  3  26.1 0.02530 0.02529 0.38394   2272       5917.6 0.0210
4  3  26.1 0.02550 0.02549 0.41704   2312       5543.9 0.0208
4  3  26.1 0.02570 0.02568 0.41704   2278       5462.3 0.0210
4  3  26.1 0.02590 0.02588 0.45115   2232       4947.4 0.0212
4  3  26.1 0.02610 0.02607 0.48874   2334       4775.5 0.0207
4  3  26.0 0.02630 0.02627 0.53693   2236       4164.4 0.0211
4  3  26.0 0.02650 0.02646 0.58656   2258       3849.6 0.0210
4  3  26.0 0.02670 0.02666 0.63516   2358       3712.5 0.0206
4  3  26.0 0.02690 0.02686 0.66761   2248       3367.3 0.0211
4  3  26.0 0.02710 0.02715 0.79242   2272       2867.2 0.0210
4  3  26.0 0.02730 0.02734 0.87648   2278       2599.0 0.0210
4  3  26.0 0.02750 0.02754 0.97868   2254       2303.1 0.0211
4  3  26.0 0.02770 0.02773 1.08454   2254       2078.3 0.0211
4  3  26.0 0.02790 0.02793 1.21000   1950       1611.6 0.0226
4  3  26.0 0.02810 0.02813 1.21000   1762       1456.2 0.0238
4  3  26.0 0.02830 0.02832 1.21000   1630       1347.1 0.0248
4  3  26.0 0.02850 0.02852 1.21000   1492       1233.1 0.0259
4  3  26.0 0.02870 0.02871 1.21000   1364       1127.3 0.0271
4  3  26.0 0.02890 0.02891 1.21000   1306       1079.3 0.0277
4  3  26.0 0.02910 0.02910 1.21000   1236       1021.5 0.0284
4  3  26.0 0.02930 0.02930 1.21000   1182        976.9 0.0291
4  3  26.0 0.02950 0.02949 1.21000   1118        924.0 0.0299
4  3  26.0 0.02970 0.02969 1.21000   1064        879.3 0.0307
4  3  26.0 0.02990 0.02988 1.21000    998        824.8 0.0317
4  3  26.0 0.03010 0.03008 1.21000    962        795.0 0.0322
4  3  26.0 0.03030 0.03027 1.21000    932        770.2 0.0328
4  3  26.0 0.03050 0.03047 1.21000    934        771.9 0.0327
4  3  26.0 0.03070 0.03066 1.21000    884        730.6 0.0336
4  3  26.0 0.03090 0.03086 1.21000    904        747.1 0.0333
4  3  26.0 0.03110 0.03105 1.21000    850        702.5 0.0343
4  3  26.0 0.03130 0.03135 1.21000    794        656.2 0.0355
4  3  26.0 0.03150 0.03154 1.21000    786        649.6 0.0357
4  3  26.0 0.03170 0.03174 1.21000    764        631.4 0.0362
4  3  26.0 0.03190 0.03193 1.21000    690        570.2 0.0381
4  3  26.0 0.03210 0.03213 1.21000    708        585.1 0.0376
4  3  26.0 0.03230 0.03232 1.21000    652        538.8 0.0392
4  3  26.0 0.03250 0.03252 1.21000    638        527.3 0.0396
4  3  26.0 0.03270 0.03271 1.21000    622        514.0 0.0401
4  3  26.0 0.03290 0.03291 1.21000    570        471.1 0.0419
4  3  26.0 0.03310 0.03311 1.21000    570        471.1 0.0419
4  3  26.0 0.03330 0.03330 1.21000    526        434.7 0.0436
4  3  26.0 0.03350 0.03350 1.21000    492        406.6 0.0451
4  3  26.0 0.03370 0.03369 1.21000    484        400.0 0.0455
4  3  26.0 0.03390 0.03389 1.21000    442        365.3 0.0476
4  3  26.0 0.03410 0.03408 1.21000    420        347.1 0.0488
4  3  26.0 0.03430 0.03428 1.21000    440        363.6 0.0477
4  3  26.0 0.03450 0.03447 1.21000    394        325.6 0.0504
4  3  26.0 0.03470 0.03467 1.21000    422        348.8 0.0487
4  3  26.0 0.03490 0.03486 1.21000    368        304.1 0.0521
4  3  26.0 0.03510 0.03506 1.21000    374        309.1 0.0517
4  3  26.0 0.03530 0.03525 1.21000    332        274.4 0.0549
4  3  26.0 0.03550 0.03555 1.21000    282        233.1 0.0595
4  3  26.0 0.03570 0.03574 1.21000    262        216.5 0.0618
4  3  26.0 0.03590 0.03594 1.21000    294        243.0 0.0583
4  3  26.0 0.03610 0.03613 1.21000    294        243.0 0.0583
4  3  26.0 0.03630 0.03633 1.21000    232        191.7 0.0657
4  3  26.0 0.03650 0.03652 1.21000    254        209.9 0.0627
4  3  26.0 0.03670 0.03672 1.21000    242        200.0 0.0643
4  3  26.0 0.03690 0.03691 1.21000    254        209.9 0.0627
4  3  26.0 0.03710 0.03711 1.21000    240        198.3 0.0645
4  3  26.0 0.03730 0.03730 1.21000    232        191.7 0.0657
4  3  26.0 0.03750 0.03750 1.21000    228        188.4 0.0662
4  3  26.0 0.03770 0.03770 1.21000    232        191.7 0.0657
4  3  26.0 0.03790 0.03789 1.21000    208        171.9 0.0693
4  3  26.0 0.03810 0.03809 1.21000    188        155.4 0.0729
4  3  26.0 0.03830 0.03828 1.21000    226        186.8 0.0665
4  3  26.0 0.03850 0.03848 1.21000    232        191.7 0.0657
4  3  25.9 0.03870 0.03867 1.21000    200        165.3 0.0707
4  3  25.9 0.03890 0.03887 1.21000    228        188.4 0.0662
4  3  25.9 0.03910 0.03906 1.21000    198        163.6 0.0711
4  3  25.9 0.03930 0.03926 1.21000    200        165.3 0.0707
4  3  25.9 0.03950 0.03945 1.21000    208        171.9 0.0693
4  3  25.9 0.03970 0.03975 1.21000    202        166.9 0.0704
4  3  25.9 0.03990 0.03994 1.21000    186        153.7 0.0733
