# Scan Time    : Fri, 18 Mar 2022 07:18:13 +0000 (GMT) +615929000 nsec
# Board Lane   : 5
# Board Loc    : BTOF - Southeast
# SiPM Biases  :  56.556  57.226  57.376  57.131
# SiPM Currents:   1.029   1.436   1.513   1.263
#
7 -1  26.1 0.00010 0.00010 1.21000      0          0.0 999.9990
7 -1  26.1 0.00030 0.00029 1.21000      0          0.0 999.9990
7 -1  26.1 0.00050 0.00049 1.21000      0          0.0 999.9990
7 -1  26.1 0.00070 0.00068 1.21000      0          0.0 999.9990
7 -1  26.1 0.00090 0.00088 1.21000      0          0.0 999.9990
7 -1  26.1 0.00110 0.00107 1.21000      0          0.0 999.9990
7 -1  26.1 0.00130 0.00127 1.21000      0          0.0 999.9990
7 -1  26.1 0.00150 0.00146 1.21000      0          0.0 999.9990
7 -1  26.1 0.00170 0.00166 1.21000      0          0.0 999.9990
7 -1  26.1 0.00190 0.00186 1.21000      0          0.0 999.9990
7 -1  26.1 0.00210 0.00215 1.21000      0          0.0 999.9990
7 -1  26.1 0.00230 0.00234 1.21000      0          0.0 999.9990
7 -1  26.1 0.00250 0.00254 1.21000      0          0.0 999.9990
7 -1  26.1 0.00270 0.00273 1.21000      2          1.7 0.7071
7 -1  26.1 0.00290 0.00293 1.21000      2          1.7 0.7071
7 -1  26.1 0.00310 0.00313 1.21000      2          1.7 0.7071
7 -1  26.1 0.00330 0.00332 1.21000      2          1.7 0.7071
7 -1  26.1 0.00350 0.00352 1.21000      4          3.3 0.5000
7 -1  26.1 0.00370 0.00371 1.21000      2          1.7 0.7071
7 -1  26.1 0.00390 0.00391 1.21000      4          3.3 0.5000
7 -1  26.1 0.00410 0.00410 1.21000      4          3.3 0.5000
7 -1  26.1 0.00430 0.00430 1.21000     12          9.9 0.2887
7 -1  26.1 0.00450 0.00449 1.21000     12          9.9 0.2887
7 -1  26.1 0.00470 0.00469 1.21000      8          6.6 0.3536
7 -1  26.1 0.00490 0.00488 1.21000     18         14.9 0.2357
7 -1  26.1 0.00510 0.00508 1.21000     32         26.4 0.1768
7 -1  26.1 0.00530 0.00527 1.21000     74         61.2 0.1162
7 -1  26.1 0.00550 0.00547 1.21000    136        112.4 0.0857
7 -1  26.1 0.00570 0.00566 1.21000    370        305.8 0.0520
7 -1  26.1 0.00590 0.00586 1.21000    934        771.9 0.0327
7 -1  26.1 0.00610 0.00605 1.21000   2328       1924.0 0.0207
7 -1  26.1 0.00630 0.00635 1.21000   8418       6957.0 0.0109
7 -1  26.1 0.00650 0.00654 1.21000  19676      16261.2 0.0071
7 -1  26.1 0.00670 0.00674 1.21000  44508      36783.5 0.0047
7 -1  26.1 0.00690 0.00693 0.89062  73234      82228.5 0.0037
7 -1  26.1 0.00710 0.00713 0.41411  71690     173118.0 0.0037
7 -1  26.2 0.00730 0.00732 0.22748  78680     345874.7 0.0036
7 -1  26.2 0.00750 0.00752 0.10873  72986     671242.4 0.0037
7 -1  26.2 0.00770 0.00771 0.05973  72678    1216784.2 0.0037
7 -1  26.2 0.00790 0.00791 0.03567  69836    1957960.5 0.0038
7 -1  26.2 0.00810 0.00811 0.02305  72874    3161468.5 0.0037
7 -1  26.2 0.00830 0.00830 0.01548  71490    4618110.8 0.0037
7 -1  26.2 0.00850 0.00850 0.01144  72464    6335123.0 0.0037
7 -1  26.2 0.00870 0.00869 0.00910  72812    7999724.0 0.0037
7 -1  26.2 0.00890 0.00889 0.00766  71732    9365114.9 0.0037
7 -1  26.2 0.00910 0.00908 0.00688  71586   10404234.5 0.0037
7 -1  26.2 0.00930 0.00928 0.00688  77454   11257083.5 0.0036
7 -1  26.2 0.00950 0.00947 0.00603  72370   12002412.4 0.0037
7 -1  26.2 0.00970 0.00967 0.00603  75264   12482376.2 0.0036
7 -1  26.2 0.00990 0.00986 0.00603  77536   12859182.6 0.0036
7 -1  26.2 0.01010 0.01006 0.00603  79046   13109612.9 0.0036
7 -1  26.2 0.01030 0.01025 0.00540  71690   13269824.4 0.0037
7 -1  26.2 0.01050 0.01055 0.00540  72704   13457515.8 0.0037
7 -1  26.2 0.01070 0.01074 0.00540  73118   13534147.3 0.0037
7 -1  26.2 0.01090 0.01094 0.00540  73188   13547104.3 0.0037
7 -1  26.2 0.01110 0.01113 0.00540  73086   13528224.1 0.0037
7 -1  26.2 0.01130 0.01133 0.00540  72508   13421236.2 0.0037
7 -1  26.2 0.01150 0.01152 0.00540  71584   13250203.8 0.0037
7 -1  26.2 0.01170 0.01172 0.00540  70176   12989582.9 0.0038
7 -1  26.2 0.01190 0.01191 0.00540  68108   12606795.9 0.0038
7 -1  26.2 0.01210 0.01211 0.00540  65166   12062231.5 0.0039
7 -1  26.2 0.01230 0.01230 0.00540  61168   11322201.4 0.0040
7 -1  26.2 0.01250 0.01250 0.00540  55894   10345983.6 0.0042
7 -1  26.2 0.01270 0.01270 0.00540  49898    9236123.5 0.0045
7 -1  26.2 0.01290 0.01289 0.00540  43682    8085541.5 0.0048
7 -1  26.2 0.01310 0.01309 0.00540  37510    6943103.8 0.0052
7 -1  26.2 0.01330 0.01328 0.00540  33136    6133476.1 0.0055
7 -1  26.2 0.01350 0.01348 0.00540  29864    5527828.6 0.0058
7 -1  26.2 0.01370 0.01367 0.00540  28086    5198720.7 0.0060
7 -1  26.2 0.01390 0.01387 0.00540  26784    4957720.4 0.0061
7 -1  26.2 0.01410 0.01406 0.00540  26068    4825188.8 0.0062
7 -1  26.2 0.01430 0.01426 0.00540  25640    4745965.9 0.0062
7 -1  26.2 0.01450 0.01445 0.00540  25620    4742263.9 0.0062
7 -1  26.2 0.01470 0.01475 0.00540  25050    4636756.9 0.0063
7 -1  26.2 0.01490 0.01494 0.00540  24862    4601958.1 0.0063
7 -1  26.2 0.01510 0.01514 0.00540  24912    4611213.1 0.0063
7 -1  26.2 0.01530 0.01533 0.00540  24946    4617506.5 0.0063
7 -1  26.2 0.01550 0.01553 0.00540  24648    4562346.6 0.0064
7 -1  26.2 0.01570 0.01572 0.00540  24938    4616025.7 0.0063
7 -1  26.2 0.01590 0.01592 0.00540  24494    4533841.2 0.0064
7 -1  26.2 0.01610 0.01611 0.00540  24592    4551981.0 0.0064
7 -1  26.2 0.01630 0.01631 0.00540  24620    4557163.8 0.0064
7 -1  26.2 0.01650 0.01650 0.00540  24800    4590481.9 0.0064
7 -1  26.2 0.01670 0.01670 0.00540  24454    4526437.2 0.0064
7 -1  26.2 0.01690 0.01689 0.00540  24238    4486455.6 0.0064
7 -1  26.2 0.01710 0.01709 0.00540  24496    4534211.4 0.0064
7 -1  26.2 0.01730 0.01729 0.00540  24430    4521994.8 0.0064
7 -1  26.2 0.01750 0.01748 0.00540  24030    4447954.8 0.0065
7 -1  26.2 0.01770 0.01768 0.00540  23832    4411305.0 0.0065
7 -1  26.2 0.01790 0.01787 0.00540  23364    4324678.1 0.0065
7 -1  26.2 0.01810 0.01807 0.00540  22586    4180670.3 0.0067
7 -1  26.2 0.01830 0.01826 0.00540  21802    4035551.8 0.0068
7 -1  26.2 0.01850 0.01846 0.00540  20756    3841937.2 0.0069
7 -1  26.2 0.01870 0.01865 0.00540  19474    3604638.9 0.0072
7 -1  26.2 0.01890 0.01895 0.00540  17196    3182980.9 0.0076
7 -1  26.2 0.01910 0.01914 0.00540  15862    2936057.4 0.0079
7 -1  26.2 0.01930 0.01934 0.00540  13772    2549198.2 0.0085
7 -1  26.2 0.01950 0.01953 0.00540  12212    2260442.1 0.0090
7 -1  26.2 0.01970 0.01973 0.00540  10820    2002782.8 0.0096
7 -1  26.2 0.01990 0.01992 0.00540   9916    1835452.3 0.0100
7 -1  26.2 0.02010 0.02012 0.00540   8666    1604077.2 0.0107
7 -1  26.2 0.02030 0.02031 0.00540   7910    1464141.6 0.0112
7 -1  26.2 0.02050 0.02051 0.00540   7320    1354932.5 0.0117
7 -1  26.2 0.02070 0.02070 0.00540   6836    1265344.1 0.0121
7 -1  26.2 0.02090 0.02090 0.00540   6384    1181678.9 0.0125
7 -1  26.2 0.02110 0.02109 0.00540   5972    1105417.6 0.0129
7 -1  26.2 0.02130 0.02129 0.00540   5770    1068027.4 0.0132
7 -1  26.2 0.02150 0.02148 0.00540   5678    1050998.2 0.0133
7 -1  26.2 0.02170 0.02168 0.00540   5494    1016939.8 0.0135
7 -1  26.2 0.02190 0.02188 0.00540   5280     977328.4 0.0138
7 -1  26.2 0.02210 0.02207 0.00540   5120     947712.4 0.0140
7 -1  26.2 0.02230 0.02227 0.00540   4920     910692.4 0.0143
7 -1  26.2 0.02250 0.02246 0.00540   4832     894403.6 0.0144
7 -1  26.2 0.02270 0.02266 0.00540   4630     857013.3 0.0147
7 -1  26.2 0.02290 0.02285 0.00540   4598     851090.1 0.0147
7 -1  26.2 0.02310 0.02314 0.00540   4464     826286.7 0.0150
7 -1  26.2 0.02330 0.02334 0.00540   4278     791858.1 0.0153
7 -1  26.2 0.02350 0.02354 0.00540   4158     769646.1 0.0155
7 -1  26.2 0.02370 0.02373 0.00540   3996     739659.9 0.0158
7 -1  26.2 0.02390 0.02393 0.00540   3986     737808.9 0.0158
7 -1  26.2 0.02410 0.02412 0.00540   3860     714486.3 0.0161
7 -1  26.2 0.02430 0.02432 0.00540   3832     709303.5 0.0162
7 -1  26.2 0.02450 0.02451 0.00540   3702     685240.5 0.0164
7 -1  26.2 0.02470 0.02471 0.00540   3542     655624.5 0.0168
7 -1  26.2 0.02490 0.02490 0.00540   3404     630080.7 0.0171
7 -1  26.2 0.02510 0.02510 0.00540   3346     619344.9 0.0173
7 -1  26.2 0.02530 0.02529 0.00540   3198     591950.0 0.0177
7 -1  26.2 0.02550 0.02549 0.00540   3002     555670.4 0.0183
7 -1  26.2 0.02570 0.02568 0.00540   2868     530867.0 0.0187
7 -1  26.2 0.02590 0.02588 0.00540   2720     503472.2 0.0192
7 -1  26.2 0.02610 0.02607 0.00540   2530     468303.2 0.0199
7 -1  26.2 0.02630 0.02627 0.00540   2354     435725.6 0.0206
7 -1  26.2 0.02650 0.02646 0.00583   2502     429275.2 0.0200
7 -1  26.2 0.02670 0.02666 0.00596   2266     380437.4 0.0210
7 -1  26.2 0.02690 0.02686 0.00652   2288     350938.7 0.0209
7 -1  26.2 0.02710 0.02715 0.00755   2240     296879.7 0.0211
7 -1  26.2 0.02730 0.02734 0.00837   2300     274924.8 0.0209
7 -1  26.2 0.02750 0.02754 0.00868   2264     260726.8 0.0210
7 -1  26.2 0.02770 0.02773 0.00974   2260     231920.3 0.0210
7 -1  26.2 0.02790 0.02793 0.01053   2338     222000.5 0.0207
7 -1  26.2 0.02810 0.02813 0.01146   2258     197035.8 0.0210
7 -1  26.2 0.02830 0.02832 0.01192   2268     190255.3 0.0210
7 -1  26.2 0.02850 0.02852 0.01308   2346     179367.9 0.0206
7 -1  26.2 0.02870 0.02871 0.01339   2260     168775.5 0.0210
7 -1  26.2 0.02890 0.02891 0.01417   2328     164308.2 0.0207
7 -1  26.2 0.02910 0.02910 0.01494   2282     152715.9 0.0209
7 -1  26.2 0.02930 0.02930 0.01573   2274     144598.7 0.0210
7 -1  26.2 0.02950 0.02949 0.01573   2228     141673.6 0.0212
7 -1  26.2 0.02970 0.02969 0.01618   2262     139843.6 0.0210
7 -1  26.2 0.02990 0.02988 0.01705   2254     132199.7 0.0211
7 -1  26.2 0.03010 0.03008 0.01779   2398     134827.3 0.0204
7 -1  26.2 0.03030 0.03027 0.01779   2248     126393.6 0.0211
7 -1  26.2 0.03050 0.03047 0.01915   2224     116152.7 0.0212
7 -1  26.2 0.03070 0.03066 0.01915   2242     117092.7 0.0211
7 -1  26.2 0.03090 0.03086 0.01961   2242     114352.5 0.0211
7 -1  26.2 0.03110 0.03105 0.02045   2334     114116.0 0.0207
7 -1  26.2 0.03130 0.03135 0.02077   2234     107561.6 0.0212
7 -1  26.2 0.03150 0.03154 0.02204   2294     104087.8 0.0209
7 -1  26.2 0.03170 0.03174 0.02265   2276     100484.9 0.0210
7 -1  26.2 0.03190 0.03193 0.02377   2296      96600.6 0.0209
7 -1  26.2 0.03210 0.03213 0.02483   2380      95851.2 0.0205
7 -1  26.2 0.03230 0.03232 0.02519   2224      88278.6 0.0212
7 -1  26.2 0.03250 0.03252 0.02594   2274      87663.5 0.0210
7 -1  26.2 0.03270 0.03271 0.02888   2328      80617.2 0.0207
7 -1  26.2 0.03290 0.03291 0.02901   2274      78392.8 0.0210
7 -1  26.2 0.03310 0.03311 0.03037   2290      75391.5 0.0209
7 -1  26.2 0.03330 0.03330 0.03223   2290      71048.5 0.0209
7 -1  26.2 0.03350 0.03350 0.03331   2282      68506.2 0.0209
7 -1  26.2 0.03370 0.03369 0.03646   2306      63244.9 0.0208
7 -1  26.2 0.03390 0.03389 0.03814   2250      58987.4 0.0211
7 -1  26.2 0.03410 0.03408 0.04034   2250      55778.5 0.0211
7 -1  26.2 0.03430 0.03428 0.04338   2256      52003.8 0.0211
7 -1  26.2 0.03450 0.03447 0.04727   2314      48948.6 0.0208
7 -1  26.2 0.03470 0.03467 0.04943   2276      46042.6 0.0210
7 -1  26.2 0.03490 0.03486 0.05566   2396      43046.6 0.0204
7 -1  26.2 0.03510 0.03506 0.05742   2266      39465.2 0.0210
7 -1  26.2 0.03530 0.03525 0.06077   2264      37257.4 0.0210
7 -1  26.2 0.03550 0.03555 0.06542   2226      34027.3 0.0212
7 -1  26.2 0.03570 0.03574 0.06995   2238      31993.6 0.0211
7 -1  26.2 0.03590 0.03594 0.07377   2326      31532.3 0.0207
7 -1  26.2 0.03610 0.03613 0.07777   2262      29086.6 0.0210
7 -1  26.2 0.03630 0.03633 0.07777   2230      28675.1 0.0212
7 -1  26.2 0.03650 0.03652 0.08640   2340      27083.4 0.0207
7 -1  26.2 0.03670 0.03672 0.08640   2228      25787.1 0.0212
7 -1  26.2 0.03690 0.03691 0.09125   2248      24636.8 0.0211
7 -1  26.2 0.03710 0.03711 0.09591   2378      24793.4 0.0205
7 -1  26.2 0.03730 0.03730 0.09591   2232      23271.2 0.0212
7 -1  26.2 0.03750 0.03750 0.10053   2288      22760.0 0.0209
7 -1  26.2 0.03770 0.03770 0.10181   2258      22178.5 0.0210
7 -1  26.2 0.03790 0.03789 0.10425   2310      22158.3 0.0208
7 -1  26.2 0.03810 0.03809 0.10916   2300      21069.5 0.0209
7 -1  26.2 0.03830 0.03828 0.10976   2224      20263.3 0.0212
7 -1  26.2 0.03850 0.03848 0.11649   2300      19744.5 0.0209
7 -1  26.2 0.03870 0.03867 0.11744   2262      19261.0 0.0210
7 -1  26.2 0.03890 0.03887 0.12145   2290      18855.4 0.0209
7 -1  26.2 0.03910 0.03906 0.12575   2364      18799.0 0.0206
7 -1  26.2 0.03930 0.03926 0.12935   2224      17194.0 0.0212
7 -1  26.2 0.03950 0.03945 0.13389   2340      17477.4 0.0207
7 -1  26.2 0.03970 0.03975 0.13760   2274      16525.8 0.0210
7 -1  26.2 0.03990 0.03994 0.14532   2240      15414.2 0.0211
7  0  26.2 0.00010 0.00010 1.21000    210        173.6 0.0690
7  0  26.2 0.00030 0.00029 1.21000     16         13.2 0.2500
7  0  26.2 0.00050 0.00049 1.21000     10          8.3 0.3162
7  0  26.2 0.00070 0.00068 1.21000     12          9.9 0.2887
7  0  26.2 0.00090 0.00088 1.21000     14         11.6 0.2673
7  0  26.2 0.00110 0.00107 1.21000     14         11.6 0.2673
7  0  26.2 0.00130 0.00127 1.21000     18         14.9 0.2357
7  0  26.2 0.00150 0.00146 1.21000     16         13.2 0.2500
7  0  26.2 0.00170 0.00166 1.21000     16         13.2 0.2500
7  0  26.2 0.00190 0.00186 1.21000     20         16.5 0.2236
7  0  26.2 0.00210 0.00215 1.21000     30         24.8 0.1826
7  0  26.2 0.00230 0.00234 1.21000     24         19.8 0.2041
7  0  26.2 0.00250 0.00254 1.21000     24         19.8 0.2041
7  0  26.2 0.00270 0.00273 1.21000     24         19.8 0.2041
7  0  26.2 0.00290 0.00293 1.21000     32         26.4 0.1768
7  0  26.2 0.00310 0.00313 1.21000     28         23.1 0.1890
7  0  26.2 0.00330 0.00332 1.21000     24         19.8 0.2041
7  0  26.2 0.00350 0.00352 1.21000     36         29.8 0.1667
7  0  26.2 0.00370 0.00371 1.21000     34         28.1 0.1715
7  0  26.2 0.00390 0.00391 1.21000     50         41.3 0.1414
7  0  26.2 0.00410 0.00410 1.21000     40         33.1 0.1581
7  0  26.2 0.00430 0.00430 1.21000     46         38.0 0.1474
7  0  26.2 0.00450 0.00449 1.21000     50         41.3 0.1414
7  0  26.2 0.00470 0.00469 1.21000     54         44.6 0.1361
7  0  26.2 0.00490 0.00488 1.21000     70         57.9 0.1195
7  0  26.2 0.00510 0.00508 1.21000     90         74.4 0.1054
7  0  26.2 0.00530 0.00527 1.21000    134        110.7 0.0864
7  0  26.2 0.00550 0.00547 1.21000    242        200.0 0.0643
7  0  26.2 0.00570 0.00566 1.21000    534        441.3 0.0433
7  0  26.2 0.00590 0.00586 1.21000   1354       1119.0 0.0272
7  0  26.2 0.00610 0.00605 1.21000   3056       2525.6 0.0181
7  0  26.2 0.00630 0.00635 1.21000  10622       8778.5 0.0097
7  0  26.2 0.00650 0.00654 1.21000  24420      20181.8 0.0064
7  0  26.2 0.00670 0.00674 1.21000  53442      44166.9 0.0043
7  0  26.2 0.00690 0.00693 0.62476  72158     115496.4 0.0037
7  0  26.2 0.00710 0.00713 0.34320  78998     230181.8 0.0036
7  0  26.2 0.00730 0.00732 0.16210  71846     443208.4 0.0037
7  0  26.2 0.00750 0.00752 0.09078  72536     799023.3 0.0037
7  0  26.2 0.00770 0.00771 0.05505  72672    1320104.2 0.0037
7  0  26.2 0.00790 0.00791 0.03856  72190    1871913.7 0.0037
7  0  26.2 0.00810 0.00811 0.02868  72328    2522276.4 0.0037
7  0  26.2 0.00830 0.00830 0.02311  72140    3121030.5 0.0037
7  0  26.2 0.00850 0.00850 0.02009  72288    3597504.2 0.0037
7  0  26.2 0.00870 0.00869 0.02009  78466    3904960.2 0.0036
7  0  26.2 0.00890 0.00889 0.01734  71932    4147879.8 0.0037
7  0  26.2 0.00910 0.00908 0.01734  74612    4302419.0 0.0037
7  0  26.2 0.00930 0.00928 0.01734  76328    4401370.3 0.0036
7  0  26.2 0.00950 0.00947 0.01734  77500    4468952.4 0.0036
7  0  26.2 0.00970 0.00967 0.01734  78280    4513930.2 0.0036
7  0  26.2 0.00990 0.00986 0.01734  78806    4544261.4 0.0036
7  0  26.2 0.01010 0.01006 0.01734  79182    4565943.1 0.0036
7  0  26.2 0.01030 0.01025 0.01734  79388    4577821.8 0.0035
7  0  26.2 0.01050 0.01055 0.01734  79546    4586932.7 0.0035
7  0  26.2 0.01070 0.01074 0.01734  79518    4585318.1 0.0035
7  0  26.2 0.01090 0.01094 0.01734  79396    4578283.1 0.0035
7  0  26.2 0.01110 0.01113 0.01734  79168    4565135.8 0.0036
7  0  26.2 0.01130 0.01133 0.01734  78786    4543108.1 0.0036
7  0  26.2 0.01150 0.01152 0.01734  78212    4510009.1 0.0036
7  0  26.2 0.01170 0.01172 0.01734  77362    4460994.8 0.0036
7  0  26.2 0.01190 0.01191 0.01734  76100    4388222.9 0.0036
7  0  26.2 0.01210 0.01211 0.01734  74198    4278546.2 0.0037
7  0  26.2 0.01230 0.01230 0.01734  71336    4113512.1 0.0037
7  0  26.2 0.01250 0.01250 0.01734  67232    3876859.4 0.0039
7  0  26.2 0.01270 0.01270 0.01734  61514    3547137.2 0.0040
7  0  26.2 0.01290 0.01289 0.01734  54004    3114081.3 0.0043
7  0  26.2 0.01310 0.01309 0.01734  45136    2602717.9 0.0047
7  0  26.2 0.01330 0.01328 0.01734  36426    2100465.3 0.0052
7  0  26.2 0.01350 0.01348 0.01734  28936    1668562.7 0.0059
7  0  26.2 0.01370 0.01367 0.01734  23806    1372746.8 0.0065
7  0  26.2 0.01390 0.01387 0.01734  20592    1187415.1 0.0070
7  0  26.2 0.01410 0.01406 0.01734  19016    1096536.8 0.0073
7  0  26.2 0.01430 0.01426 0.01734  17788    1025725.5 0.0075
7  0  26.2 0.01450 0.01445 0.01734  17274     996086.2 0.0076
7  0  26.2 0.01470 0.01475 0.01734  16990     979709.7 0.0077
7  0  26.2 0.01490 0.01494 0.01734  16950     977403.1 0.0077
7  0  26.2 0.01510 0.01514 0.01734  17064     983976.8 0.0077
7  0  26.2 0.01530 0.01533 0.01734  17014     981093.6 0.0077
7  0  26.2 0.01550 0.01553 0.01734  16828     970368.1 0.0077
7  0  26.2 0.01570 0.01572 0.01734  16824     970137.5 0.0077
7  0  26.2 0.01590 0.01592 0.01734  16930     976249.9 0.0077
7  0  26.2 0.01610 0.01611 0.01734  16950     977403.1 0.0077
7  0  26.2 0.01630 0.01631 0.01734  16878     973251.3 0.0077
7  0  26.2 0.01650 0.01650 0.01734  16810     969330.2 0.0077
7  0  26.2 0.01670 0.01670 0.01734  16918     975557.9 0.0077
7  0  26.2 0.01690 0.01689 0.01734  16710     963563.8 0.0077
7  0  26.2 0.01710 0.01709 0.01734  16820     969906.8 0.0077
7  0  26.2 0.01730 0.01729 0.01734  16660     960680.6 0.0077
7  0  26.2 0.01750 0.01748 0.01734  16390     945111.3 0.0078
7  0  26.2 0.01770 0.01768 0.01734  15706     905669.2 0.0080
7  0  26.2 0.01790 0.01787 0.01734  15186     875684.0 0.0081
7  0  26.2 0.01810 0.01807 0.01734  14330     826323.7 0.0084
7  0  26.2 0.01830 0.01826 0.01734  13330     768659.8 0.0087
7  0  26.2 0.01850 0.01846 0.01734  11992     691505.5 0.0091
7  0  26.2 0.01870 0.01865 0.01734  10762     620578.9 0.0096
7  0  26.2 0.01890 0.01895 0.01734   8818     508480.3 0.0106
7  0  26.2 0.01910 0.01914 0.01734   7592     437784.3 0.0115
7  0  26.2 0.01930 0.01934 0.01734   6612     381273.7 0.0123
7  0  26.2 0.01950 0.01953 0.01734   5890     339640.4 0.0130
7  0  26.2 0.01970 0.01973 0.01734   5256     303081.5 0.0138
7  0  26.2 0.01990 0.01992 0.01734   4738     273211.6 0.0145
7  0  26.2 0.02010 0.02012 0.01734   4358     251299.3 0.0151
7  0  26.2 0.02030 0.02031 0.01734   4202     242303.7 0.0154
7  0  26.2 0.02050 0.02051 0.01734   4060     234115.4 0.0157
7  0  26.2 0.02070 0.02070 0.01734   3894     224543.2 0.0160
7  0  26.2 0.02090 0.02090 0.01734   3752     216355.0 0.0163
7  0  26.2 0.02110 0.02109 0.01734   3768     217277.6 0.0163
7  0  26.2 0.02130 0.02129 0.01734   3656     210819.2 0.0165
7  0  26.2 0.02150 0.02148 0.01734   3636     209665.9 0.0166
7  0  26.2 0.02170 0.02168 0.01734   3658     210934.6 0.0165
7  0  26.2 0.02190 0.02188 0.01734   3550     204706.9 0.0168
7  0  26.2 0.02210 0.02207 0.01734   3558     205168.2 0.0168
7  0  26.2 0.02230 0.02227 0.01734   3386     195250.0 0.0172
7  0  26.2 0.02250 0.02246 0.01734   3426     197556.5 0.0171
7  0  26.2 0.02270 0.02266 0.01734   3498     201708.3 0.0169
7  0  26.2 0.02290 0.02285 0.01734   3412     196749.2 0.0171
7  0  26.2 0.02310 0.02314 0.01734   3480     200670.4 0.0170
7  0  26.2 0.02330 0.02334 0.01734   3364     193981.4 0.0172
7  0  26.2 0.02350 0.02354 0.01734   3284     189368.3 0.0175
7  0  26.2 0.02370 0.02373 0.01734   3266     188330.3 0.0175
7  0  26.2 0.02390 0.02393 0.01734   3292     189829.6 0.0174
7  0  26.2 0.02410 0.02412 0.01734   3138     180949.3 0.0179
7  0  26.2 0.02430 0.02432 0.01734   3170     182794.6 0.0178
7  0  26.2 0.02450 0.02451 0.01734   3046     175644.2 0.0181
7  0  26.2 0.02470 0.02471 0.01734   3034     174952.3 0.0182
7  0  26.2 0.02490 0.02490 0.01734   2854     164572.8 0.0187
7  0  26.2 0.02510 0.02510 0.01734   2748     158460.4 0.0191
7  0  26.2 0.02530 0.02529 0.01734   2624     151310.1 0.0195
7  0  26.2 0.02550 0.02549 0.01734   2492     143698.4 0.0200
7  0  26.2 0.02570 0.02568 0.01734   2330     134356.9 0.0207
7  0  26.2 0.02590 0.02588 0.01842   2234     121284.4 0.0212
7  0  26.2 0.02610 0.02607 0.02068   2264     109484.4 0.0210
7  0  26.2 0.02630 0.02627 0.02288   2308     100862.9 0.0208
7  0  26.2 0.02650 0.02646 0.02473   2246      90820.6 0.0211
7  0  26.2 0.02670 0.02666 0.02778   2308      83083.4 0.0208
7  0  26.2 0.02690 0.02686 0.03058   2292      74951.6 0.0209
7  0  26.2 0.02710 0.02715 0.03507   2304      65693.7 0.0208
7  0  26.2 0.02730 0.02734 0.03708   2264      61055.3 0.0210
7  0  26.2 0.02750 0.02754 0.03906   2226      56988.7 0.0212
7  0  26.2 0.02770 0.02773 0.03949   2258      57183.5 0.0210
7  0  26.2 0.02790 0.02793 0.04158   2260      54349.3 0.0210
7  0  26.2 0.02810 0.02813 0.04330   2264      52289.2 0.0210
7  0  26.2 0.02830 0.02832 0.04429   2300      51925.3 0.0209
7  0  26.2 0.02850 0.02852 0.04429   2234      50435.3 0.0212
7  0  26.2 0.02870 0.02871 0.04665   2362      50637.2 0.0206
7  0  26.2 0.02890 0.02891 0.04665   2278      48836.4 0.0210
7  0  26.2 0.02910 0.02910 0.04665   2256      48364.8 0.0211
7  0  26.2 0.02930 0.02930 0.04665   2266      48579.1 0.0210
7  0  26.2 0.02950 0.02949 0.04665   2230      47807.4 0.0212
7  0  26.2 0.02970 0.02969 0.04842   2334      48203.0 0.0207
7  0  26.2 0.02990 0.02988 0.04842   2262      46716.0 0.0210
7  0  26.2 0.03010 0.03008 0.04842   2238      46220.3 0.0211
7  0  26.2 0.03030 0.03027 0.04995   2270      45446.5 0.0210
7  0  26.2 0.03050 0.03047 0.05240   2342      44693.4 0.0207
7  0  26.2 0.03070 0.03066 0.05240   2284      43586.5 0.0209
7  0  26.2 0.03090 0.03086 0.05240   2262      43166.7 0.0210
7  0  26.2 0.03110 0.03105 0.05302   2256      42548.5 0.0211
7  0  26.2 0.03130 0.03135 0.05500   2308      41962.0 0.0208
7  0  26.2 0.03150 0.03154 0.05500   2246      40834.7 0.0211
7  0  26.2 0.03170 0.03174 0.05746   2238      38950.3 0.0211
7  0  26.2 0.03190 0.03193 0.05746   2294      39924.9 0.0209
7  0  26.2 0.03210 0.03213 0.05905   2310      39117.8 0.0208
7  0  26.2 0.03230 0.03232 0.06084   2330      38295.6 0.0207
7  0  26.2 0.03250 0.03252 0.06347   2294      36142.8 0.0209
7  0  26.2 0.03270 0.03271 0.06650   2292      34468.4 0.0209
7  0  26.2 0.03290 0.03291 0.06954   2228      32037.1 0.0212
7  0  26.2 0.03310 0.03311 0.07553   2362      31273.7 0.0206
7  0  26.2 0.03330 0.03330 0.07553   2244      29711.3 0.0211
7  0  26.2 0.03350 0.03350 0.08383   2268      27055.9 0.0210
7  0  26.2 0.03370 0.03369 0.08828   2240      25375.0 0.0211
7  0  26.2 0.03390 0.03389 0.09739   2256      23163.9 0.0211
7  0  26.2 0.03410 0.03408 0.10846   2320      21389.5 0.0208
7  0  26.2 0.03430 0.03428 0.11005   2278      20699.8 0.0210
7  0  26.2 0.03450 0.03447 0.12071   2280      18888.1 0.0209
7  0  26.2 0.03470 0.03467 0.13136   2276      17325.9 0.0210
7  0  26.2 0.03490 0.03486 0.14656   2390      16307.4 0.0205
7  0  26.2 0.03510 0.03506 0.14656   2258      15406.7 0.0210
7  0  26.2 0.03530 0.03525 0.15175   2250      14827.0 0.0211
7  0  26.2 0.03550 0.03555 0.16655   2324      13953.8 0.0207
7  0  26.2 0.03570 0.03574 0.16655   2240      13449.5 0.0211
7  0  26.2 0.03590 0.03594 0.17261   2284      13232.2 0.0209
7  0  26.2 0.03610 0.03613 0.17261   2248      13023.7 0.0211
7  0  26.2 0.03630 0.03633 0.17950   2320      12924.8 0.0208
7  0  26.2 0.03650 0.03652 0.17950   2306      12846.8 0.0208
7  0  26.2 0.03670 0.03672 0.17950   2264      12612.8 0.0210
7  0  26.2 0.03690 0.03691 0.18513   2290      12369.8 0.0209
7  0  26.2 0.03710 0.03711 0.19477   2412      12383.8 0.0204
7  0  26.2 0.03730 0.03730 0.19477   2256      11582.9 0.0211
7  0  26.2 0.03750 0.03750 0.19618   2324      11846.1 0.0207
7  0  26.2 0.03770 0.03770 0.19618   2298      11713.6 0.0209
7  0  26.2 0.03790 0.03789 0.19689   2260      11478.4 0.0210
7  0  26.2 0.03810 0.03809 0.19940   2244      11253.8 0.0211
7  0  26.2 0.03830 0.03828 0.20601   2260      10970.3 0.0210
7  0  26.2 0.03850 0.03848 0.20601   2232      10834.4 0.0212
7  0  26.2 0.03870 0.03867 0.21923   2382      10865.2 0.0205
7  0  26.2 0.03890 0.03887 0.21923   2320      10582.4 0.0208
7  0  26.2 0.03910 0.03906 0.21923   2318      10573.3 0.0208
7  0  26.2 0.03930 0.03926 0.22785   2266       9945.3 0.0210
7  0  26.2 0.03950 0.03945 0.22785   2258       9910.2 0.0210
7  0  26.2 0.03970 0.03975 0.23724   2224       9374.4 0.0212
7  0  26.2 0.03990 0.03994 0.24541   2330       9494.1 0.0207
7  1  26.2 0.00010 0.00010 1.21000    182        150.4 0.0741
7  1  26.2 0.00030 0.00029 1.21000      4          3.3 0.5000
7  1  26.2 0.00050 0.00049 1.21000     10          8.3 0.3162
7  1  26.2 0.00070 0.00068 1.21000     10          8.3 0.3162
7  1  26.2 0.00090 0.00088 1.21000      6          5.0 0.4082
7  1  26.2 0.00110 0.00107 1.21000     12          9.9 0.2887
7  1  26.2 0.00130 0.00127 1.21000      8          6.6 0.3536
7  1  26.2 0.00150 0.00146 1.21000     16         13.2 0.2500
7  1  26.2 0.00170 0.00166 1.21000      8          6.6 0.3536
7  1  26.2 0.00190 0.00186 1.21000     12          9.9 0.2887
7  1  26.2 0.00210 0.00215 1.21000     16         13.2 0.2500
7  1  26.2 0.00230 0.00234 1.21000     18         14.9 0.2357
7  1  26.2 0.00250 0.00254 1.21000     18         14.9 0.2357
7  1  26.2 0.00270 0.00273 1.21000     24         19.8 0.2041
7  1  26.2 0.00290 0.00293 1.21000     20         16.5 0.2236
7  1  26.2 0.00310 0.00313 1.21000     18         14.9 0.2357
7  1  26.2 0.00330 0.00332 1.21000     16         13.2 0.2500
7  1  26.2 0.00350 0.00352 1.21000     22         18.2 0.2132
7  1  26.2 0.00370 0.00371 1.21000     38         31.4 0.1622
7  1  26.2 0.00390 0.00391 1.21000     30         24.8 0.1826
7  1  26.2 0.00410 0.00410 1.21000     38         31.4 0.1622
7  1  26.2 0.00430 0.00430 1.21000     50         41.3 0.1414
7  1  26.2 0.00450 0.00449 1.21000     36         29.8 0.1667
7  1  26.2 0.00470 0.00469 1.21000     44         36.4 0.1508
7  1  26.2 0.00490 0.00488 1.21000     52         43.0 0.1387
7  1  26.2 0.00510 0.00508 1.21000     50         41.3 0.1414
7  1  26.2 0.00530 0.00527 1.21000     74         61.2 0.1162
7  1  26.2 0.00550 0.00547 1.21000    184        152.1 0.0737
7  1  26.2 0.00570 0.00566 1.21000    404        333.9 0.0498
7  1  26.2 0.00590 0.00586 1.21000    980        809.9 0.0319
7  1  26.2 0.00610 0.00605 1.21000   2510       2074.4 0.0200
7  1  26.2 0.00630 0.00635 1.21000   8706       7195.0 0.0107
7  1  26.2 0.00650 0.00654 1.21000  20464      16912.4 0.0070
7  1  26.2 0.00670 0.00674 1.21000  46928      38783.5 0.0046
7  1  26.2 0.00690 0.00693 0.71202  72230     101443.7 0.0037
7  1  26.2 0.00710 0.00713 0.34360  71600     208382.2 0.0037
7  1  26.2 0.00730 0.00732 0.18875  76582     405737.5 0.0036
7  1  26.2 0.00750 0.00752 0.10368  77074     743356.5 0.0036
7  1  26.2 0.00770 0.00771 0.05864  72222    1231615.4 0.0037
7  1  26.2 0.00790 0.00791 0.04022  71366    1774479.7 0.0037
7  1  26.2 0.00810 0.00811 0.02953  72464    2454025.6 0.0037
7  1  26.2 0.00830 0.00830 0.02361  72104    3053988.3 0.0037
7  1  26.2 0.00850 0.00850 0.02039  71632    3512356.7 0.0037
7  1  26.2 0.00870 0.00869 0.02039  78888    3868142.7 0.0036
7  1  26.2 0.00890 0.00889 0.01754  72108    4110443.7 0.0037
7  1  26.2 0.00910 0.00908 0.01754  74992    4274843.2 0.0037
7  1  26.2 0.00930 0.00928 0.01754  76798    4377792.4 0.0036
7  1  26.2 0.00950 0.00947 0.01754  78026    4447793.3 0.0036
7  1  26.2 0.00970 0.00967 0.01754  78860    4495334.7 0.0036
7  1  26.2 0.00990 0.00986 0.01754  79398    4526002.8 0.0035
7  1  26.2 0.01010 0.01006 0.01754  79800    4548918.4 0.0035
7  1  26.2 0.01030 0.01025 0.01578  71826    4552596.7 0.0037
7  1  26.2 0.01050 0.01055 0.01578  71976    4562104.2 0.0037
7  1  26.2 0.01070 0.01074 0.01578  71974    4561977.5 0.0037
7  1  26.2 0.01090 0.01094 0.01578  71896    4557033.5 0.0037
7  1  26.2 0.01110 0.01113 0.01578  71704    4544863.9 0.0037
7  1  26.2 0.01130 0.01133 0.01578  71362    4523186.6 0.0037
7  1  26.2 0.01150 0.01152 0.01578  70896    4493649.8 0.0038
7  1  26.2 0.01170 0.01172 0.01578  70164    4447253.0 0.0038
7  1  26.2 0.01190 0.01191 0.01578  69054    4376897.1 0.0038
7  1  26.2 0.01210 0.01211 0.01578  67438    4274469.1 0.0039
7  1  26.2 0.01230 0.01230 0.01578  64960    4117404.3 0.0039
7  1  26.2 0.01250 0.01250 0.01578  61572    3902660.3 0.0040
7  1  26.2 0.01270 0.01270 0.01578  56530    3583079.8 0.0042
7  1  26.2 0.01290 0.01289 0.01578  50118    3176663.6 0.0045
7  1  26.2 0.01310 0.01309 0.01578  42780    2711554.1 0.0048
7  1  26.2 0.01330 0.01328 0.01578  35660    2260262.3 0.0053
7  1  26.2 0.01350 0.01348 0.01578  29906    1895552.5 0.0058
7  1  26.2 0.01370 0.01367 0.01578  25720    1630228.4 0.0062
7  1  26.2 0.01390 0.01387 0.01578  22976    1456303.6 0.0066
7  1  26.2 0.01410 0.01406 0.01578  21464    1360467.4 0.0068
7  1  26.2 0.01430 0.01426 0.01578  20674    1310394.3 0.0070
7  1  26.2 0.01450 0.01445 0.01578  20360    1290491.9 0.0070
7  1  26.2 0.01470 0.01475 0.01578  20236    1282632.3 0.0070
7  1  26.2 0.01490 0.01494 0.01578  20176    1278829.3 0.0070
7  1  26.2 0.01510 0.01514 0.01578  20004    1267927.3 0.0071
7  1  26.2 0.01530 0.01533 0.01578  20056    1271223.2 0.0071
7  1  26.2 0.01550 0.01553 0.01578  20096    1273758.6 0.0071
7  1  26.2 0.01570 0.01572 0.01578  19960    1265138.4 0.0071
7  1  26.2 0.01590 0.01592 0.01578  20056    1271223.2 0.0071
7  1  26.2 0.01610 0.01611 0.01578  19894    1260955.1 0.0071
7  1  26.2 0.01630 0.01631 0.01578  20232    1282378.7 0.0070
7  1  26.2 0.01650 0.01650 0.01578  20020    1268941.4 0.0071
7  1  26.2 0.01670 0.01670 0.01578  19980    1266406.1 0.0071
7  1  26.2 0.01690 0.01689 0.01578  19884    1260321.2 0.0071
7  1  26.2 0.01710 0.01709 0.01578  19934    1263490.4 0.0071
7  1  26.2 0.01730 0.01729 0.01578  19870    1259433.9 0.0071
7  1  26.2 0.01750 0.01748 0.01578  19802    1255123.8 0.0071
7  1  26.2 0.01770 0.01768 0.01578  19462    1233573.3 0.0072
7  1  26.2 0.01790 0.01787 0.01578  19200    1216966.8 0.0072
7  1  26.2 0.01810 0.01807 0.01578  18818    1192754.2 0.0073
7  1  26.2 0.01830 0.01826 0.01578  18168    1151554.8 0.0074
7  1  26.2 0.01850 0.01846 0.01578  17064    1081579.2 0.0077
7  1  26.2 0.01870 0.01865 0.01578  15880    1006532.9 0.0079
7  1  26.2 0.01890 0.01895 0.01578  13832     876723.2 0.0085
7  1  26.2 0.01910 0.01914 0.01578  12186     772393.6 0.0091
7  1  26.2 0.01930 0.01934 0.01578  10660     675670.1 0.0097
7  1  26.2 0.01950 0.01953 0.01578   8866     561959.8 0.0106
7  1  26.2 0.01970 0.01973 0.01578   7566     479561.0 0.0115
7  1  26.2 0.01990 0.01992 0.01578   6208     393485.9 0.0127
7  1  26.2 0.02010 0.02012 0.01578   5148     326299.2 0.0139
7  1  26.2 0.02030 0.02031 0.01578   4462     282818.0 0.0150
7  1  26.2 0.02050 0.02051 0.01578   3858     244534.3 0.0161
7  1  26.2 0.02070 0.02070 0.01578   3488     221082.3 0.0169
7  1  26.2 0.02090 0.02090 0.01578   3146     199405.1 0.0178
7  1  26.2 0.02110 0.02109 0.01578   2902     183939.5 0.0186
7  1  26.2 0.02130 0.02129 0.01578   2684     170121.8 0.0193
7  1  26.2 0.02150 0.02148 0.01578   2622     166192.0 0.0195
7  1  26.2 0.02170 0.02168 0.01578   2596     164544.1 0.0196
7  1  26.2 0.02190 0.02188 0.01578   2456     155670.3 0.0202
7  1  26.2 0.02210 0.02207 0.01578   2386     151233.5 0.0205
7  1  26.2 0.02230 0.02227 0.01578   2310     146416.3 0.0208
7  1  26.2 0.02250 0.02246 0.01578   2234     141599.2 0.0212
7  1  26.2 0.02270 0.02266 0.01578   2286     144895.1 0.0209
7  1  26.2 0.02290 0.02285 0.01661   2246     135190.5 0.0211
7  1  26.2 0.02310 0.02314 0.01661   2238     134708.9 0.0211
7  1  26.2 0.02330 0.02334 0.01704   2244     131666.0 0.0211
7  1  26.2 0.02350 0.02354 0.01744   2268     130079.7 0.0210
7  1  26.2 0.02370 0.02373 0.01815   2240     123440.9 0.0211
7  1  26.2 0.02390 0.02393 0.01895   2252     118852.1 0.0211
7  1  26.2 0.02410 0.02412 0.01895   2226     117479.9 0.0212
7  1  26.2 0.02430 0.02432 0.01919   2224     115895.3 0.0212
7  1  26.2 0.02450 0.02451 0.02033   2282     112246.9 0.0209
7  1  26.2 0.02470 0.02471 0.02153   2258     104868.3 0.0210
7  1  26.2 0.02490 0.02490 0.02189   2334     106641.7 0.0207
7  1  26.2 0.02510 0.02510 0.02290   2346     102462.4 0.0206
7  1  26.2 0.02530 0.02529 0.02373   2254      94988.6 0.0211
7  1  26.2 0.02550 0.02549 0.02432   2252      92599.9 0.0211
7  1  26.2 0.02570 0.02568 0.02613   2244      85870.4 0.0211
7  1  26.2 0.02590 0.02588 0.02729   2256      82677.5 0.0211
7  1  26.2 0.02610 0.02607 0.03013   2298      76257.4 0.0209
7  1  26.2 0.02630 0.02627 0.03164   2296      72568.5 0.0209
7  1  26.1 0.02650 0.02646 0.03503   2338      66735.3 0.0207
7  1  26.1 0.02670 0.02666 0.03797   2272      59843.4 0.0210
7  1  26.1 0.02690 0.02686 0.04271   2266      53057.5 0.0210
7  1  26.1 0.02710 0.02715 0.05123   2250      43917.7 0.0211
7  1  26.1 0.02730 0.02734 0.05773   2240      38803.3 0.0211
7  1  26.1 0.02750 0.02754 0.06911   2328      33685.1 0.0207
7  1  26.1 0.02770 0.02773 0.07749   2242      28930.9 0.0211
7  1  26.1 0.02790 0.02793 0.09137   2258      24711.8 0.0210
7  1  26.1 0.02810 0.02813 0.10455   2286      21865.6 0.0209
7  1  26.1 0.02830 0.02832 0.11570   2246      19413.1 0.0211
7  1  26.1 0.02850 0.02852 0.13116   2348      17901.7 0.0206
7  1  26.1 0.02870 0.02871 0.14093   2224      15781.1 0.0212
7  1  26.1 0.02890 0.02891 0.15244   2282      14969.5 0.0209
7  1  26.1 0.02910 0.02910 0.15244   2282      14969.5 0.0209
7  1  26.1 0.02930 0.02930 0.16662   2238      13431.7 0.0211
7  1  26.1 0.02950 0.02949 0.18063   2264      12533.6 0.0210
7  1  26.1 0.02970 0.02969 0.19111   2234      11689.8 0.0212
7  1  26.1 0.02990 0.02988 0.19459   2236      11490.8 0.0211
7  1  26.1 0.03010 0.03008 0.20148   2344      11633.8 0.0207
7  1  26.1 0.03030 0.03027 0.20875   2296      10998.8 0.0209
7  1  26.1 0.03050 0.03047 0.22408   2402      10719.5 0.0204
7  1  26.1 0.03070 0.03066 0.22408   2266      10112.6 0.0210
7  1  26.1 0.03090 0.03086 0.23670   2364       9987.4 0.0206
7  1  26.1 0.03110 0.03105 0.23670   2228       9412.9 0.0212
7  1  26.1 0.03130 0.03135 0.25189   2270       9011.9 0.0210
7  1  26.1 0.03150 0.03154 0.26627   2320       8713.0 0.0208
7  1  26.1 0.03170 0.03174 0.27647   2278       8239.6 0.0210
7  1  26.1 0.03190 0.03193 0.27772   2306       8303.3 0.0208
7  1  26.1 0.03210 0.03213 0.27772   2228       8022.5 0.0212
7  1  26.1 0.03230 0.03232 0.29886   2262       7568.7 0.0210
7  1  26.1 0.03250 0.03252 0.29886   2222       7434.9 0.0212
7  1  26.1 0.03270 0.03271 0.32236   2360       7320.9 0.0206
7  1  26.1 0.03290 0.03291 0.34677   2310       6661.5 0.0208
7  1  26.1 0.03310 0.03311 0.36345   2302       6333.7 0.0208
7  1  26.1 0.03330 0.03330 0.38871   2344       6030.3 0.0207
7  1  26.1 0.03350 0.03350 0.40165   2266       5641.8 0.0210
7  1  26.1 0.03370 0.03369 0.43705   2264       5180.2 0.0210
7  1  26.1 0.03390 0.03389 0.45636   2280       4996.1 0.0209
7  1  26.1 0.03410 0.03408 0.47786   2262       4733.6 0.0210
7  1  26.1 0.03430 0.03428 0.49470   2250       4548.2 0.0211
7  1  26.1 0.03450 0.03447 0.56513   2292       4055.7 0.0209
7  1  26.1 0.03470 0.03467 0.61676   2302       3732.4 0.0208
7  1  26.1 0.03490 0.03486 0.67311   2264       3363.5 0.0210
7  1  26.1 0.03510 0.03506 0.73728   2276       3087.0 0.0210
7  1  26.1 0.03530 0.03525 0.82938   2254       2717.7 0.0211
7  1  26.1 0.03550 0.03555 0.95615   2280       2384.6 0.0209
7  1  26.1 0.03570 0.03574 1.10770   2256       2036.6 0.0211
7  1  26.1 0.03590 0.03594 1.21000   2026       1674.4 0.0222
7  1  26.1 0.03610 0.03613 1.21000   1938       1601.7 0.0227
7  1  26.1 0.03630 0.03633 1.21000   1696       1401.7 0.0243
7  1  26.1 0.03650 0.03652 1.21000   1584       1309.1 0.0251
7  1  26.1 0.03670 0.03672 1.21000   1444       1193.4 0.0263
7  1  26.1 0.03690 0.03691 1.21000   1358       1122.3 0.0271
7  1  26.1 0.03710 0.03711 1.21000   1236       1021.5 0.0284
7  1  26.1 0.03730 0.03730 1.21000   1252       1034.7 0.0283
7  1  26.1 0.03750 0.03750 1.21000   1128        932.2 0.0298
7  1  26.1 0.03770 0.03770 1.21000   1078        890.9 0.0305
7  1  26.1 0.03790 0.03789 1.21000   1060        876.0 0.0307
7  1  26.1 0.03810 0.03809 1.21000   1050        867.8 0.0309
7  1  26.1 0.03830 0.03828 1.21000    926        765.3 0.0329
7  1  26.1 0.03850 0.03848 1.21000    944        780.2 0.0325
7  1  26.1 0.03870 0.03867 1.21000   1002        828.1 0.0316
7  1  26.1 0.03890 0.03887 1.21000    914        755.4 0.0331
7  1  26.1 0.03910 0.03906 1.21000    858        709.1 0.0341
7  1  26.1 0.03930 0.03926 1.21000    862        712.4 0.0341
7  1  26.1 0.03950 0.03945 1.21000    824        681.0 0.0348
7  1  26.1 0.03970 0.03975 1.21000    828        684.3 0.0348
7  1  26.1 0.03990 0.03994 1.21000    764        631.4 0.0362
7  2  26.1 0.00010 0.00010 1.21000      6          5.0 0.4082
7  2  26.1 0.00030 0.00029 1.21000      8          6.6 0.3536
7  2  26.1 0.00050 0.00049 1.21000      6          5.0 0.4082
7  2  26.1 0.00070 0.00068 1.21000      8          6.6 0.3536
7  2  26.1 0.00090 0.00088 1.21000      6          5.0 0.4082
7  2  26.1 0.00110 0.00107 1.21000     10          8.3 0.3162
7  2  26.1 0.00130 0.00127 1.21000      4          3.3 0.5000
7  2  26.1 0.00150 0.00146 1.21000     14         11.6 0.2673
7  2  26.1 0.00170 0.00166 1.21000     10          8.3 0.3162
7  2  26.0 0.00190 0.00186 1.21000     10          8.3 0.3162
7  2  26.0 0.00210 0.00215 1.21000      8          6.6 0.3536
7  2  26.0 0.00230 0.00234 1.21000     16         13.2 0.2500
7  2  26.0 0.00250 0.00254 1.21000     10          8.3 0.3162
7  2  26.0 0.00270 0.00273 1.21000     26         21.5 0.1961
7  2  26.0 0.00290 0.00293 1.21000     18         14.9 0.2357
7  2  26.0 0.00310 0.00313 1.21000     22         18.2 0.2132
7  2  26.0 0.00330 0.00332 1.21000     12          9.9 0.2887
7  2  26.0 0.00350 0.00352 1.21000     26         21.5 0.1961
7  2  26.0 0.00370 0.00371 1.21000     32         26.4 0.1768
7  2  26.0 0.00390 0.00391 1.21000     34         28.1 0.1715
7  2  26.0 0.00410 0.00410 1.21000     30         24.8 0.1826
7  2  26.0 0.00430 0.00430 1.21000     28         23.1 0.1890
7  2  26.0 0.00450 0.00449 1.21000     46         38.0 0.1474
7  2  26.0 0.00470 0.00469 1.21000     28         23.1 0.1890
7  2  26.0 0.00490 0.00488 1.21000     48         39.7 0.1443
7  2  26.0 0.00510 0.00508 1.21000     70         57.9 0.1195
7  2  26.0 0.00530 0.00527 1.21000     92         76.0 0.1043
7  2  26.0 0.00550 0.00547 1.21000    206        170.2 0.0697
7  2  26.0 0.00570 0.00566 1.21000    442        365.3 0.0476
7  2  26.0 0.00590 0.00586 1.21000   1124        928.9 0.0298
7  2  26.0 0.00610 0.00605 1.21000   2712       2241.3 0.0192
7  2  26.0 0.00630 0.00635 1.21000   9908       8188.4 0.0100
7  2  26.0 0.00650 0.00654 1.21000  22944      18962.0 0.0066
7  2  26.0 0.00670 0.00674 1.21000  52340      43256.2 0.0044
7  2  26.0 0.00690 0.00693 0.63981  71844     112290.3 0.0037
7  2  26.0 0.00710 0.00713 0.35146  79600     226483.0 0.0035
7  2  26.0 0.00730 0.00732 0.16296  72316     443766.5 0.0037
7  2  26.0 0.00750 0.00752 0.09111  72894     800069.7 0.0037
7  2  26.0 0.00770 0.00771 0.05509  72544    1316784.4 0.0037
7  2  26.0 0.00790 0.00791 0.03858  72442    1877797.3 0.0037
7  2  26.0 0.00810 0.00811 0.02850  72204    2533820.4 0.0037
7  2  26.0 0.00830 0.00830 0.02300  71558    3110897.1 0.0037
7  2  26.0 0.00850 0.00850 0.02014  72350    3592751.3 0.0037
7  2  26.0 0.00870 0.00869 0.02014  78940    3919997.1 0.0036
7  2  26.0 0.00890 0.00889 0.01736  71960    4144630.0 0.0037
7  2  26.0 0.00910 0.00908 0.01736  74508    4291385.4 0.0037
7  2  26.0 0.00930 0.00928 0.01736  76220    4389990.2 0.0036
7  2  26.0 0.00950 0.00947 0.01736  77424    4459336.2 0.0036
7  2  26.0 0.00970 0.00967 0.01736  78150    4501151.1 0.0036
7  2  26.0 0.00990 0.00986 0.01736  78716    4533750.6 0.0036
7  2  26.0 0.01010 0.01006 0.01736  79086    4555061.2 0.0036
7  2  26.0 0.01030 0.01025 0.01736  79314    4568193.2 0.0036
7  2  26.0 0.01050 0.01055 0.01736  79488    4578214.9 0.0035
7  2  26.0 0.01070 0.01074 0.01736  79458    4576487.1 0.0035
7  2  26.0 0.01090 0.01094 0.01736  79350    4570266.7 0.0035
7  2  26.0 0.01110 0.01113 0.01736  79126    4557365.1 0.0036
7  2  26.0 0.01130 0.01133 0.01736  78746    4535478.5 0.0036
7  2  26.0 0.01150 0.01152 0.01736  78176    4502648.6 0.0036
7  2  26.0 0.01170 0.01172 0.01736  77358    4455534.8 0.0036
7  2  26.0 0.01190 0.01191 0.01736  76056    4380544.4 0.0036
7  2  26.0 0.01210 0.01211 0.01736  74158    4271226.6 0.0037
7  2  26.0 0.01230 0.01230 0.01736  71396    4112145.7 0.0037
7  2  26.0 0.01250 0.01250 0.01736  67492    3887289.7 0.0038
7  2  26.0 0.01270 0.01270 0.01736  61638    3550120.9 0.0040
7  2  26.0 0.01290 0.01289 0.01736  54322    3128746.4 0.0043
7  2  26.0 0.01310 0.01309 0.01736  46314    2667515.2 0.0046
7  2  26.0 0.01330 0.01328 0.01736  38816    2235658.1 0.0051
7  2  26.0 0.01350 0.01348 0.01736  32610    1878215.4 0.0055
7  2  26.0 0.01370 0.01367 0.01736  28236    1626289.2 0.0060
7  2  26.0 0.01390 0.01387 0.01736  25522    1469972.8 0.0063
7  2  26.0 0.01410 0.01406 0.01736  24490    1410533.5 0.0064
7  2  26.0 0.01430 0.01426 0.01736  23930    1378279.5 0.0065
7  2  26.0 0.01450 0.01445 0.01736  23148    1333239.2 0.0066
7  2  26.0 0.01470 0.01475 0.01736  22912    1319646.5 0.0066
7  2  26.0 0.01490 0.01494 0.01736  22552    1298911.8 0.0067
7  2  26.0 0.01510 0.01514 0.01736  22400    1290157.2 0.0067
7  2  26.0 0.01530 0.01533 0.01736  22660    1305132.2 0.0066
7  2  26.0 0.01550 0.01553 0.01736  22824    1314578.0 0.0066
7  2  26.0 0.01570 0.01572 0.01736  22842    1315614.8 0.0066
7  2  26.0 0.01590 0.01592 0.01736  23018    1325751.7 0.0066
7  2  26.0 0.01610 0.01611 0.01736  22682    1306399.3 0.0066
7  2  26.0 0.01630 0.01631 0.01736  22606    1302022.0 0.0067
7  2  26.0 0.01650 0.01650 0.01736  22796    1312965.3 0.0066
7  2  26.0 0.01670 0.01670 0.01736  22392    1289696.4 0.0067
7  2  26.0 0.01690 0.01689 0.01736  22504    1296147.2 0.0067
7  2  26.0 0.01710 0.01709 0.01736  22616    1302598.0 0.0066
7  2  26.0 0.01730 0.01729 0.01736  22616    1302598.0 0.0066
7  2  26.0 0.01750 0.01748 0.01736  22410    1290733.2 0.0067
7  2  26.0 0.01770 0.01768 0.01736  22212    1279329.1 0.0067
7  2  26.0 0.01790 0.01787 0.01736  21660    1247535.9 0.0068
7  2  26.0 0.01810 0.01807 0.01736  21454    1235671.1 0.0068
7  2  26.0 0.01830 0.01826 0.01736  20688    1191552.3 0.0070
7  2  26.0 0.01850 0.01846 0.01736  19370    1115640.4 0.0072
7  2  25.9 0.01870 0.01865 0.01736  18270    1052284.5 0.0074
7  2  25.9 0.01890 0.01895 0.01736  15988     920849.7 0.0079
7  2  25.9 0.01910 0.01914 0.01736  14034     808306.5 0.0084
7  2  25.9 0.01930 0.01934 0.01736  12222     703942.0 0.0090
7  2  25.9 0.01950 0.01953 0.01736  10544     607295.4 0.0097
7  2  25.9 0.01970 0.01973 0.01736   8914     513413.4 0.0106
7  2  25.9 0.01990 0.01992 0.01736   7458     429553.2 0.0116
7  2  25.9 0.02010 0.02012 0.01736   6354     365966.9 0.0125
7  2  25.9 0.02030 0.02031 0.01736   5494     316434.1 0.0135
7  2  25.9 0.02050 0.02051 0.01736   4778     275195.1 0.0145
7  2  25.9 0.02070 0.02070 0.01736   4318     248700.8 0.0152
7  2  25.9 0.02090 0.02090 0.01736   3766     216907.7 0.0163
7  2  25.9 0.02110 0.02109 0.01736   3596     207116.3 0.0167
7  2  25.9 0.02130 0.02129 0.01736   3436     197900.9 0.0171
7  2  25.9 0.02150 0.02148 0.01736   3232     186151.3 0.0176
7  2  25.9 0.02170 0.02168 0.01736   3164     182234.7 0.0178
7  2  25.9 0.02190 0.02188 0.01736   2968     170945.8 0.0184
7  2  25.9 0.02210 0.02207 0.01736   2832     163112.7 0.0188
7  2  25.9 0.02230 0.02227 0.01736   2990     172212.9 0.0183
7  2  25.9 0.02250 0.02246 0.01736   2714     156316.4 0.0192
7  2  25.9 0.02270 0.02266 0.01736   2758     158850.6 0.0190
7  2  25.9 0.02290 0.02285 0.01736   2794     160924.1 0.0189
7  2  25.9 0.02310 0.02314 0.01736   2632     151593.5 0.0195
7  2  25.9 0.02330 0.02334 0.01736   2650     152630.2 0.0194
7  2  25.9 0.02350 0.02354 0.01736   2490     143414.8 0.0200
7  2  25.9 0.02370 0.02373 0.01736   2442     140650.2 0.0202
7  2  25.9 0.02390 0.02393 0.01736   2352     135466.5 0.0206
7  2  25.9 0.02410 0.02412 0.01736   2354     135581.7 0.0206
7  2  25.9 0.02430 0.02432 0.01736   2316     133393.0 0.0208
7  2  25.9 0.02450 0.02451 0.01779   2266     127351.2 0.0210
7  2  25.9 0.02470 0.02471 0.01846   2254     122115.9 0.0211
7  2  25.9 0.02490 0.02490 0.01883   2246     119273.0 0.0211
7  2  25.9 0.02510 0.02510 0.01959   2278     116294.3 0.0210
7  2  25.9 0.02530 0.02529 0.01993   2278     114305.5 0.0210
7  2  25.9 0.02550 0.02549 0.02139   2278     106495.4 0.0210
7  2  25.9 0.02570 0.02568 0.02211   2260     102230.4 0.0210
7  2  25.9 0.02590 0.02588 0.02479   2420      97612.0 0.0203
7  2  25.9 0.02610 0.02607 0.02511   2288      91124.8 0.0209
7  2  25.9 0.02630 0.02627 0.02719   2322      85403.6 0.0208
7  2  25.9 0.02650 0.02646 0.02796   2232      79817.2 0.0212
7  2  25.9 0.02670 0.02666 0.03061   2228      72789.6 0.0212
7  2  25.9 0.02690 0.02686 0.03557   2358      66289.0 0.0206
7  2  25.9 0.02710 0.02715 0.04049   2280      56307.8 0.0209
7  2  25.9 0.02730 0.02734 0.04619   2272      49191.2 0.0210
7  2  25.9 0.02750 0.02754 0.05268   2278      43239.2 0.0210
7  2  25.9 0.02770 0.02773 0.06258   2226      35572.7 0.0212
7  2  25.9 0.02790 0.02793 0.07101   2230      31402.5 0.0212
7  2  25.9 0.02810 0.02813 0.08084   2260      27957.9 0.0210
7  2  25.9 0.02830 0.02832 0.09375   2384      25430.4 0.0205
7  2  25.9 0.02850 0.02852 0.10432   2304      22086.0 0.0208
7  2  25.9 0.02870 0.02871 0.11503   2322      20185.2 0.0208
7  2  25.9 0.02890 0.02891 0.12080   2246      18593.1 0.0211
7  2  25.9 0.02910 0.02910 0.12938   2250      17390.0 0.0211
7  2  25.9 0.02930 0.02930 0.13497   2248      16655.2 0.0211
7  2  25.9 0.02950 0.02949 0.14693   2286      15558.8 0.0209
7  2  25.9 0.02970 0.02969 0.15385   2334      15170.6 0.0207
7  2  25.9 0.02990 0.02988 0.15385   2236      14533.6 0.0211
7  2  25.9 0.03010 0.03008 0.16140   2224      13779.0 0.0212
7  2  25.9 0.03030 0.03027 0.16818   2248      13366.6 0.0211
7  2  25.9 0.03050 0.03047 0.17611   2328      13219.3 0.0207
7  2  25.9 0.03070 0.03066 0.17658   2238      12673.9 0.0211
7  2  25.9 0.03090 0.03086 0.18345   2258      12308.6 0.0210
7  2  25.9 0.03110 0.03105 0.18528   2330      12575.3 0.0207
7  2  25.9 0.03130 0.03135 0.19605   2262      11538.0 0.0210
7  2  25.9 0.03150 0.03154 0.20205   2236      11066.6 0.0211
7  2  25.9 0.03170 0.03174 0.21502   2228      10362.0 0.0212
7  2  25.9 0.03190 0.03193 0.21502   2254      10482.9 0.0211
7  2  25.9 0.03210 0.03213 0.23699   2290       9663.0 0.0209
7  2  25.9 0.03230 0.03232 0.23699   2276       9603.9 0.0210
7  2  25.9 0.03250 0.03252 0.24957   2244       8991.6 0.0211
7  2  25.9 0.03270 0.03271 0.25721   2278       8856.7 0.0210
7  2  25.9 0.03290 0.03291 0.26533   2274       8570.6 0.0210
7  2  25.9 0.03310 0.03311 0.27549   2260       8203.5 0.0210
7  2  25.9 0.03330 0.03330 0.29803   2284       7663.8 0.0209
7  2  25.8 0.03350 0.03350 0.32334   2416       7472.1 0.0203
7  2  25.8 0.03370 0.03369 0.32334   2240       6927.8 0.0211
7  2  25.8 0.03390 0.03389 0.33825   2272       6716.8 0.0210
7  2  25.8 0.03410 0.03408 0.38583   2344       6075.2 0.0207
7  2  25.8 0.03430 0.03428 0.38583   2272       5888.6 0.0210
7  2  25.8 0.03450 0.03447 0.41076   2268       5521.5 0.0210
7  2  25.8 0.03470 0.03467 0.46825   2308       4929.0 0.0208
7  2  25.8 0.03490 0.03486 0.49207   2242       4556.3 0.0211
7  2  25.8 0.03510 0.03506 0.53076   2312       4356.0 0.0208
7  2  25.8 0.03530 0.03525 0.57755   2228       3857.7 0.0212
7  2  25.8 0.03550 0.03555 0.69147   2298       3323.4 0.0209
7  2  25.8 0.03570 0.03574 0.78470   2318       2954.0 0.0208
7  2  25.8 0.03590 0.03594 0.83506   2222       2660.9 0.0212
7  2  25.8 0.03610 0.03613 0.96225   2284       2373.6 0.0209
7  2  25.8 0.03630 0.03633 1.05595   2242       2123.2 0.0211
7  2  25.8 0.03650 0.03652 1.11729   2260       2022.7 0.0210
7  2  25.8 0.03670 0.03672 1.21000   1950       1611.6 0.0226
7  2  25.8 0.03690 0.03691 1.21000   1768       1461.2 0.0238
7  2  25.8 0.03710 0.03711 1.21000   1768       1461.2 0.0238
7  2  25.8 0.03730 0.03730 1.21000   1680       1388.4 0.0244
7  2  25.8 0.03750 0.03750 1.21000   1582       1307.4 0.0251
7  2  25.8 0.03770 0.03770 1.21000   1516       1252.9 0.0257
7  2  25.8 0.03790 0.03789 1.21000   1400       1157.0 0.0267
7  2  25.8 0.03810 0.03809 1.21000   1428       1180.2 0.0265
7  2  25.8 0.03830 0.03828 1.21000   1442       1191.7 0.0263
7  2  25.8 0.03850 0.03848 1.21000   1330       1099.2 0.0274
7  2  25.8 0.03870 0.03867 1.21000   1284       1061.2 0.0279
7  2  25.8 0.03890 0.03887 1.21000   1162        960.3 0.0293
7  2  25.8 0.03910 0.03906 1.21000   1204        995.0 0.0288
7  2  25.8 0.03930 0.03926 1.21000   1108        915.7 0.0300
7  2  25.8 0.03950 0.03945 1.21000   1140        942.1 0.0296
7  2  25.8 0.03970 0.03975 1.21000   1078        890.9 0.0305
7  2  25.8 0.03990 0.03994 1.21000    988        816.5 0.0318
7  3  25.8 0.00010 0.00010 1.21000     10          8.3 0.3162
7  3  25.7 0.00030 0.00029 1.21000      4          3.3 0.5000
7  3  25.7 0.00050 0.00049 1.21000     10          8.3 0.3162
7  3  25.7 0.00070 0.00068 1.21000     14         11.6 0.2673
7  3  25.7 0.00090 0.00088 1.21000     12          9.9 0.2887
7  3  25.7 0.00110 0.00107 1.21000      8          6.6 0.3536
7  3  25.7 0.00130 0.00127 1.21000     12          9.9 0.2887
7  3  25.7 0.00150 0.00146 1.21000     20         16.5 0.2236
7  3  25.7 0.00170 0.00166 1.21000     10          8.3 0.3162
7  3  25.7 0.00190 0.00186 1.21000     18         14.9 0.2357
7  3  25.7 0.00210 0.00215 1.21000     16         13.2 0.2500
7  3  25.7 0.00230 0.00234 1.21000     18         14.9 0.2357
7  3  25.7 0.00250 0.00254 1.21000     14         11.6 0.2673
7  3  25.7 0.00270 0.00273 1.21000     22         18.2 0.2132
7  3  25.7 0.00290 0.00293 1.21000     22         18.2 0.2132
7  3  25.7 0.00310 0.00313 1.21000     24         19.8 0.2041
7  3  25.7 0.00330 0.00332 1.21000     34         28.1 0.1715
7  3  25.7 0.00350 0.00352 1.21000     28         23.1 0.1890
7  3  25.7 0.00370 0.00371 1.21000     30         24.8 0.1826
7  3  25.7 0.00390 0.00391 1.21000     26         21.5 0.1961
7  3  25.7 0.00410 0.00410 1.21000     48         39.7 0.1443
7  3  25.7 0.00430 0.00430 1.21000     46         38.0 0.1474
7  3  25.7 0.00450 0.00449 1.21000     38         31.4 0.1622
7  3  25.7 0.00470 0.00469 1.21000     46         38.0 0.1474
7  3  25.7 0.00490 0.00488 1.21000     60         49.6 0.1291
7  3  25.7 0.00510 0.00508 1.21000     78         64.5 0.1132
7  3  25.7 0.00530 0.00527 1.21000    142        117.4 0.0839
7  3  25.7 0.00550 0.00547 1.21000    242        200.0 0.0643
7  3  25.7 0.00570 0.00566 1.21000    550        454.5 0.0426
7  3  25.7 0.00590 0.00586 1.21000   1392       1150.4 0.0268
7  3  25.7 0.00610 0.00605 1.21000   3296       2724.0 0.0174
7  3  25.7 0.00630 0.00635 1.21000  12024       9937.2 0.0091
7  3  25.7 0.00650 0.00654 1.21000  27328      22585.1 0.0060
7  3  25.7 0.00670 0.00674 1.21000  61654      50953.7 0.0040
7  3  25.7 0.00690 0.00693 0.55160  71938     130416.7 0.0037
7  3  25.7 0.00710 0.00713 0.30301  79744     263174.4 0.0035
7  3  25.7 0.00730 0.00732 0.14445  72832     504216.1 0.0037
7  3  25.7 0.00750 0.00752 0.08059  71946     892729.5 0.0037
7  3  25.7 0.00770 0.00771 0.04968  71452    1438114.2 0.0037
7  3  25.7 0.00790 0.00791 0.03584  72458    2021816.3 0.0037
7  3  25.7 0.00810 0.00811 0.02698  72190    2675376.8 0.0037
7  3  25.7 0.00830 0.00830 0.02223  71978    3237406.1 0.0037
7  3  25.7 0.00850 0.00850 0.01960  72446    3695360.3 0.0037
7  3  25.7 0.00870 0.00869 0.01960  78324    3995188.1 0.0036
7  3  25.7 0.00890 0.00889 0.01717  71996    4194194.2 0.0037
7  3  25.7 0.00910 0.00908 0.01717  74340    4330746.1 0.0037
7  3  25.6 0.00930 0.00928 0.01717  75906    4421974.9 0.0036
7  3  25.6 0.00950 0.00947 0.01717  76948    4482677.6 0.0036
7  3  25.6 0.00970 0.00967 0.01717  77650    4523573.3 0.0036
7  3  25.6 0.00990 0.00986 0.01717  78158    4553167.3 0.0036
7  3  25.6 0.01010 0.01006 0.01717  78480    4571925.7 0.0036
7  3  25.6 0.01030 0.01025 0.01717  78666    4582761.3 0.0036
7  3  25.6 0.01050 0.01055 0.01717  78782    4589519.0 0.0036
7  3  25.6 0.01070 0.01074 0.01717  78732    4586606.2 0.0036
7  3  25.6 0.01090 0.01094 0.01717  78598    4578799.9 0.0036
7  3  25.6 0.01110 0.01113 0.01717  78324    4562837.7 0.0036
7  3  25.6 0.01130 0.01133 0.01717  77896    4537904.2 0.0036
7  3  25.6 0.01150 0.01152 0.01717  77300    4503183.7 0.0036
7  3  25.6 0.01170 0.01172 0.01717  76356    4448190.1 0.0036
7  3  25.6 0.01190 0.01191 0.01717  74944    4365932.7 0.0037
7  3  25.6 0.01210 0.01211 0.01717  72850    4243944.8 0.0037
7  3  25.6 0.01230 0.01230 0.01717  69686    4059623.0 0.0038
7  3  25.6 0.01250 0.01250 0.01717  65236    3800384.1 0.0039
7  3  25.6 0.01270 0.01270 0.01717  58998    3436983.6 0.0041
7  3  25.6 0.01290 0.01289 0.01717  51208    2983169.9 0.0044
7  3  25.6 0.01310 0.01309 0.01717  42600    2481702.8 0.0048
7  3  25.6 0.01330 0.01328 0.01717  34658    2019034.1 0.0054
7  3  25.6 0.01350 0.01348 0.01717  28840    1680101.1 0.0059
7  3  25.6 0.01370 0.01367 0.01717  24720    1440086.7 0.0064
7  3  25.6 0.01390 0.01387 0.01717  22218    1294330.3 0.0067
7  3  25.6 0.01410 0.01406 0.01717  20884    1216616.9 0.0069
7  3  25.6 0.01430 0.01426 0.01717  20296    1182362.4 0.0070
7  3  25.6 0.01450 0.01445 0.01717  19994    1164769.1 0.0071
7  3  25.6 0.01470 0.01475 0.01717  19708    1148107.9 0.0071
7  3  25.6 0.01490 0.01494 0.01717  19568    1139952.1 0.0071
7  3  25.6 0.01510 0.01514 0.01717  19708    1148107.9 0.0071
7  3  25.6 0.01530 0.01533 0.01717  19478    1134709.1 0.0072
7  3  25.6 0.01550 0.01553 0.01717  19446    1132844.9 0.0072
7  3  25.6 0.01570 0.01572 0.01717  19304    1124572.5 0.0072
7  3  25.6 0.01590 0.01592 0.01717  19412    1130864.2 0.0072
7  3  25.6 0.01610 0.01611 0.01717  19534    1137971.4 0.0072
7  3  25.6 0.01630 0.01631 0.01717  19374    1128650.5 0.0072
7  3  25.6 0.01650 0.01650 0.01717  19504    1136223.7 0.0072
7  3  25.6 0.01670 0.01670 0.01717  19376    1128767.0 0.0072
7  3  25.6 0.01690 0.01689 0.01717  19536    1138087.9 0.0072
7  3  25.6 0.01710 0.01709 0.01717  19402    1130281.6 0.0072
7  3  25.6 0.01730 0.01729 0.01717  19418    1131213.7 0.0072
7  3  25.6 0.01750 0.01748 0.01717  19276    1122941.4 0.0072
7  3  25.6 0.01770 0.01768 0.01717  18766    1093230.9 0.0073
7  3  25.6 0.01790 0.01787 0.01717  18540    1080065.0 0.0073
7  3  25.6 0.01810 0.01807 0.01717  17712    1031829.1 0.0075
7  3  25.6 0.01830 0.01826 0.01717  16704     973107.1 0.0077
7  3  25.6 0.01850 0.01846 0.01717  15726     916132.8 0.0080
7  3  25.6 0.01870 0.01865 0.01717  14360     836555.2 0.0083
7  3  25.6 0.01890 0.01895 0.01717  12108     705362.8 0.0091
7  3  25.6 0.01910 0.01914 0.01717  10420     607026.8 0.0098
7  3  25.6 0.01930 0.01934 0.01717   8848     515448.5 0.0106
7  3  25.6 0.01950 0.01953 0.01717   7518     437968.1 0.0115
7  3  25.6 0.01970 0.01973 0.01717   6310     367594.9 0.0126
7  3  25.6 0.01990 0.01992 0.01717   5052     294309.0 0.0141
7  3  25.6 0.02010 0.02012 0.01717   4442     258772.9 0.0150
7  3  25.6 0.02030 0.02031 0.01717   3830     223120.2 0.0162
7  3  25.6 0.02050 0.02051 0.01717   3468     202031.6 0.0170
7  3  25.6 0.02070 0.02070 0.01717   2968     172903.6 0.0184
7  3  25.6 0.02090 0.02090 0.01717   2762     160902.9 0.0190
7  3  25.6 0.02110 0.02109 0.01717   2638     153679.2 0.0195
7  3  25.6 0.02130 0.02129 0.01717   2512     146338.9 0.0200
7  3  25.6 0.02150 0.02148 0.01717   2394     139464.7 0.0204
7  3  25.6 0.02170 0.02168 0.01717   2396     139581.2 0.0204
7  3  25.6 0.02190 0.02188 0.01717   2366     137833.5 0.0206
7  3  25.6 0.02210 0.02207 0.01717   2306     134338.2 0.0208
7  3  25.6 0.02230 0.02227 0.01790   2300     128495.7 0.0209
7  3  25.6 0.02250 0.02246 0.01790   2222     124138.0 0.0212
7  3  25.6 0.02270 0.02266 0.01790   2268     126707.9 0.0210
7  3  25.6 0.02290 0.02285 0.01862   2302     123629.8 0.0208
7  3  25.6 0.02310 0.02314 0.01935   2268     117199.2 0.0210
7  3  25.6 0.02330 0.02334 0.02044   2298     112422.9 0.0209
7  3  25.6 0.02350 0.02354 0.02044   2226     108900.5 0.0212
7  3  25.6 0.02370 0.02373 0.02044   2242     109683.3 0.0211
7  3  25.6 0.02390 0.02393 0.02136   2230     104382.8 0.0212
7  3  25.6 0.02410 0.02412 0.02136   2250     105318.9 0.0211
7  3  25.6 0.02430 0.02432 0.02294   2266      98796.6 0.0210
7  3  25.6 0.02450 0.02451 0.02294   2246      97924.6 0.0211
7  3  25.6 0.02470 0.02471 0.02401   2296      95644.9 0.0209
7  3  25.6 0.02490 0.02490 0.02486   2288      92051.6 0.0209
7  3  25.6 0.02510 0.02510 0.02486   2230      89718.2 0.0212
7  3  25.6 0.02530 0.02529 0.02694   2258      83812.6 0.0210
7  3  25.6 0.02550 0.02549 0.02882   2306      80027.4 0.0208
7  3  25.6 0.02570 0.02568 0.03008   2246      74675.7 0.0211
7  3  25.6 0.02590 0.02588 0.03210   2324      72401.7 0.0207
7  3  25.6 0.02610 0.02607 0.03517   2420      68810.0 0.0203
7  3  25.6 0.02630 0.02627 0.03782   2250      59486.2 0.0211
7  3  25.6 0.02650 0.02646 0.04161   2306      55424.3 0.0208
7  3  25.6 0.02670 0.02666 0.04620   2316      50131.6 0.0208
7  3  25.6 0.02690 0.02686 0.05502   2420      43983.7 0.0203
7  3  25.6 0.02710 0.02715 0.06717   2330      34686.5 0.0207
7  3  25.6 0.02730 0.02734 0.07631   2380      31189.3 0.0205
7  3  25.6 0.02750 0.02754 0.08634   2260      26176.6 0.0210
7  3  25.6 0.02770 0.02773 0.10028   2240      22338.0 0.0211
7  3  25.6 0.02790 0.02793 0.11219   2272      20250.7 0.0210
7  3  25.6 0.02810 0.02813 0.12813   2288      17856.4 0.0209
7  3  25.6 0.02830 0.02832 0.14421   2308      16004.3 0.0208
7  3  25.6 0.02850 0.02852 0.15974   2276      14248.2 0.0210
7  3  25.6 0.02870 0.02871 0.16790   2302      13710.5 0.0208
7  3  25.6 0.02890 0.02891 0.17919   2234      12467.2 0.0212
7  3  25.6 0.02910 0.02910 0.18315   2252      12296.1 0.0211
7  3  25.6 0.02930 0.02930 0.19637   2290      11661.9 0.0209
7  3  25.6 0.02950 0.02949 0.20442   2260      11055.4 0.0210
7  3  25.6 0.02970 0.02969 0.21259   2240      10536.9 0.0211
7  3  25.6 0.02990 0.02988 0.21628   2300      10634.3 0.0209
7  3  25.6 0.03010 0.03008 0.21964   2262      10298.6 0.0210
7  3  25.6 0.03030 0.03027 0.22785   2252       9883.9 0.0211
7  3  25.6 0.03050 0.03047 0.24915   2378       9544.5 0.0205
7  3  25.6 0.03070 0.03066 0.25141   2358       9379.0 0.0206
7  3  25.6 0.03090 0.03086 0.25141   2236       8893.8 0.0211
7  3  25.6 0.03110 0.03105 0.26909   2236       8309.4 0.0211
7  3  25.6 0.03130 0.03135 0.27328   2274       8321.3 0.0210
7  3  25.5 0.03150 0.03154 0.27328   2240       8196.9 0.0211
7  3  25.5 0.03170 0.03174 0.30051   2272       7560.4 0.0210
7  3  25.5 0.03190 0.03193 0.30051   2252       7493.9 0.0211
7  3  25.5 0.03210 0.03213 0.31658   2260       7138.9 0.0210
7  3  25.5 0.03230 0.03232 0.34180   2346       6863.6 0.0206
7  3  25.5 0.03250 0.03252 0.34554   2252       6517.4 0.0211
7  3  25.5 0.03270 0.03271 0.35911   2226       6198.6 0.0212
7  3  25.5 0.03290 0.03291 0.37376   2224       5950.4 0.0212
7  3  25.5 0.03310 0.03311 0.40331   2244       5563.9 0.0211
7  3  25.5 0.03330 0.03330 0.41643   2268       5446.3 0.0210
7  3  25.5 0.03350 0.03350 0.45862   2292       4997.6 0.0209
7  3  25.5 0.03370 0.03369 0.48448   2266       4677.2 0.0210
7  3  25.5 0.03390 0.03389 0.52251   2258       4321.5 0.0210
7  3  25.5 0.03410 0.03408 0.55574   2230       4012.6 0.0212
7  3  25.5 0.03430 0.03428 0.59438   2244       3775.4 0.0211
7  3  25.5 0.03450 0.03447 0.65253   2292       3512.5 0.0209
7  3  25.5 0.03470 0.03467 0.69977   2238       3198.2 0.0211
7  3  25.5 0.03490 0.03486 0.79169   2254       2847.1 0.0211
7  3  25.5 0.03510 0.03506 0.86851   2234       2572.2 0.0212
7  3  25.5 0.03530 0.03525 0.99055   2250       2271.5 0.0211
7  3  25.5 0.03550 0.03555 1.14755   2242       1953.7 0.0211
7  3  25.5 0.03570 0.03574 1.21000   2006       1657.9 0.0223
7  3  25.5 0.03590 0.03594 1.21000   1818       1502.5 0.0235
7  3  25.5 0.03610 0.03613 1.21000   1632       1348.8 0.0248
7  3  25.5 0.03630 0.03633 1.21000   1580       1305.8 0.0252
7  3  25.5 0.03650 0.03652 1.21000   1342       1109.1 0.0273
7  3  25.5 0.03670 0.03672 1.21000   1382       1142.1 0.0269
7  3  25.5 0.03690 0.03691 1.21000   1250       1033.1 0.0283
7  3  25.5 0.03710 0.03711 1.21000   1202        993.4 0.0288
7  3  25.5 0.03730 0.03730 1.21000   1230       1016.5 0.0285
7  3  25.5 0.03750 0.03750 1.21000   1152        952.1 0.0295
7  3  25.5 0.03770 0.03770 1.21000   1106        914.0 0.0301
7  3  25.5 0.03790 0.03789 1.21000   1066        881.0 0.0306
7  3  25.5 0.03810 0.03809 1.21000   1002        828.1 0.0316
7  3  25.5 0.03830 0.03828 1.21000   1014        838.0 0.0314
7  3  25.5 0.03850 0.03848 1.21000    962        795.0 0.0322
7  3  25.5 0.03870 0.03867 1.21000    942        778.5 0.0326
7  3  25.5 0.03890 0.03887 1.21000    916        757.0 0.0330
7  3  25.5 0.03910 0.03906 1.21000    888        733.9 0.0336
7  3  25.5 0.03930 0.03926 1.21000    906        748.8 0.0332
7  3  25.5 0.03950 0.03945 1.21000    802        662.8 0.0353
7  3  25.5 0.03970 0.03975 1.21000    800        661.2 0.0354
7  3  25.5 0.03990 0.03994 1.21000    792        654.5 0.0355
