# Scan Time    : Fri, 18 Mar 2022 13:01:22 +0000 (GMT) +725528000 nsec
# Board Lane   : 7
# Board Loc    : BTOF - Northwest
# SiPM Biases  :  57.124  57.079  57.141  56.700
# SiPM Currents:   1.381   1.473   1.453   1.347
#
4 -1  26.9 0.00010 0.00010 1.21000     22         18.2 0.2132
4 -1  26.9 0.00030 0.00029 1.21000     24         19.8 0.2041
4 -1  26.9 0.00050 0.00049 1.21000     70         57.9 0.1195
4 -1  26.9 0.00070 0.00068 1.21000    212        175.2 0.0687
4 -1  26.9 0.00090 0.00088 1.21000    524        433.1 0.0437
4 -1  26.9 0.00110 0.00107 1.21000   1318       1089.3 0.0275
4 -1  26.9 0.00130 0.00127 1.21000   3436       2839.7 0.0171
4 -1  26.9 0.00150 0.00146 1.21000   7902       6530.6 0.0112
4 -1  26.9 0.00170 0.00166 1.21000  16466      13608.3 0.0078
4 -1  26.9 0.00190 0.00186 1.21000  37616      31087.6 0.0052
4 -1  26.9 0.00210 0.00215 0.68618  72204     105226.2 0.0037
4 -1  26.9 0.00230 0.00234 0.32648  72354     221615.7 0.0037
4 -1  26.9 0.00250 0.00254 0.17935  77890     434300.6 0.0036
4 -1  26.9 0.00270 0.00273 0.08501  71482     840828.9 0.0037
4 -1  26.9 0.00290 0.00293 0.04862  70866    1457612.4 0.0038
4 -1  26.9 0.00310 0.00313 0.03104  70950    2285610.5 0.0038
4 -1  26.9 0.00330 0.00332 0.02046  72392    3538777.1 0.0037
4 -1  26.9 0.00350 0.00352 0.01390  71734    5159102.4 0.0037
4 -1  26.9 0.00370 0.00371 0.01068  71036    6652500.4 0.0038
4 -1  26.9 0.00390 0.00391 0.00877  72152    8230230.1 0.0037
4 -1  26.9 0.00410 0.00410 0.00753  70974    9423578.8 0.0038
4 -1  26.9 0.00430 0.00430 0.00753  79172   10512069.0 0.0036
4 -1  26.9 0.00450 0.00449 0.00638  71900   11263312.6 0.0037
4 -1  26.9 0.00470 0.00469 0.00638  75362   11805643.5 0.0036
4 -1  26.9 0.00490 0.00488 0.00638  78176   12246463.5 0.0036
4 -1  26.9 0.00510 0.00508 0.00571  72248   12647986.8 0.0037
4 -1  26.9 0.00530 0.00527 0.00571  73704   12902879.2 0.0037
4 -1  26.9 0.00550 0.00547 0.00571  74724   13081444.0 0.0037
4 -1  26.9 0.00570 0.00566 0.00571  75426   13204338.6 0.0036
4 -1  26.9 0.00590 0.00586 0.00571  75894   13286268.3 0.0036
4 -1  26.8 0.00610 0.00605 0.00571  76020   13308326.3 0.0036
4 -1  26.8 0.00630 0.00635 0.00571  75632   13240401.6 0.0036
4 -1  26.8 0.00650 0.00654 0.00571  74894   13111204.8 0.0037
4 -1  26.8 0.00670 0.00674 0.00571  73558   12877320.0 0.0037
4 -1  26.8 0.00690 0.00693 0.00571  71650   12543298.8 0.0037
4 -1  26.8 0.00710 0.00713 0.00571  68976   12075179.1 0.0038
4 -1  26.8 0.00730 0.00732 0.00571  65202   11414489.5 0.0039
4 -1  26.8 0.00750 0.00752 0.00571  59756   10461093.7 0.0041
4 -1  26.8 0.00770 0.00771 0.00571  54056    9463231.8 0.0043
4 -1  26.8 0.00790 0.00791 0.00571  47786    8365583.8 0.0046
4 -1  26.8 0.00810 0.00811 0.00571  41974    7348114.8 0.0049
4 -1  26.8 0.00830 0.00830 0.00571  36924    6464044.2 0.0052
4 -1  26.8 0.00850 0.00850 0.00571  33518    5867778.0 0.0055
4 -1  26.8 0.00870 0.00869 0.00571  31078    5440623.0 0.0057
4 -1  26.8 0.00890 0.00889 0.00571  29762    5210239.5 0.0058
4 -1  26.8 0.00910 0.00908 0.00571  29038    5083493.5 0.0059
4 -1  26.8 0.00930 0.00928 0.00571  28462    4982657.0 0.0059
4 -1  26.8 0.00950 0.00947 0.00571  28180    4933289.1 0.0060
4 -1  26.8 0.00970 0.00967 0.00571  28226    4941342.0 0.0060
4 -1  26.8 0.00990 0.00986 0.00571  27940    4891273.8 0.0060
4 -1  26.8 0.01010 0.01006 0.00571  27780    4863263.7 0.0060
4 -1  26.8 0.01030 0.01025 0.00571  27650    4840505.4 0.0060
4 -1  26.8 0.01050 0.01055 0.00571  27664    4842956.3 0.0060
4 -1  26.8 0.01070 0.01074 0.00571  27336    4785535.5 0.0060
4 -1  26.8 0.01090 0.01094 0.00571  27424    4800941.1 0.0060
4 -1  26.8 0.01110 0.01113 0.00571  27288    4777132.4 0.0061
4 -1  26.8 0.01130 0.01133 0.00571  27348    4787636.2 0.0060
4 -1  26.8 0.01150 0.01152 0.00571  27446    4804792.5 0.0060
4 -1  26.8 0.01170 0.01172 0.00571  27150    4752973.7 0.0061
4 -1  26.8 0.01190 0.01191 0.00571  27196    4761026.6 0.0061
4 -1  26.8 0.01210 0.01211 0.00571  26984    4723913.1 0.0061
4 -1  26.8 0.01230 0.01230 0.00571  27114    4746671.4 0.0061
4 -1  26.8 0.01250 0.01250 0.00571  27018    4729865.3 0.0061
4 -1  26.8 0.01270 0.01270 0.00571  26860    4702205.3 0.0061
4 -1  26.8 0.01290 0.01289 0.00571  26016    4554451.7 0.0062
4 -1  26.8 0.01310 0.01309 0.00571  25748    4507534.7 0.0062
4 -1  26.8 0.01330 0.01328 0.00571  25064    4387791.2 0.0063
4 -1  26.8 0.01350 0.01348 0.00571  23852    4175614.3 0.0065
4 -1  26.8 0.01370 0.01367 0.00571  22166    3880457.2 0.0067
4 -1  26.8 0.01390 0.01387 0.00571  20728    3628716.0 0.0069
4 -1  26.8 0.01410 0.01406 0.00571  19146    3351765.5 0.0072
4 -1  26.8 0.01430 0.01426 0.00571  17548    3072014.1 0.0075
4 -1  26.8 0.01450 0.01445 0.00571  15394    2694927.3 0.0081
4 -1  26.8 0.01470 0.01475 0.00571  12756    2233109.8 0.0089
4 -1  26.8 0.01490 0.01494 0.00571  11454    2005177.2 0.0093
4 -1  26.8 0.01510 0.01514 0.00571  10242    1793000.2 0.0099
4 -1  26.8 0.01530 0.01533 0.00571   8974    1571019.7 0.0106
4 -1  26.8 0.01550 0.01553 0.00571   8272    1448125.2 0.0110
4 -1  26.8 0.01570 0.01572 0.00571   7578    1326631.1 0.0115
4 -1  26.8 0.01590 0.01592 0.00571   7040    1232446.9 0.0119
4 -1  26.8 0.01610 0.01611 0.00571   6610    1157169.6 0.0123
4 -1  26.8 0.01630 0.01631 0.00571   6250    1094146.8 0.0126
4 -1  26.8 0.01650 0.01650 0.00571   5980    1046879.7 0.0129
4 -1  26.8 0.01670 0.01670 0.00571   5838    1022020.6 0.0131
4 -1  26.8 0.01690 0.01689 0.00571   5636     986657.8 0.0133
4 -1  26.8 0.01710 0.01709 0.00571   5436     951645.1 0.0136
4 -1  26.8 0.01730 0.01729 0.00571   5416     948143.8 0.0136
4 -1  26.8 0.01750 0.01748 0.00571   5182     907179.0 0.0139
4 -1  26.8 0.01770 0.01768 0.00571   4810     842055.4 0.0144
4 -1  26.8 0.01790 0.01787 0.00571   4774     835753.1 0.0145
4 -1  26.8 0.01810 0.01807 0.00571   4852     849408.0 0.0144
4 -1  26.8 0.01830 0.01826 0.00571   4680     819297.1 0.0146
4 -1  26.8 0.01850 0.01846 0.00571   4440     777281.9 0.0150
4 -1  26.8 0.01870 0.01865 0.00571   4276     748571.5 0.0153
4 -1  26.8 0.01890 0.01895 0.00571   4234     741218.8 0.0154
4 -1  26.8 0.01910 0.01914 0.00571   3840     672243.8 0.0161
4 -1  26.8 0.01930 0.01934 0.00571   3882     679596.5 0.0160
4 -1  26.8 0.01950 0.01953 0.00571   3798     664891.1 0.0162
4 -1  26.8 0.01970 0.01973 0.00571   3606     631278.9 0.0167
4 -1  26.8 0.01990 0.01992 0.00571   3376     591014.3 0.0172
4 -1  26.8 0.02010 0.02012 0.00571   3280     574208.2 0.0175
4 -1  26.8 0.02030 0.02031 0.00571   3266     571757.3 0.0175
4 -1  26.8 0.02050 0.02051 0.00571   3168     554601.1 0.0178
4 -1  26.8 0.02070 0.02070 0.00571   2950     516437.3 0.0184
4 -1  26.8 0.02090 0.02090 0.00571   2682     469520.3 0.0193
4 -1  26.8 0.02110 0.02109 0.00571   2562     448512.7 0.0198
4 -1  26.8 0.02130 0.02129 0.00571   2440     427154.9 0.0202
4 -1  26.8 0.02150 0.02148 0.00579   2248     388229.4 0.0211
4 -1  26.8 0.02170 0.02168 0.00623   2226     357440.3 0.0212
4 -1  26.8 0.02190 0.02188 0.00670   2244     334708.6 0.0211
4 -1  26.8 0.02210 0.02207 0.00754   2344     311011.0 0.0207
4 -1  26.8 0.02230 0.02227 0.00816   2224     272512.4 0.0212
4 -1  26.8 0.02250 0.02246 0.00937   2308     246389.4 0.0208
4 -1  26.8 0.02270 0.02266 0.01038   2236     215468.3 0.0211
4 -1  26.8 0.02290 0.02285 0.01086   2248     207070.5 0.0211
4 -1  26.8 0.02310 0.02314 0.01293   2224     172038.0 0.0212
4 -1  26.8 0.02330 0.02334 0.01398   2362     168945.9 0.0206
4 -1  26.8 0.02350 0.02354 0.01535   2330     151806.4 0.0207
4 -1  26.8 0.02370 0.02373 0.01619   2382     147092.4 0.0205
4 -1  26.8 0.02390 0.02393 0.01716   2254     131383.6 0.0211
4 -1  26.8 0.02410 0.02412 0.01865   2320     124378.8 0.0208
4 -1  26.8 0.02430 0.02432 0.01865   2298     123199.3 0.0209
4 -1  26.8 0.02450 0.02451 0.02002   2288     114272.2 0.0209
4 -1  26.8 0.02470 0.02471 0.02162   2234     103340.2 0.0212
4 -1  26.8 0.02490 0.02490 0.02228   2312     103771.6 0.0208
4 -1  26.8 0.02510 0.02510 0.02248   2256     100346.7 0.0211
4 -1  26.8 0.02530 0.02529 0.02387   2256      94493.1 0.0211
4 -1  26.8 0.02550 0.02549 0.02461   2238      90954.8 0.0211
4 -1  26.8 0.02570 0.02568 0.02560   2234      87278.3 0.0212
4 -1  26.8 0.02590 0.02588 0.02770   2242      80942.7 0.0211
4 -1  26.8 0.02610 0.02607 0.02947   2380      80760.4 0.0205
4 -1  26.8 0.02630 0.02627 0.02947   2226      75534.7 0.0212
4 -1  26.8 0.02650 0.02646 0.03080   2340      75986.3 0.0207
4 -1  26.8 0.02670 0.02666 0.03276   2288      69836.0 0.0209
4 -1  26.8 0.02690 0.02686 0.03399   2232      65674.0 0.0212
4 -1  26.8 0.02710 0.02715 0.03699   2346      63421.0 0.0206
4 -1  26.8 0.02730 0.02734 0.03743   2330      62251.5 0.0207
4 -1  26.8 0.02750 0.02754 0.04006   2302      57462.2 0.0208
4 -1  26.8 0.02770 0.02773 0.04148   2246      54146.7 0.0211
4 -1  26.8 0.02790 0.02793 0.04457   2250      50483.8 0.0211
4 -1  26.8 0.02810 0.02813 0.04615   2248      48713.7 0.0211
4 -1  26.8 0.02830 0.02832 0.04832   2270      46976.6 0.0210
4 -1  26.8 0.02850 0.02852 0.05238   2346      44791.3 0.0206
4 -1  26.8 0.02870 0.02871 0.05492   2232      40641.3 0.0212
4 -1  26.8 0.02890 0.02891 0.05935   2266      38181.1 0.0210
4 -1  26.8 0.02910 0.02910 0.06439   2322      36061.0 0.0208
4 -1  26.8 0.02930 0.02930 0.06692   2282      34100.0 0.0209
4 -1  26.8 0.02950 0.02949 0.07268   2306      31729.2 0.0208
4 -1  26.8 0.02970 0.02969 0.07697   2252      29257.0 0.0211
4 -1  26.8 0.02990 0.02988 0.08629   2354      27279.0 0.0206
4 -1  26.8 0.03010 0.03008 0.09353   2348      25103.2 0.0206
4 -1  26.8 0.03030 0.03027 0.09963   2226      22342.2 0.0212
4 -1  26.8 0.03050 0.03047 0.11046   2262      20478.0 0.0210
4 -1  26.8 0.03070 0.03066 0.11853   2300      19404.1 0.0209
4 -1  26.8 0.03090 0.03086 0.12911   2238      17334.6 0.0211
4 -1  26.8 0.03110 0.03105 0.13845   2234      16135.5 0.0212
4 -1  26.8 0.03130 0.03135 0.15625   2328      14899.6 0.0207
4 -1  26.8 0.03150 0.03154 0.16804   2228      13258.4 0.0212
4 -1  26.8 0.03170 0.03174 0.18232   2280      12505.4 0.0209
4 -1  26.8 0.03190 0.03193 0.18232   2232      12242.1 0.0212
4 -1  26.8 0.03210 0.03213 0.20573   2246      10917.5 0.0211
4 -1  26.8 0.03230 0.03232 0.21401   2268      10597.7 0.0210
4 -1  26.8 0.03250 0.03252 0.22296   2222       9966.0 0.0212
4 -1  26.8 0.03270 0.03271 0.24119   2298       9527.6 0.0209
4 -1  26.8 0.03290 0.03291 0.25256   2424       9597.7 0.0203
4 -1  26.8 0.03310 0.03311 0.26800   2262       8440.4 0.0210
4 -1  26.8 0.03330 0.03330 0.27665   2344       8472.7 0.0207
4 -1  26.8 0.03350 0.03350 0.27665   2246       8118.4 0.0211
4 -1  26.8 0.03370 0.03369 0.30449   2284       7501.1 0.0209
4 -1  26.8 0.03390 0.03389 0.31794   2344       7372.5 0.0207
4 -1  26.8 0.03410 0.03408 0.33230   2244       6753.0 0.0211
4 -1  26.8 0.03430 0.03428 0.34535   2370       6862.6 0.0205
4 -1  26.8 0.03450 0.03447 0.34535   2260       6544.0 0.0210
4 -1  26.8 0.03470 0.03467 0.38840   2248       5787.9 0.0211
4 -1  26.8 0.03490 0.03486 0.38840   2252       5798.2 0.0211
4 -1  26.8 0.03510 0.03506 0.41607   2294       5513.5 0.0209
4 -1  26.8 0.03530 0.03525 0.44193   2286       5172.8 0.0209
4 -1  26.8 0.03550 0.03555 0.46126   2284       4951.6 0.0209
4 -1  26.8 0.03570 0.03574 0.49181   2310       4697.0 0.0208
4 -1  26.8 0.03590 0.03594 0.51136   2258       4415.7 0.0210
4 -1  26.8 0.03610 0.03613 0.54004   2238       4144.2 0.0211
4 -1  26.8 0.03630 0.03633 0.58764   2266       3856.1 0.0210
4 -1  26.8 0.03650 0.03652 0.62661   2270       3622.7 0.0210
4 -1  26.8 0.03670 0.03672 0.62661   2242       3578.0 0.0211
4 -1  26.8 0.03690 0.03691 0.67935   2246       3306.1 0.0211
4 -1  26.8 0.03710 0.03711 0.73135   2328       3183.1 0.0207
4 -1  26.8 0.03730 0.03730 0.78981   2328       2947.6 0.0207
4 -1  26.8 0.03750 0.03750 0.79916   2322       2905.6 0.0208
4 -1  26.8 0.03770 0.03770 0.86200   2320       2691.4 0.0208
4 -1  26.8 0.03790 0.03789 0.94168   2274       2414.8 0.0210
4 -1  26.8 0.03810 0.03809 0.99543   2336       2346.7 0.0207
4 -1  26.8 0.03830 0.03828 1.06525   2314       2172.3 0.0208
4 -1  26.8 0.03850 0.03848 1.14207   2322       2033.2 0.0208
4 -1  26.8 0.03870 0.03867 1.20957   2290       1893.2 0.0209
4 -1  26.8 0.03890 0.03887 1.21000   2198       1816.5 0.0213
4 -1  26.8 0.03910 0.03906 1.21000   2076       1715.7 0.0219
4 -1  26.8 0.03930 0.03926 1.21000   1886       1558.7 0.0230
4 -1  26.8 0.03950 0.03945 1.21000   1794       1482.6 0.0236
4 -1  26.8 0.03970 0.03975 1.21000   1680       1388.4 0.0244
4 -1  26.8 0.03990 0.03994 1.21000   1666       1376.9 0.0245
4  0  26.8 0.00010 0.00010 1.21000     58         47.9 0.1313
4  0  26.8 0.00030 0.00029 1.21000     72         59.5 0.1179
4  0  26.8 0.00050 0.00049 1.21000    156        128.9 0.0801
4  0  26.8 0.00070 0.00068 1.21000    288        238.0 0.0589
4  0  26.8 0.00090 0.00088 1.21000    654        540.5 0.0391
4  0  26.8 0.00110 0.00107 1.21000   1606       1327.3 0.0250
4  0  26.8 0.00130 0.00127 1.21000   3934       3251.2 0.0159
4  0  26.8 0.00150 0.00146 1.21000   9598       7932.2 0.0102
4  0  26.8 0.00170 0.00166 1.21000  20014      16540.5 0.0071
4  0  26.8 0.00190 0.00186 1.21000  44208      36535.5 0.0048
4  0  26.7 0.00210 0.00215 0.50248  71852     142994.8 0.0037
4  0  26.7 0.00230 0.00234 0.24518  72058     293898.8 0.0037
4  0  26.7 0.00250 0.00254 0.13468  72890     541195.8 0.0037
4  0  26.7 0.00270 0.00273 0.07442  72324     971808.7 0.0037
4  0  26.7 0.00290 0.00293 0.04797  72468    1510546.9 0.0037
4  0  26.7 0.00310 0.00313 0.03483  72246    2074320.3 0.0037
4  0  26.7 0.00330 0.00332 0.02666  71664    2688210.3 0.0037
4  0  26.7 0.00350 0.00352 0.02200  71756    3262069.3 0.0037
4  0  26.7 0.00370 0.00371 0.01970  72174    3664410.3 0.0037
4  0  26.7 0.00390 0.00391 0.01970  78082    3964370.7 0.0036
4  0  26.7 0.00410 0.00410 0.01733  72208    4165749.5 0.0037
4  0  26.7 0.00430 0.00430 0.01733  74612    4304438.6 0.0037
4  0  26.7 0.00450 0.00449 0.01733  76032    4386359.8 0.0036
4  0  26.7 0.00470 0.00469 0.01733  76994    4441858.5 0.0036
4  0  26.7 0.00490 0.00488 0.01733  77632    4478665.3 0.0036
4  0  26.7 0.00510 0.00508 0.01733  78146    4508318.5 0.0036
4  0  26.7 0.00530 0.00527 0.01733  78450    4525856.6 0.0036
4  0  26.7 0.00550 0.00547 0.01733  78656    4537740.9 0.0036
4  0  26.7 0.00570 0.00566 0.01733  78744    4542817.7 0.0036
4  0  26.7 0.00590 0.00586 0.01733  78728    4541894.7 0.0036
4  0  26.7 0.00610 0.00605 0.01733  78602    4534625.6 0.0036
4  0  26.7 0.00630 0.00635 0.01733  78202    4511549.2 0.0036
4  0  26.7 0.00650 0.00654 0.01733  77750    4485472.9 0.0036
4  0  26.7 0.00670 0.00674 0.01733  76988    4441512.4 0.0036
4  0  26.7 0.00690 0.00693 0.01733  75916    4379667.6 0.0036
4  0  26.7 0.00710 0.00713 0.01733  74172    4279054.6 0.0037
4  0  26.7 0.00730 0.00732 0.01733  71612    4131365.7 0.0037
4  0  26.7 0.00750 0.00752 0.01733  67744    3908217.0 0.0038
4  0  26.7 0.00770 0.00771 0.01733  62454    3603031.8 0.0040
4  0  26.7 0.00790 0.00791 0.01733  56370    3252040.0 0.0042
4  0  26.7 0.00810 0.00811 0.01733  48640    2806088.8 0.0045
4  0  26.7 0.00830 0.00830 0.01733  39882    2300831.2 0.0050
4  0  26.7 0.00850 0.00850 0.01733  33264    1919032.4 0.0055
4  0  26.7 0.00870 0.00869 0.01733  28118    1622154.7 0.0060
4  0  26.7 0.00890 0.00889 0.01733  24988    1441581.9 0.0063
4  0  26.7 0.00910 0.00908 0.01733  23016    1327815.4 0.0066
4  0  26.7 0.00930 0.00928 0.01733  22266    1284547.1 0.0067
4  0  26.7 0.00950 0.00947 0.01733  21852    1260663.1 0.0068
4  0  26.7 0.00970 0.00967 0.01733  21582    1245086.5 0.0068
4  0  26.7 0.00990 0.00986 0.01733  21416    1235509.8 0.0068
4  0  26.7 0.01010 0.01006 0.01733  21492    1239894.3 0.0068
4  0  26.7 0.01030 0.01025 0.01733  21196    1222817.8 0.0069
4  0  26.7 0.01050 0.01055 0.01733  21236    1225125.4 0.0069
4  0  26.7 0.01070 0.01074 0.01733  21326    1230317.6 0.0068
4  0  26.7 0.01090 0.01094 0.01733  21300    1228817.7 0.0069
4  0  26.7 0.01110 0.01113 0.01733  21312    1229509.9 0.0068
4  0  26.7 0.01130 0.01133 0.01733  21298    1228702.3 0.0069
4  0  26.7 0.01150 0.01152 0.01733  21240    1225356.2 0.0069
4  0  26.7 0.01170 0.01172 0.01733  21002    1211625.7 0.0069
4  0  26.7 0.01190 0.01191 0.01733  21362    1232394.5 0.0068
4  0  26.7 0.01210 0.01211 0.01733  21042    1213933.4 0.0069
4  0  26.7 0.01230 0.01230 0.01733  21338    1231009.9 0.0068
4  0  26.7 0.01250 0.01250 0.01733  21146    1219933.2 0.0069
4  0  26.7 0.01270 0.01270 0.01733  20712    1194895.4 0.0069
4  0  26.7 0.01290 0.01289 0.01733  20508    1183126.4 0.0070
4  0  26.7 0.01310 0.01309 0.01733  20004    1154050.2 0.0071
4  0  26.7 0.01330 0.01328 0.01733  19524    1126358.5 0.0072
4  0  26.7 0.01350 0.01348 0.01733  18414    1062321.5 0.0074
4  0  26.7 0.01370 0.01367 0.01733  17214     993092.4 0.0076
4  0  26.7 0.01390 0.01387 0.01733  15702     905863.6 0.0080
4  0  26.7 0.01410 0.01406 0.01733  14406     831096.1 0.0083
4  0  26.7 0.01430 0.01426 0.01733  12736     734752.2 0.0089
4  0  26.7 0.01450 0.01445 0.01733  10982     633562.2 0.0095
4  0  26.7 0.01470 0.01475 0.01733   8588     495450.0 0.0108
4  0  26.7 0.01490 0.01494 0.01733   7148     412375.1 0.0118
4  0  26.7 0.01510 0.01514 0.01733   6106     352261.1 0.0128
4  0  26.7 0.01530 0.01533 0.01733   5084     293300.9 0.0140
4  0  26.7 0.01550 0.01553 0.01733   4364     251763.4 0.0151
4  0  26.7 0.01570 0.01572 0.01733   3894     224648.6 0.0160
4  0  26.7 0.01590 0.01592 0.01733   3434     198110.8 0.0171
4  0  26.7 0.01610 0.01611 0.01733   3200     184611.1 0.0177
4  0  26.7 0.01630 0.01631 0.01733   3042     175495.9 0.0181
4  0  26.7 0.01650 0.01650 0.01733   2908     167765.3 0.0185
4  0  26.7 0.01670 0.01670 0.01733   2812     162227.0 0.0189
4  0  26.7 0.01690 0.01689 0.01733   2658     153342.6 0.0194
4  0  26.7 0.01710 0.01709 0.01733   2684     154842.6 0.0193
4  0  26.7 0.01730 0.01729 0.01733   2556     147458.1 0.0198
4  0  26.7 0.01750 0.01748 0.01733   2582     148958.1 0.0197
4  0  26.7 0.01770 0.01768 0.01733   2374     136958.4 0.0205
4  0  26.7 0.01790 0.01787 0.01733   2372     136843.0 0.0205
4  0  26.7 0.01810 0.01807 0.01733   2270     130958.5 0.0210
4  0  26.7 0.01830 0.01826 0.01733   2358     136035.3 0.0206
4  0  26.7 0.01850 0.01846 0.01749   2348     134239.1 0.0206
4  0  26.7 0.01870 0.01865 0.01781   2450     137549.1 0.0202
4  0  26.7 0.01890 0.01895 0.01862   2316     124380.2 0.0208
4  0  26.7 0.01910 0.01914 0.01862   2240     120298.6 0.0211
4  0  26.7 0.01930 0.01934 0.01887   2228     118043.5 0.0212
4  0  26.7 0.01950 0.01953 0.01967   2298     116820.8 0.0209
4  0  26.7 0.01970 0.01973 0.02108   2266     107505.5 0.0210
4  0  26.7 0.01990 0.01992 0.02206   2318     105077.5 0.0208
4  0  26.7 0.02010 0.02012 0.02206   2308     104624.2 0.0208
4  0  26.7 0.02030 0.02031 0.02321   2246      96763.9 0.0211
4  0  26.7 0.02050 0.02051 0.02423   2250      92874.3 0.0211
4  0  26.7 0.02070 0.02070 0.02588   2304      89025.6 0.0208
4  0  26.7 0.02090 0.02090 0.02648   2260      85360.4 0.0210
4  0  26.7 0.02110 0.02109 0.02801   2260      80673.7 0.0210
4  0  26.7 0.02130 0.02129 0.02998   2254      75174.9 0.0211
4  0  26.7 0.02150 0.02148 0.03413   2268      66450.5 0.0210
4  0  26.7 0.02170 0.02168 0.03498   2290      65464.5 0.0209
4  0  26.7 0.02190 0.02188 0.03960   2276      57470.7 0.0210
4  0  26.7 0.02210 0.02207 0.04351   2260      51947.0 0.0210
4  0  26.7 0.02230 0.02227 0.05056   2254      44581.0 0.0211
4  0  26.7 0.02250 0.02246 0.05692   2268      39848.8 0.0210
4  0  26.7 0.02270 0.02266 0.06439   2234      34693.9 0.0212
4  0  26.7 0.02290 0.02285 0.07662   2302      30043.5 0.0208
4  0  26.7 0.02310 0.02314 0.09085   2274      25030.1 0.0210
4  0  26.7 0.02330 0.02334 0.10591   2328      21980.3 0.0207
4  0  26.7 0.02350 0.02354 0.11535   2262      19610.6 0.0210
4  0  26.7 0.02370 0.02373 0.13041   2314      17744.3 0.0208
4  0  26.7 0.02390 0.02393 0.14135   2284      16158.5 0.0209
4  0  26.7 0.02410 0.02412 0.15321   2310      15077.4 0.0208
4  0  26.7 0.02430 0.02432 0.15321   2278      14868.5 0.0210
4  0  26.7 0.02450 0.02451 0.16721   2256      13492.4 0.0211
4  0  26.7 0.02470 0.02471 0.17692   2370      13395.9 0.0205
4  0  26.7 0.02490 0.02490 0.18753   2238      11934.1 0.0211
4  0  26.7 0.02510 0.02510 0.19847   2282      11497.9 0.0209
4  0  26.7 0.02530 0.02529 0.19847   2268      11427.4 0.0210
4  0  26.7 0.02550 0.02549 0.19847   2230      11235.9 0.0212
4  0  26.7 0.02570 0.02568 0.19847   2294      11558.4 0.0209
4  0  26.7 0.02590 0.02588 0.21491   2232      10385.6 0.0212
4  0  26.7 0.02610 0.02607 0.22441   2244       9999.7 0.0211
4  0  26.7 0.02630 0.02627 0.22769   2276       9996.3 0.0210
4  0  26.7 0.02650 0.02646 0.24511   2230       9097.8 0.0212
4  0  26.7 0.02670 0.02666 0.24511   2276       9285.4 0.0210
4  0  26.7 0.02690 0.02686 0.25962   2374       9144.3 0.0205
4  0  26.7 0.02710 0.02715 0.27392   2288       8352.9 0.0209
4  0  26.7 0.02730 0.02734 0.27392   2222       8112.0 0.0212
4  0  26.7 0.02750 0.02754 0.29069   2244       7719.7 0.0211
4  0  26.7 0.02770 0.02773 0.30998   2278       7348.8 0.0210
4  0  26.7 0.02790 0.02793 0.30998   2234       7206.9 0.0212
4  0  26.7 0.02810 0.02813 0.33609   2236       6653.0 0.0211
4  0  26.7 0.02830 0.02832 0.34794   2312       6644.9 0.0208
4  0  26.7 0.02850 0.02852 0.37665   2308       6127.7 0.0208
4  0  26.7 0.02870 0.02871 0.37665   2244       5957.8 0.0211
4  0  26.7 0.02890 0.02891 0.39515   2268       5739.6 0.0210
4  0  26.7 0.02910 0.02910 0.42918   2228       5191.2 0.0212
4  0  26.7 0.02930 0.02930 0.46294   2274       4912.1 0.0210
4  0  26.7 0.02950 0.02949 0.48567   2242       4616.3 0.0211
4  0  26.7 0.02970 0.02969 0.54012   2258       4180.6 0.0210
4  0  26.7 0.02990 0.02988 0.55408   2228       4021.1 0.0212
4  0  26.7 0.03010 0.03008 0.63206   2326       3680.0 0.0207
4  0  26.7 0.03030 0.03027 0.70247   2314       3294.1 0.0208
4  0  26.7 0.03050 0.03047 0.78945   2310       2926.1 0.0208
4  0  26.7 0.03070 0.03066 0.86157   2234       2593.0 0.0212
4  0  26.7 0.03090 0.03086 0.99898   2400       2402.5 0.0204
4  0  26.7 0.03110 0.03105 1.07089   2354       2198.2 0.0206
4  0  26.7 0.03130 0.03135 1.21000   2174       1796.7 0.0214
4  0  26.7 0.03150 0.03154 1.21000   2000       1652.9 0.0224
4  0  26.7 0.03170 0.03174 1.21000   1774       1466.1 0.0237
4  0  26.7 0.03190 0.03193 1.21000   1676       1385.1 0.0244
4  0  26.7 0.03210 0.03213 1.21000   1552       1282.6 0.0254
4  0  26.7 0.03230 0.03232 1.21000   1554       1284.3 0.0254
4  0  26.7 0.03250 0.03252 1.21000   1434       1185.1 0.0264
4  0  26.7 0.03270 0.03271 1.21000   1312       1084.3 0.0276
4  0  26.7 0.03290 0.03291 1.21000   1370       1132.2 0.0270
4  0  26.7 0.03310 0.03311 1.21000   1260       1041.3 0.0282
4  0  26.7 0.03330 0.03330 1.21000   1292       1067.8 0.0278
4  0  26.7 0.03350 0.03350 1.21000   1198        990.1 0.0289
4  0  26.7 0.03370 0.03369 1.21000   1166        963.6 0.0293
4  0  26.6 0.03390 0.03389 1.21000   1106        914.0 0.0301
4  0  26.6 0.03410 0.03408 1.21000   1096        905.8 0.0302
4  0  26.6 0.03430 0.03428 1.21000   1094        904.1 0.0302
4  0  26.6 0.03450 0.03447 1.21000   1040        859.5 0.0310
4  0  26.6 0.03470 0.03467 1.21000    986        814.9 0.0318
4  0  26.6 0.03490 0.03486 1.21000    920        760.3 0.0330
4  0  26.6 0.03510 0.03506 1.21000    874        722.3 0.0338
4  0  26.6 0.03530 0.03525 1.21000    888        733.9 0.0336
4  0  26.6 0.03550 0.03555 1.21000    872        720.7 0.0339
4  0  26.6 0.03570 0.03574 1.21000    828        684.3 0.0348
4  0  26.6 0.03590 0.03594 1.21000    788        651.2 0.0356
4  0  26.6 0.03610 0.03613 1.21000    774        639.7 0.0359
4  0  26.6 0.03630 0.03633 1.21000    812        671.1 0.0351
4  0  26.6 0.03650 0.03652 1.21000    726        600.0 0.0371
4  0  26.6 0.03670 0.03672 1.21000    694        573.6 0.0380
4  0  26.6 0.03690 0.03691 1.21000    660        545.5 0.0389
4  0  26.6 0.03710 0.03711 1.21000    650        537.2 0.0392
4  0  26.6 0.03730 0.03730 1.21000    622        514.0 0.0401
4  0  26.6 0.03750 0.03750 1.21000    632        522.3 0.0398
4  0  26.6 0.03770 0.03770 1.21000    514        424.8 0.0441
4  0  26.6 0.03790 0.03789 1.21000    536        443.0 0.0432
4  0  26.6 0.03810 0.03809 1.21000    524        433.1 0.0437
4  0  26.6 0.03830 0.03828 1.21000    466        385.1 0.0463
4  0  26.6 0.03850 0.03848 1.21000    486        401.7 0.0454
4  0  26.6 0.03870 0.03867 1.21000    426        352.1 0.0485
4  0  26.6 0.03890 0.03887 1.21000    444        366.9 0.0475
4  0  26.6 0.03910 0.03906 1.21000    406        335.5 0.0496
4  0  26.6 0.03930 0.03926 1.21000    376        310.7 0.0516
4  0  26.6 0.03950 0.03945 1.21000    394        325.6 0.0504
4  0  26.6 0.03970 0.03975 1.21000    376        310.7 0.0516
4  0  26.6 0.03990 0.03994 1.21000    322        266.1 0.0557
4  1  26.6 0.00010 0.00010 1.21000     48         39.7 0.1443
4  1  26.6 0.00030 0.00029 1.21000     60         49.6 0.1291
4  1  26.6 0.00050 0.00049 1.21000    108         89.3 0.0962
4  1  26.6 0.00070 0.00068 1.21000    246        203.3 0.0638
4  1  26.6 0.00090 0.00088 1.21000    604        499.2 0.0407
4  1  26.6 0.00110 0.00107 1.21000   1614       1333.9 0.0249
4  1  26.6 0.00130 0.00127 1.21000   4202       3472.7 0.0154
4  1  26.6 0.00150 0.00146 1.21000   9564       7904.1 0.0102
4  1  26.6 0.00170 0.00166 1.21000  19928      16469.4 0.0071
4  1  26.6 0.00190 0.00186 1.21000  45788      37841.3 0.0047
4  1  26.6 0.00210 0.00215 0.49658  71702     144392.3 0.0037
4  1  26.6 0.00230 0.00234 0.24509  72096     294164.3 0.0037
4  1  26.6 0.00250 0.00254 0.13463  73926     549094.1 0.0037
4  1  26.6 0.00270 0.00273 0.07396  73032     987492.0 0.0037
4  1  26.6 0.00290 0.00293 0.04721  71786    1520460.5 0.0037
4  1  26.6 0.00310 0.00313 0.03434  71486    2081938.3 0.0037
4  1  26.6 0.00330 0.00332 0.02670  72276    2707136.0 0.0037
4  1  26.6 0.00350 0.00352 0.02198  71938    3272216.7 0.0037
4  1  26.6 0.00370 0.00371 0.01958  71680    3661339.1 0.0037
4  1  26.6 0.00390 0.00391 0.01958  77512    3959231.6 0.0036
4  1  26.6 0.00410 0.00410 0.01736  72324    4165146.2 0.0037
4  1  26.6 0.00430 0.00430 0.01736  74626    4297718.6 0.0037
4  1  26.6 0.00450 0.00449 0.01736  76108    4383067.1 0.0036
4  1  26.6 0.00470 0.00469 0.01736  77012    4435128.6 0.0036
4  1  26.6 0.00490 0.00488 0.01736  77650    4471871.1 0.0036
4  1  26.6 0.00510 0.00508 0.01736  78164    4501472.4 0.0036
4  1  26.6 0.00530 0.00527 0.01736  78462    4518634.2 0.0036
4  1  26.6 0.00550 0.00547 0.01736  78658    4529921.9 0.0036
4  1  26.6 0.00570 0.00566 0.01736  78734    4534298.7 0.0036
4  1  26.6 0.00590 0.00586 0.01736  78716    4533262.1 0.0036
4  1  26.6 0.00610 0.00605 0.01736  78598    4526466.5 0.0036
4  1  26.6 0.00630 0.00635 0.01736  78202    4503660.8 0.0036
4  1  26.6 0.00650 0.00654 0.01736  77720    4475902.4 0.0036
4  1  26.6 0.00670 0.00674 0.01736  76948    4431442.8 0.0036
4  1  26.6 0.00690 0.00693 0.01736  75846    4367978.5 0.0036
4  1  26.6 0.00710 0.00713 0.01736  74098    4267311.0 0.0037
4  1  26.6 0.00730 0.00732 0.01736  71568    4121608.1 0.0037
4  1  26.6 0.00750 0.00752 0.01736  67598    3892975.4 0.0038
4  1  26.6 0.00770 0.00771 0.01736  62446    3596271.2 0.0040
4  1  26.6 0.00790 0.00791 0.01736  56084    3229883.0 0.0042
4  1  26.6 0.00810 0.00811 0.01736  48372    2785748.2 0.0045
4  1  26.6 0.00830 0.00830 0.01736  39948    2300609.2 0.0050
4  1  26.6 0.00850 0.00850 0.01736  33604    1935257.6 0.0055
4  1  26.6 0.00870 0.00869 0.01736  28544    1643851.7 0.0059
4  1  26.6 0.00890 0.00889 0.01736  25710    1480641.4 0.0062
4  1  26.6 0.00910 0.00908 0.01736  24124    1389303.5 0.0064
4  1  26.6 0.00930 0.00928 0.01736  23192    1335629.5 0.0066
4  1  26.6 0.00950 0.00947 0.01736  22890    1318237.3 0.0066
4  1  26.6 0.00970 0.00967 0.01736  22422    1291285.2 0.0067
4  1  26.6 0.00990 0.00986 0.01736  22440    1292321.8 0.0067
4  1  26.6 0.01010 0.01006 0.01736  22192    1278039.4 0.0067
4  1  26.6 0.01030 0.01025 0.01736  22300    1284259.2 0.0067
4  1  26.6 0.01050 0.01055 0.01736  22118    1273777.8 0.0067
4  1  26.6 0.01070 0.01074 0.01736  22282    1283222.6 0.0067
4  1  26.6 0.01090 0.01094 0.01736  22292    1283798.5 0.0067
4  1  26.6 0.01110 0.01113 0.01736  22300    1284259.2 0.0067
4  1  26.6 0.01130 0.01133 0.01736  22170    1276772.5 0.0067
4  1  26.6 0.01150 0.01152 0.01736  22178    1277233.2 0.0067
4  1  26.6 0.01170 0.01172 0.01736  22156    1275966.2 0.0067
4  1  26.6 0.01190 0.01191 0.01736  22304    1284489.5 0.0067
4  1  26.6 0.01210 0.01211 0.01736  22106    1273086.7 0.0067
4  1  26.6 0.01230 0.01230 0.01736  22068    1270898.3 0.0067
4  1  26.6 0.01250 0.01250 0.01736  21752    1252699.8 0.0068
4  1  26.6 0.01270 0.01270 0.01736  21814    1256270.4 0.0068
4  1  26.6 0.01290 0.01289 0.01736  21294    1226323.5 0.0069
4  1  26.6 0.01310 0.01309 0.01736  20638    1188544.4 0.0070
4  1  26.6 0.01330 0.01328 0.01736  19760    1137980.3 0.0071
4  1  26.6 0.01350 0.01348 0.01736  18908    1088913.6 0.0073
4  1  26.6 0.01370 0.01367 0.01736  17180     989397.9 0.0076
4  1  26.6 0.01390 0.01387 0.01736  16044     923975.5 0.0079
4  1  26.6 0.01410 0.01406 0.01736  14204     818009.7 0.0084
4  1  26.6 0.01430 0.01426 0.01736  12378     712850.2 0.0090
4  1  26.6 0.01450 0.01445 0.01736  10812     622664.1 0.0096
4  1  26.6 0.01470 0.01475 0.01736   8336     480071.1 0.0110
4  1  26.6 0.01490 0.01494 0.01736   6894     397026.1 0.0120
4  1  26.6 0.01510 0.01514 0.01736   5800     334022.6 0.0131
4  1  26.6 0.01530 0.01533 0.01736   4868     280348.6 0.0143
4  1  26.6 0.01550 0.01553 0.01736   4250     244757.9 0.0153
4  1  26.6 0.01570 0.01572 0.01736   3814     219648.6 0.0162
4  1  26.6 0.01590 0.01592 0.01736   3428     197418.9 0.0171
4  1  26.6 0.01610 0.01611 0.01736   3186     183482.1 0.0177
4  1  26.6 0.01630 0.01631 0.01736   3016     173691.7 0.0182
4  1  26.6 0.01650 0.01650 0.01736   2966     170812.2 0.0184
4  1  26.6 0.01670 0.01670 0.01736   2792     160791.6 0.0189
4  1  26.6 0.01690 0.01689 0.01736   2704     155723.6 0.0192
4  1  26.6 0.01710 0.01709 0.01736   2586     148928.0 0.0197
4  1  26.6 0.01730 0.01729 0.01736   2544     146509.2 0.0198
4  1  26.6 0.01750 0.01748 0.01736   2428     139828.8 0.0203
4  1  26.6 0.01770 0.01768 0.01736   2444     140750.2 0.0202
4  1  26.6 0.01790 0.01787 0.01736   2408     138677.0 0.0204
4  1  26.6 0.01810 0.01807 0.01736   2310     133033.1 0.0208
4  1  26.6 0.01830 0.01826 0.01736   2328     134069.7 0.0207
4  1  26.6 0.01850 0.01846 0.01793   2308     128730.6 0.0208
4  1  26.6 0.01870 0.01865 0.01793   2228     124268.5 0.0212
4  1  26.6 0.01890 0.01895 0.01902   2354     123732.9 0.0206
4  1  26.6 0.01910 0.01914 0.01902   2266     119107.3 0.0210
4  1  26.6 0.01930 0.01934 0.01902   2250     118266.3 0.0211
4  1  26.6 0.01950 0.01953 0.01994   2254     113038.0 0.0211
4  1  26.6 0.01970 0.01973 0.02191   2386     108921.8 0.0205
4  1  26.6 0.01990 0.01992 0.02196   2246     102253.9 0.0211
4  1  26.6 0.02010 0.02012 0.02303   2314     100475.2 0.0208
4  1  26.6 0.02030 0.02031 0.02352   2260      96099.0 0.0210
4  1  26.6 0.02050 0.02051 0.02452   2296      93633.6 0.0209
4  1  26.6 0.02070 0.02070 0.02614   2240      85676.4 0.0211
4  1  26.6 0.02090 0.02090 0.02810   2230      79357.4 0.0212
4  1  26.6 0.02110 0.02109 0.02962   2292      77379.1 0.0209
4  1  26.6 0.02130 0.02129 0.03189   2302      72190.5 0.0208
4  1  26.6 0.02150 0.02148 0.03593   2286      63622.9 0.0209
4  1  26.6 0.02170 0.02168 0.03827   2272      59366.0 0.0210
4  1  26.6 0.02190 0.02188 0.04377   2262      51682.9 0.0210
4  1  26.6 0.02210 0.02207 0.04922   2228      45264.5 0.0212
4  1  26.6 0.02230 0.02227 0.05722   2232      39006.4 0.0212
4  1  26.6 0.02250 0.02246 0.06580   2252      34226.2 0.0211
4  1  26.6 0.02270 0.02266 0.07671   2228      29045.8 0.0212
4  1  26.6 0.02290 0.02285 0.08290   2244      27068.9 0.0211
4  1  26.6 0.02310 0.02314 0.10715   2348      21913.2 0.0206
4  1  26.6 0.02330 0.02334 0.11773   2260      19196.5 0.0210
4  1  26.6 0.02350 0.02354 0.13429   2372      17663.4 0.0205
4  1  26.6 0.02370 0.02373 0.14415   2222      15414.5 0.0212
4  1  26.6 0.02390 0.02393 0.15399   2266      14715.1 0.0210
4  1  26.6 0.02410 0.02412 0.16576   2284      13779.3 0.0209
4  1  26.6 0.02430 0.02432 0.17268   2252      13041.3 0.0211
4  1  26.6 0.02450 0.02451 0.18754   2316      12349.5 0.0208
4  1  26.6 0.02470 0.02471 0.18754   2252      12008.3 0.0211
4  1  26.6 0.02490 0.02490 0.20046   2274      11343.7 0.0210
4  1  26.6 0.02510 0.02510 0.20527   2286      11136.7 0.0209
4  1  26.6 0.02530 0.02529 0.22034   2372      10765.1 0.0205
4  1  26.6 0.02550 0.02549 0.22034   2250      10211.4 0.0211
4  1  26.6 0.02570 0.02568 0.22793   2302      10099.5 0.0208
4  1  26.6 0.02590 0.02588 0.23549   2242       9520.8 0.0211
4  1  26.6 0.02610 0.02607 0.24510   2238       9130.9 0.0211
4  1  26.6 0.02630 0.02627 0.25425   2242       8818.2 0.0211
4  1  26.6 0.02650 0.02646 0.25962   2288       8812.8 0.0209
4  1  26.6 0.02670 0.02666 0.26654   2278       8546.5 0.0210
4  1  26.6 0.02690 0.02686 0.28224   2312       8191.6 0.0208
4  1  26.5 0.02710 0.02715 0.29882   2242       7502.8 0.0211
4  1  26.5 0.02730 0.02734 0.30510   2244       7355.0 0.0211
4  1  26.5 0.02750 0.02754 0.33070   2254       6815.9 0.0211
4  1  26.5 0.02770 0.02773 0.34019   2234       6566.9 0.0212
4  1  26.5 0.02790 0.02793 0.35522   2234       6289.1 0.0212
4  1  26.5 0.02810 0.02813 0.37383   2300       6152.6 0.0209
4  1  26.5 0.02830 0.02832 0.39562   2314       5849.1 0.0208
4  1  26.5 0.02850 0.02852 0.40660   2276       5597.7 0.0210
4  1  26.5 0.02870 0.02871 0.43477   2226       5119.9 0.0212
4  1  26.5 0.02890 0.02891 0.47684   2286       4794.1 0.0209
4  1  26.5 0.02910 0.02910 0.49650   2256       4543.8 0.0211
4  1  26.5 0.02930 0.02930 0.54669   2250       4115.7 0.0211
4  1  26.5 0.02950 0.02949 0.58644   2296       3915.1 0.0209
4  1  26.5 0.02970 0.02969 0.62423   2252       3607.6 0.0211
4  1  26.5 0.02990 0.02988 0.68682   2332       3395.4 0.0207
4  1  26.5 0.03010 0.03008 0.75476   2246       2975.8 0.0211
4  1  26.5 0.03030 0.03027 0.88754   2310       2602.7 0.0208
4  1  26.5 0.03050 0.03047 0.94605   2222       2348.7 0.0212
4  1  26.5 0.03070 0.03066 1.05825   2270       2145.0 0.0210
4  1  26.5 0.03090 0.03086 1.17170   2252       1922.0 0.0211
4  1  26.5 0.03110 0.03105 1.21000   2012       1662.8 0.0223
4  1  26.5 0.03130 0.03135 1.21000   1732       1431.4 0.0240
4  1  26.5 0.03150 0.03154 1.21000   1562       1290.9 0.0253
4  1  26.5 0.03170 0.03174 1.21000   1466       1211.6 0.0261
4  1  26.5 0.03190 0.03193 1.21000   1462       1208.3 0.0262
4  1  26.5 0.03210 0.03213 1.21000   1302       1076.0 0.0277
4  1  26.5 0.03230 0.03232 1.21000   1254       1036.4 0.0282
4  1  26.5 0.03250 0.03252 1.21000   1208        998.3 0.0288
4  1  26.5 0.03270 0.03271 1.21000   1174        970.2 0.0292
4  1  26.5 0.03290 0.03291 1.21000   1100        909.1 0.0302
4  1  26.5 0.03310 0.03311 1.21000   1086        897.5 0.0303
4  1  26.5 0.03330 0.03330 1.21000   1066        881.0 0.0306
4  1  26.5 0.03350 0.03350 1.21000   1108        915.7 0.0300
4  1  26.5 0.03370 0.03369 1.21000   1024        846.3 0.0312
4  1  26.5 0.03390 0.03389 1.21000   1012        836.4 0.0314
4  1  26.5 0.03410 0.03408 1.21000    940        776.9 0.0326
4  1  26.5 0.03430 0.03428 1.21000    928        766.9 0.0328
4  1  26.5 0.03450 0.03447 1.21000    868        717.4 0.0339
4  1  26.5 0.03470 0.03467 1.21000    818        676.0 0.0350
4  1  26.5 0.03490 0.03486 1.21000    812        671.1 0.0351
4  1  26.5 0.03510 0.03506 1.21000    802        662.8 0.0353
4  1  26.5 0.03530 0.03525 1.21000    768        634.7 0.0361
4  1  26.5 0.03550 0.03555 1.21000    686        566.9 0.0382
4  1  26.5 0.03570 0.03574 1.21000    686        566.9 0.0382
4  1  26.5 0.03590 0.03594 1.21000    712        588.4 0.0375
4  1  26.5 0.03610 0.03613 1.21000    660        545.5 0.0389
4  1  26.5 0.03630 0.03633 1.21000    648        535.5 0.0393
4  1  26.5 0.03650 0.03652 1.21000    664        548.8 0.0388
4  1  26.5 0.03670 0.03672 1.21000    548        452.9 0.0427
4  1  26.5 0.03690 0.03691 1.21000    578        477.7 0.0416
4  1  26.5 0.03710 0.03711 1.21000    542        447.9 0.0430
4  1  26.5 0.03730 0.03730 1.21000    528        436.4 0.0435
4  1  26.5 0.03750 0.03750 1.21000    504        416.5 0.0445
4  1  26.5 0.03770 0.03770 1.21000    466        385.1 0.0463
4  1  26.5 0.03790 0.03789 1.21000    462        381.8 0.0465
4  1  26.5 0.03810 0.03809 1.21000    452        373.6 0.0470
4  1  26.5 0.03830 0.03828 1.21000    382        315.7 0.0512
4  1  26.5 0.03850 0.03848 1.21000    394        325.6 0.0504
4  1  26.5 0.03870 0.03867 1.21000    356        294.2 0.0530
4  1  26.5 0.03890 0.03887 1.21000    344        284.3 0.0539
4  1  26.5 0.03910 0.03906 1.21000    374        309.1 0.0517
4  1  26.5 0.03930 0.03926 1.21000    318        262.8 0.0561
4  1  26.5 0.03950 0.03945 1.21000    324        267.8 0.0556
4  1  26.5 0.03970 0.03975 1.21000    306        252.9 0.0572
4  1  26.5 0.03990 0.03994 1.21000    292        241.3 0.0585
4  2  26.5 0.00010 0.00010 1.21000     42         34.7 0.1543
4  2  26.5 0.00030 0.00029 1.21000     70         57.9 0.1195
4  2  26.5 0.00050 0.00049 1.21000    128        105.8 0.0884
4  2  26.5 0.00070 0.00068 1.21000    268        221.5 0.0611
4  2  26.5 0.00090 0.00088 1.21000    710        586.8 0.0375
4  2  26.5 0.00110 0.00107 1.21000   1726       1426.4 0.0241
4  2  26.5 0.00130 0.00127 1.21000   4288       3543.8 0.0153
4  2  26.5 0.00150 0.00146 1.21000  10246       8467.8 0.0099
4  2  26.5 0.00170 0.00166 1.21000  20568      16998.3 0.0070
4  2  26.5 0.00190 0.00186 1.21000  45986      38005.0 0.0047
4  2  26.5 0.00210 0.00215 0.47555  72124     151665.3 0.0037
4  2  26.5 0.00230 0.00234 0.26123  79566     304582.3 0.0035
4  2  26.5 0.00250 0.00254 0.12738  72410     568472.9 0.0037
4  2  26.5 0.00270 0.00273 0.07258  72880    1004113.9 0.0037
4  2  26.5 0.00290 0.00293 0.04671  71972    1540979.8 0.0037
4  2  26.5 0.00310 0.00313 0.03424  71740    2095462.4 0.0037
4  2  26.5 0.00330 0.00332 0.02644  71970    2721681.4 0.0037
4  2  26.5 0.00350 0.00352 0.02191  72286    3298733.9 0.0037
4  2  26.5 0.00370 0.00371 0.01948  72056    3699176.4 0.0037
4  2  26.5 0.00390 0.00391 0.01948  77616    3984613.0 0.0036
4  2  26.5 0.00410 0.00410 0.01725  71744    4159923.6 0.0037
4  2  26.5 0.00430 0.00430 0.01725  74030    4292472.5 0.0037
4  2  26.5 0.00450 0.00449 0.01725  75446    4374576.2 0.0036
4  2  26.5 0.00470 0.00469 0.01725  76296    4423861.7 0.0036
4  2  26.5 0.00490 0.00488 0.01725  76966    4462710.2 0.0036
4  2  26.5 0.00510 0.00508 0.01725  77452    4490889.9 0.0036
4  2  26.5 0.00530 0.00527 0.01725  77738    4507473.0 0.0036
4  2  26.5 0.00550 0.00547 0.01725  77922    4518141.8 0.0036
4  2  26.5 0.00570 0.00566 0.01725  78004    4522896.4 0.0036
4  2  26.5 0.00590 0.00586 0.01725  77978    4521388.9 0.0036
4  2  26.5 0.00610 0.00605 0.01725  77842    4513503.2 0.0036
4  2  26.5 0.00630 0.00635 0.01725  77442    4490310.0 0.0036
4  2  26.5 0.00650 0.00654 0.01725  76958    4462246.3 0.0036
4  2  26.5 0.00670 0.00674 0.01725  76188    4417599.5 0.0036
4  2  26.5 0.00690 0.00693 0.01725  75052    4351731.0 0.0037
4  2  26.5 0.00710 0.00713 0.01725  73296    4249913.0 0.0037
4  2  26.5 0.00730 0.00732 0.01725  70806    4105535.7 0.0038
4  2  26.5 0.00750 0.00752 0.01725  66908    3879518.4 0.0039
4  2  26.5 0.00770 0.00771 0.01725  61584    3570817.6 0.0040
4  2  26.5 0.00790 0.00791 0.01725  55392    3211787.6 0.0042
4  2  26.5 0.00810 0.00811 0.01725  47770    2769842.1 0.0046
4  2  26.5 0.00830 0.00830 0.01725  39436    2286612.8 0.0050
4  2  26.5 0.00850 0.00850 0.01725  32850    1904737.5 0.0055
4  2  26.5 0.00870 0.00869 0.01725  28040    1625839.9 0.0060
4  2  26.5 0.00890 0.00889 0.01725  25014    1450383.7 0.0063
4  2  26.5 0.00910 0.00908 0.01725  23484    1361669.9 0.0065
4  2  26.5 0.00930 0.00928 0.01725  22402    1298932.4 0.0067
4  2  26.5 0.00950 0.00947 0.01725  22104    1281653.5 0.0067
4  2  26.5 0.00970 0.00967 0.01725  22080    1280261.9 0.0067
4  2  26.5 0.00990 0.00986 0.01725  21804    1264258.7 0.0068
4  2  26.5 0.01010 0.01006 0.01725  21704    1258460.4 0.0068
4  2  26.5 0.01030 0.01025 0.01725  21830    1265766.2 0.0068
4  2  26.5 0.01050 0.01055 0.01725  21572    1250806.6 0.0068
4  2  26.5 0.01070 0.01074 0.01725  21864    1267737.6 0.0068
4  2  26.5 0.01090 0.01094 0.01725  21608    1252894.0 0.0068
4  2  26.5 0.01110 0.01113 0.01725  21914    1270636.8 0.0068
4  2  26.5 0.01130 0.01133 0.01725  21644    1254981.4 0.0068
4  2  26.5 0.01150 0.01152 0.01725  21610    1253010.0 0.0068
4  2  26.5 0.01170 0.01172 0.01725  21652    1255445.3 0.0068
4  2  26.5 0.01190 0.01191 0.01725  21560    1250110.8 0.0068
4  2  26.5 0.01210 0.01211 0.01725  21600    1252430.2 0.0068
4  2  26.5 0.01230 0.01230 0.01725  21650    1255329.3 0.0068
4  2  26.5 0.01250 0.01250 0.01725  21394    1240485.7 0.0068
4  2  26.5 0.01270 0.01270 0.01725  21318    1236079.0 0.0068
4  2  26.5 0.01290 0.01289 0.01725  20832    1207899.3 0.0069
4  2  26.5 0.01310 0.01309 0.01725  20244    1173805.4 0.0070
4  2  26.5 0.01330 0.01328 0.01725  19398    1124751.9 0.0072
4  2  26.5 0.01350 0.01348 0.01725  18404    1067116.9 0.0074
4  2  26.5 0.01370 0.01367 0.01725  17022     986984.5 0.0077
4  2  26.5 0.01390 0.01387 0.01725  15544     901285.9 0.0080
4  2  26.5 0.01410 0.01406 0.01725  14330     830894.6 0.0084
4  2  26.5 0.01430 0.01426 0.01725  12470     723046.5 0.0090
4  2  26.5 0.01450 0.01445 0.01725  10748     623200.0 0.0096
4  2  26.5 0.01470 0.01475 0.01725   8480     491694.8 0.0109
4  2  26.5 0.01490 0.01494 0.01725   6912     400777.7 0.0120
4  2  26.5 0.01510 0.01514 0.01725   5884     341171.3 0.0130
4  2  26.5 0.01530 0.01533 0.01725   5002     290030.4 0.0141
4  2  26.5 0.01550 0.01553 0.01725   4466     258951.5 0.0150
4  2  26.5 0.01570 0.01572 0.01725   3892     225669.4 0.0160
4  2  26.5 0.01590 0.01592 0.01725   3440     199461.1 0.0170
4  2  26.5 0.01610 0.01611 0.01725   3266     189372.1 0.0175
4  2  26.5 0.01630 0.01631 0.01725   2982     172904.9 0.0183
4  2  26.5 0.01650 0.01650 0.01725   2960     171629.3 0.0184
4  2  26.5 0.01670 0.01670 0.01725   2788     161656.3 0.0189
4  2  26.5 0.01690 0.01689 0.01725   2684     155626.0 0.0193
4  2  26.5 0.01710 0.01709 0.01725   2606     151103.4 0.0196
4  2  26.5 0.01730 0.01729 0.01725   2596     150523.6 0.0196
4  2  26.5 0.01750 0.01748 0.01725   2656     154002.5 0.0194
4  2  26.5 0.01770 0.01768 0.01725   2444     141710.2 0.0202
4  2  26.5 0.01790 0.01787 0.01725   2366     137187.5 0.0206
4  2  26.5 0.01810 0.01807 0.01725   2380     137999.2 0.0205
4  2  26.5 0.01830 0.01826 0.01725   2386     138347.1 0.0205
4  2  26.5 0.01850 0.01846 0.01725   2260     131041.3 0.0210
4  2  26.5 0.01870 0.01865 0.01725   2238     129765.7 0.0211
4  2  26.5 0.01890 0.01895 0.01809   2304     127339.8 0.0208
4  2  26.5 0.01910 0.01914 0.01948   2412     123829.6 0.0204
4  2  26.5 0.01930 0.01934 0.01948   2414     123932.3 0.0204
4  2  26.5 0.01950 0.01953 0.01978   2330     117792.4 0.0207
4  2  26.5 0.01970 0.01973 0.02065   2246     108758.1 0.0211
4  2  26.5 0.01990 0.01992 0.02151   2264     105229.3 0.0210
4  2  26.5 0.02010 0.02012 0.02211   2240     101302.4 0.0211
4  2  26.5 0.02030 0.02031 0.02264   2316     102305.2 0.0208
4  2  26.5 0.02050 0.02051 0.02365   2224      94043.4 0.0212
4  2  26.5 0.02070 0.02070 0.02474   2234      90299.9 0.0212
4  2  26.5 0.02090 0.02090 0.02612   2238      85693.5 0.0211
4  2  26.5 0.02110 0.02109 0.02774   2266      81689.3 0.0210
4  2  26.5 0.02130 0.02129 0.03030   2236      73787.7 0.0211
4  2  26.5 0.02150 0.02148 0.03343   2232      66760.8 0.0212
4  2  26.5 0.02170 0.02168 0.03714   2310      62200.6 0.0208
4  2  26.5 0.02190 0.02188 0.04006   2262      56467.4 0.0210
4  2  26.5 0.02210 0.02207 0.04643   2248      48418.6 0.0211
4  2  26.5 0.02230 0.02227 0.05523   2256      40849.6 0.0211
4  2  26.5 0.02250 0.02246 0.06148   2266      36857.4 0.0210
4  2  26.5 0.02270 0.02266 0.07131   2314      32450.2 0.0208
4  2  26.5 0.02290 0.02285 0.07995   2282      28542.3 0.0209
4  2  26.5 0.02310 0.02314 0.09718   2236      23007.9 0.0211
4  2  26.5 0.02330 0.02334 0.10982   2228      20287.2 0.0212
4  2  26.5 0.02350 0.02354 0.12337   2270      18399.9 0.0210
4  2  26.5 0.02370 0.02373 0.13116   2254      17184.8 0.0211
4  2  26.5 0.02390 0.02393 0.14456   2260      15633.1 0.0210
4  2  26.5 0.02410 0.02412 0.15450   2278      14744.6 0.0210
4  2  26.5 0.02430 0.02432 0.16428   2252      13708.1 0.0211
4  2  26.5 0.02450 0.02451 0.16916   2380      14069.9 0.0205
4  2  26.5 0.02470 0.02471 0.17646   2328      13192.7 0.0207
4  2  26.5 0.02490 0.02490 0.18387   2232      12139.1 0.0212
4  2  26.5 0.02510 0.02510 0.18588   2242      12061.8 0.0211
4  2  26.5 0.02530 0.02529 0.19890   2314      11634.1 0.0208
4  2  26.5 0.02550 0.02549 0.20835   2346      11260.2 0.0206
4  2  26.5 0.02570 0.02568 0.20948   2262      10798.3 0.0210
4  2  26.5 0.02590 0.02588 0.21447   2236      10425.7 0.0211
4  2  26.5 0.02610 0.02607 0.21583   2236      10360.0 0.0211
4  2  26.5 0.02630 0.02627 0.22772   2326      10214.4 0.0207
4  2  26.5 0.02650 0.02646 0.24658   2336       9473.5 0.0207
4  2  26.5 0.02670 0.02666 0.25156   2240       8904.3 0.0211
4  2  26.5 0.02690 0.02686 0.26567   2356       8868.0 0.0206
4  2  26.5 0.02710 0.02715 0.27925   2286       8186.3 0.0209
4  2  26.5 0.02730 0.02734 0.29519   2292       7764.6 0.0209
4  2  26.5 0.02750 0.02754 0.30005   2320       7732.1 0.0208
4  2  26.5 0.02770 0.02773 0.30005   2240       7465.4 0.0211
4  2  26.5 0.02790 0.02793 0.33005   2336       7077.6 0.0207
4  2  26.5 0.02810 0.02813 0.33005   2252       6823.1 0.0211
4  2  26.5 0.02830 0.02832 0.35514   2282       6425.6 0.0209
4  2  26.5 0.02850 0.02852 0.37364   2328       6230.6 0.0207
4  2  26.5 0.02870 0.02871 0.39434   2276       5771.7 0.0210
4  2  26.5 0.02890 0.02891 0.41754   2246       5379.1 0.0211
4  2  26.5 0.02910 0.02910 0.45360   2374       5233.7 0.0205
4  2  26.5 0.02930 0.02930 0.47903   2244       4684.4 0.0211
4  2  26.5 0.02950 0.02949 0.52228   2256       4319.5 0.0211
4  2  26.5 0.02970 0.02969 0.57163   2278       3985.1 0.0210
4  2  26.5 0.02990 0.02988 0.61066   2244       3674.7 0.0211
4  2  26.5 0.03010 0.03008 0.70646   2250       3184.9 0.0211
4  2  26.5 0.03030 0.03027 0.76874   2294       2984.1 0.0209
4  2  26.5 0.03050 0.03047 0.85067   2240       2633.2 0.0211
4  2  26.5 0.03070 0.03066 0.93557   2266       2422.1 0.0210
4  2  26.5 0.03090 0.03086 1.07600   2268       2107.8 0.0210
4  2  26.5 0.03110 0.03105 1.18674   2386       2010.5 0.0205
4  2  26.5 0.03130 0.03135 1.21000   1960       1619.8 0.0226
4  2  26.5 0.03150 0.03154 1.21000   1892       1563.6 0.0230
4  2  26.5 0.03170 0.03174 1.21000   1692       1398.3 0.0243
4  2  26.5 0.03190 0.03193 1.21000   1660       1371.9 0.0245
4  2  26.5 0.03210 0.03213 1.21000   1430       1181.8 0.0264
4  2  26.5 0.03230 0.03232 1.21000   1396       1153.7 0.0268
4  2  26.5 0.03250 0.03252 1.21000   1332       1100.8 0.0274
4  2  26.5 0.03270 0.03271 1.21000   1248       1031.4 0.0283
4  2  26.5 0.03290 0.03291 1.21000   1296       1071.1 0.0278
4  2  26.5 0.03310 0.03311 1.21000   1218       1006.6 0.0287
4  2  26.5 0.03330 0.03330 1.21000   1214       1003.3 0.0287
4  2  26.5 0.03350 0.03350 1.21000   1170        966.9 0.0292
4  2  26.5 0.03370 0.03369 1.21000   1090        900.8 0.0303
4  2  26.5 0.03390 0.03389 1.21000   1054        871.1 0.0308
4  2  26.5 0.03410 0.03408 1.21000   1020        843.0 0.0313
4  2  26.5 0.03430 0.03428 1.21000   1010        834.7 0.0315
4  2  26.5 0.03450 0.03447 1.21000   1048        866.1 0.0309
4  2  26.5 0.03470 0.03467 1.21000    998        824.8 0.0317
4  2  26.5 0.03490 0.03486 1.21000    898        742.1 0.0334
4  2  26.5 0.03510 0.03506 1.21000    870        719.0 0.0339
4  2  26.5 0.03530 0.03525 1.21000    908        750.4 0.0332
4  2  26.5 0.03550 0.03555 1.21000    846        699.2 0.0344
4  2  26.5 0.03570 0.03574 1.21000    822        679.3 0.0349
4  2  26.5 0.03590 0.03594 1.21000    778        643.0 0.0359
4  2  26.5 0.03610 0.03613 1.21000    764        631.4 0.0362
4  2  26.5 0.03630 0.03633 1.21000    718        593.4 0.0373
4  2  26.5 0.03650 0.03652 1.21000    694        573.6 0.0380
4  2  26.5 0.03670 0.03672 1.21000    666        550.4 0.0387
4  2  26.5 0.03690 0.03691 1.21000    626        517.4 0.0400
4  2  26.5 0.03710 0.03711 1.21000    616        509.1 0.0403
4  2  26.5 0.03730 0.03730 1.21000    572        472.7 0.0418
4  2  26.5 0.03750 0.03750 1.21000    570        471.1 0.0419
4  2  26.5 0.03770 0.03770 1.21000    564        466.1 0.0421
4  2  26.5 0.03790 0.03789 1.21000    504        416.5 0.0445
4  2  26.5 0.03810 0.03809 1.21000    502        414.9 0.0446
4  2  26.5 0.03830 0.03828 1.21000    434        358.7 0.0480
4  2  26.5 0.03850 0.03848 1.21000    418        345.5 0.0489
4  2  26.5 0.03870 0.03867 1.21000    406        335.5 0.0496
4  2  26.5 0.03890 0.03887 1.21000    414        342.1 0.0491
4  2  26.5 0.03910 0.03906 1.21000    388        320.7 0.0508
4  2  26.5 0.03930 0.03926 1.21000    342        282.6 0.0541
4  2  26.5 0.03950 0.03945 1.21000    360        297.5 0.0527
4  2  26.5 0.03970 0.03975 1.21000    340        281.0 0.0542
4  2  26.5 0.03990 0.03994 1.21000    322        266.1 0.0557
4  3  26.5 0.00010 0.00010 1.21000    120         99.2 0.0913
4  3  26.5 0.00030 0.00029 1.21000    128        105.8 0.0884
4  3  26.5 0.00050 0.00049 1.21000    206        170.2 0.0697
4  3  26.5 0.00070 0.00068 1.21000    390        322.3 0.0506
4  3  26.5 0.00090 0.00088 1.21000    844        697.5 0.0344
4  3  26.5 0.00110 0.00107 1.21000   2008       1659.5 0.0223
4  3  26.5 0.00130 0.00127 1.21000   4966       4104.1 0.0142
4  3  26.5 0.00150 0.00146 1.21000  11498       9502.5 0.0093
4  3  26.5 0.00170 0.00166 1.21000  23172      19150.4 0.0066
4  3  26.5 0.00190 0.00186 1.21000  51622      42662.8 0.0044
4  3  26.5 0.00210 0.00215 0.44058  73244     166242.8 0.0037
4  3  26.5 0.00230 0.00234 0.24202  79986     330487.9 0.0035
4  3  26.5 0.00250 0.00254 0.13295  79154     595367.6 0.0036
4  3  26.5 0.00270 0.00273 0.07303  76870    1052543.4 0.0036
4  3  26.5 0.00290 0.00293 0.04484  72104    1608095.1 0.0037
4  3  26.5 0.00310 0.00313 0.03300  71280    2159985.1 0.0037
4  3  26.5 0.00330 0.00332 0.02601  72402    2783801.1 0.0037
4  3  26.5 0.00350 0.00352 0.02162  72144    3336439.7 0.0037
4  3  26.5 0.00370 0.00371 0.01935  71992    3720800.9 0.0037
4  3  26.5 0.00390 0.00391 0.01935  77436    4002166.0 0.0036
4  3  26.5 0.00410 0.00410 0.01724  71932    4173531.1 0.0037
4  3  26.5 0.00430 0.00430 0.01724  74130    4301060.2 0.0037
4  3  26.5 0.00450 0.00449 0.01724  75504    4380780.4 0.0036
4  3  26.5 0.00470 0.00469 0.01724  76348    4429749.7 0.0036
4  3  26.5 0.00490 0.00488 0.01724  77004    4467811.2 0.0036
4  3  26.5 0.00510 0.00508 0.01724  77484    4495661.0 0.0036
4  3  26.5 0.00530 0.00527 0.01724  77740    4510514.3 0.0036
4  3  26.5 0.00550 0.00547 0.01724  77918    4520841.9 0.0036
4  3  26.5 0.00570 0.00566 0.01724  77996    4525367.5 0.0036
4  3  26.5 0.00590 0.00586 0.01724  77960    4523278.8 0.0036
4  3  26.5 0.00610 0.00605 0.01724  77824    4515388.0 0.0036
4  3  26.5 0.00630 0.00635 0.01724  77386    4489975.0 0.0036
4  3  26.5 0.00650 0.00654 0.01724  76928    4463401.6 0.0036
4  3  26.5 0.00670 0.00674 0.01724  76088    4414664.4 0.0036
4  3  26.5 0.00690 0.00693 0.01724  74976    4350145.6 0.0037
4  3  26.5 0.00710 0.00713 0.01724  73132    4243155.8 0.0037
4  3  26.6 0.00730 0.00732 0.01724  70712    4102746.1 0.0038
4  3  26.6 0.00750 0.00752 0.01724  66554    3861496.9 0.0039
4  3  26.6 0.00770 0.00771 0.01724  61428    3564083.7 0.0040
4  3  26.6 0.00790 0.00791 0.01724  54946    3187994.8 0.0043
4  3  26.6 0.00810 0.00811 0.01724  47112    2733462.2 0.0046
4  3  26.6 0.00830 0.00830 0.01724  38700    2245393.6 0.0051
4  3  26.6 0.00850 0.00850 0.01724  32380    1878704.0 0.0056
4  3  26.6 0.00870 0.00869 0.01724  27166    1576185.1 0.0061
4  3  26.6 0.00890 0.00889 0.01724  24336    1411987.1 0.0064
4  3  26.6 0.00910 0.00908 0.01724  22522    1306737.9 0.0067
4  3  26.6 0.00930 0.00928 0.01724  21626    1254751.5 0.0068
4  3  26.6 0.00950 0.00947 0.01724  21334    1237809.5 0.0068
4  3  26.6 0.00970 0.00967 0.01724  20916    1213556.9 0.0069
4  3  26.6 0.00990 0.00986 0.01724  21004    1218662.7 0.0069
4  3  26.6 0.01010 0.01006 0.01724  20762    1204621.8 0.0069
4  3  26.6 0.01030 0.01025 0.01724  20872    1211004.0 0.0069
4  3  26.6 0.01050 0.01055 0.01724  20634    1197195.2 0.0070
4  3  26.6 0.01070 0.01074 0.01724  20630    1196963.1 0.0070
4  3  26.6 0.01090 0.01094 0.01724  20576    1193830.0 0.0070
4  3  26.6 0.01110 0.01113 0.01724  20778    1205550.1 0.0069
4  3  26.6 0.01130 0.01133 0.01724  20790    1206246.4 0.0069
4  3  26.6 0.01150 0.01152 0.01724  20508    1189884.6 0.0070
4  3  26.6 0.01170 0.01172 0.01724  20744    1203577.4 0.0069
4  3  26.6 0.01190 0.01191 0.01724  20644    1197775.4 0.0070
4  3  26.6 0.01210 0.01211 0.01724  20512    1190116.7 0.0070
4  3  26.6 0.01230 0.01230 0.01724  20404    1183850.4 0.0070
4  3  26.6 0.01250 0.01250 0.01724  20296    1177584.2 0.0070
4  3  26.6 0.01270 0.01270 0.01724  20232    1173870.9 0.0070
4  3  26.6 0.01290 0.01289 0.01724  19850    1151707.1 0.0071
4  3  26.6 0.01310 0.01309 0.01724  19276    1118403.3 0.0072
4  3  26.6 0.01330 0.01328 0.01724  18518    1074423.8 0.0073
4  3  26.6 0.01350 0.01348 0.01724  17352    1006771.8 0.0076
4  3  26.6 0.01370 0.01367 0.01724  15940     924846.9 0.0079
4  3  26.6 0.01390 0.01387 0.01724  14712     853597.7 0.0082
4  3  26.6 0.01410 0.01406 0.01724  13348     774457.7 0.0087
4  3  26.6 0.01430 0.01426 0.01724  11392     660969.6 0.0094
4  3  26.6 0.01450 0.01445 0.01724   9382     544348.4 0.0103
4  3  26.6 0.01470 0.01475 0.01724   7354     426682.8 0.0117
4  3  26.6 0.01490 0.01494 0.01724   5960     345802.2 0.0130
4  3  26.6 0.01510 0.01514 0.01724   5264     305420.0 0.0138
4  3  26.6 0.01530 0.01533 0.01724   4398     255174.2 0.0151
4  3  26.6 0.01550 0.01553 0.01724   3850     223379.0 0.0161
4  3  26.6 0.01570 0.01572 0.01724   3422     198546.2 0.0171
4  3  26.6 0.01590 0.01592 0.01724   3174     184157.1 0.0177
4  3  26.6 0.01610 0.01611 0.01724   2890     167679.3 0.0186
4  3  26.6 0.01630 0.01631 0.01724   2754     159788.5 0.0191
4  3  26.6 0.01650 0.01650 0.01724   2718     157699.7 0.0192
4  3  26.6 0.01670 0.01670 0.01724   2702     156771.4 0.0192
4  3  26.6 0.01690 0.01689 0.01724   2564     148764.6 0.0197
4  3  26.6 0.01710 0.01709 0.01724   2492     144587.1 0.0200
4  3  26.6 0.01730 0.01729 0.01724   2496     144819.2 0.0200
4  3  26.6 0.01750 0.01748 0.01724   2330     135187.8 0.0207
4  3  26.6 0.01770 0.01768 0.01724   2368     137392.6 0.0205
4  3  26.6 0.01790 0.01787 0.01724   2254     130778.2 0.0211
4  3  26.6 0.01810 0.01807 0.01742   2376     136367.7 0.0205
4  3  26.6 0.01830 0.01826 0.01742   2266     130054.4 0.0210
4  3  26.6 0.01850 0.01846 0.01792   2292     127901.1 0.0209
4  3  26.6 0.01870 0.01865 0.01823   2240     122861.6 0.0211
4  3  26.6 0.01890 0.01895 0.01893   2240     118327.5 0.0211
4  3  26.6 0.01910 0.01914 0.02030   2338     115167.0 0.0207
4  3  26.6 0.01930 0.01934 0.02030   2280     112310.0 0.0209
4  3  26.6 0.01950 0.01953 0.02054   2232     108659.1 0.0212
4  3  26.6 0.01970 0.01973 0.02163   2328     107643.5 0.0207
4  3  26.6 0.01990 0.01992 0.02163   2282     105516.5 0.0209
4  3  26.6 0.02010 0.02012 0.02318   2262      97566.2 0.0210
4  3  26.6 0.02030 0.02031 0.02412   2292      95033.9 0.0209
4  3  26.6 0.02050 0.02051 0.02615   2322      88779.4 0.0208
4  3  26.6 0.02070 0.02070 0.02734   2230      81556.7 0.0212
4  3  26.6 0.02090 0.02090 0.02929   2248      76738.9 0.0211
4  3  26.6 0.02110 0.02109 0.03186   2302      72245.9 0.0208
4  3  26.6 0.02130 0.02129 0.03384   2268      67014.5 0.0210
4  3  26.6 0.02150 0.02148 0.03859   2286      59239.5 0.0209
4  3  26.6 0.02170 0.02168 0.04249   2272      53474.1 0.0210
4  3  26.6 0.02190 0.02188 0.04889   2308      47211.6 0.0208
4  3  26.6 0.02210 0.02207 0.05629   2286      40612.9 0.0209
4  3  26.6 0.02230 0.02227 0.06383   2272      35596.0 0.0210
4  3  26.6 0.02250 0.02246 0.07084   2262      31930.5 0.0210
4  3  26.6 0.02270 0.02266 0.08536   2282      26732.9 0.0209
4  3  26.6 0.02290 0.02285 0.10057   2372      23585.3 0.0205
4  3  26.6 0.02310 0.02314 0.11460   2274      19843.0 0.0210
4  3  26.6 0.02330 0.02334 0.13018   2236      17176.8 0.0211
4  3  26.6 0.02350 0.02354 0.14179   2356      16616.2 0.0206
4  3  26.6 0.02370 0.02373 0.14833   2246      15141.8 0.0211
4  3  26.6 0.02390 0.02393 0.15815   2244      14188.7 0.0211
4  3  26.6 0.02410 0.02412 0.17278   2338      13531.6 0.0207
4  3  26.6 0.02430 0.02432 0.17857   2266      12689.9 0.0210
4  3  26.6 0.02450 0.02451 0.17857   2240      12544.3 0.0211
4  3  26.6 0.02470 0.02471 0.19280   2284      11846.7 0.0209
4  3  26.6 0.02490 0.02490 0.20245   2278      11251.9 0.0210
4  3  26.6 0.02510 0.02510 0.20245   2244      11084.0 0.0211
4  3  26.6 0.02530 0.02529 0.21058   2276      10808.0 0.0210
4  3  26.6 0.02550 0.02549 0.21683   2270      10469.0 0.0210
4  3  26.6 0.02570 0.02568 0.22947   2306      10049.1 0.0208
4  3  26.6 0.02590 0.02588 0.22947   2240       9761.5 0.0211
4  3  26.6 0.02610 0.02607 0.23862   2320       9722.5 0.0208
4  3  26.6 0.02630 0.02627 0.24870   2264       9103.5 0.0210
4  3  26.6 0.02650 0.02646 0.26374   2356       8933.1 0.0206
4  3  26.6 0.02670 0.02666 0.27106   2284       8426.2 0.0209
4  3  26.6 0.02690 0.02686 0.27106   2302       8492.6 0.0208
4  3  26.6 0.02710 0.02715 0.29787   2288       7681.2 0.0209
4  3  26.6 0.02730 0.02734 0.29787   2224       7466.4 0.0212
4  3  26.6 0.02750 0.02754 0.33649   2324       6906.6 0.0207
4  3  26.6 0.02770 0.02773 0.33649   2240       6656.9 0.0211
4  3  26.6 0.02790 0.02793 0.35575   2292       6442.8 0.0209
4  3  26.6 0.02810 0.02813 0.36227   2256       6227.4 0.0211
4  3  26.6 0.02830 0.02832 0.40676   2464       6057.7 0.0201
4  3  26.6 0.02850 0.02852 0.40676   2258       5551.2 0.0210
4  3  26.6 0.02870 0.02871 0.44218   2278       5151.7 0.0210
4  3  26.6 0.02890 0.02891 0.50399   2436       4833.4 0.0203
4  3  26.6 0.02910 0.02910 0.52374   2338       4464.1 0.0207
4  3  26.6 0.02930 0.02930 0.56861   2298       4041.5 0.0209
4  3  26.6 0.02950 0.02949 0.61752   2286       3701.9 0.0209
4  3  26.6 0.02970 0.02969 0.68062   2262       3323.4 0.0210
4  3  26.6 0.02990 0.02988 0.75166   2228       2964.1 0.0212
4  3  26.6 0.03010 0.03008 0.85651   2270       2650.3 0.0210
4  3  26.6 0.03030 0.03027 0.94620   2328       2460.4 0.0207
4  3  26.6 0.03050 0.03047 1.04393   2270       2174.5 0.0210
4  3  26.6 0.03070 0.03066 1.11994   2242       2001.9 0.0211
4  3  26.6 0.03090 0.03086 1.21000   1888       1560.3 0.0230
4  3  26.6 0.03110 0.03105 1.21000   1780       1471.1 0.0237
4  3  26.6 0.03130 0.03135 1.21000   1584       1309.1 0.0251
4  3  26.6 0.03150 0.03154 1.21000   1586       1310.7 0.0251
4  3  26.6 0.03170 0.03174 1.21000   1392       1150.4 0.0268
4  3  26.6 0.03190 0.03193 1.21000   1302       1076.0 0.0277
4  3  26.6 0.03210 0.03213 1.21000   1310       1082.6 0.0276
4  3  26.6 0.03230 0.03232 1.21000   1234       1019.8 0.0285
4  3  26.6 0.03250 0.03252 1.21000   1240       1024.8 0.0284
4  3  26.6 0.03270 0.03271 1.21000   1172        968.6 0.0292
4  3  26.6 0.03290 0.03291 1.21000   1180        975.2 0.0291
4  3  26.6 0.03310 0.03311 1.21000   1070        884.3 0.0306
4  3  26.6 0.03330 0.03330 1.21000   1000        826.4 0.0316
4  3  26.6 0.03350 0.03350 1.21000   1006        831.4 0.0315
4  3  26.6 0.03370 0.03369 1.21000   1018        841.3 0.0313
4  3  26.6 0.03390 0.03389 1.21000    922        762.0 0.0329
4  3  26.6 0.03410 0.03408 1.21000    904        747.1 0.0333
4  3  26.6 0.03430 0.03428 1.21000    892        737.2 0.0335
4  3  26.6 0.03450 0.03447 1.21000    876        724.0 0.0338
4  3  26.6 0.03470 0.03467 1.21000    870        719.0 0.0339
4  3  26.6 0.03490 0.03486 1.21000    842        695.9 0.0345
4  3  26.6 0.03510 0.03506 1.21000    782        646.3 0.0358
4  3  26.6 0.03530 0.03525 1.21000    782        646.3 0.0358
4  3  26.6 0.03550 0.03555 1.21000    724        598.3 0.0372
4  3  26.6 0.03570 0.03574 1.21000    732        605.0 0.0370
4  3  26.6 0.03590 0.03594 1.21000    624        515.7 0.0400
4  3  26.6 0.03610 0.03613 1.21000    600        495.9 0.0408
4  3  26.6 0.03630 0.03633 1.21000    610        504.1 0.0405
4  3  26.6 0.03650 0.03652 1.21000    614        507.4 0.0404
4  3  26.6 0.03670 0.03672 1.21000    518        428.1 0.0439
4  3  26.6 0.03690 0.03691 1.21000    556        459.5 0.0424
4  3  26.6 0.03710 0.03711 1.21000    484        400.0 0.0455
4  3  26.6 0.03730 0.03730 1.21000    464        383.5 0.0464
4  3  26.6 0.03750 0.03750 1.21000    456        376.9 0.0468
4  3  26.6 0.03770 0.03770 1.21000    452        373.6 0.0470
4  3  26.6 0.03790 0.03789 1.21000    424        350.4 0.0486
4  3  26.6 0.03810 0.03809 1.21000    414        342.1 0.0491
4  3  26.6 0.03830 0.03828 1.21000    366        302.5 0.0523
4  3  26.6 0.03850 0.03848 1.21000    358        295.9 0.0529
4  3  26.6 0.03870 0.03867 1.21000    322        266.1 0.0557
4  3  26.6 0.03890 0.03887 1.21000    320        264.5 0.0559
4  3  26.6 0.03910 0.03906 1.21000    312        257.9 0.0566
4  3  26.6 0.03930 0.03926 1.21000    298        246.3 0.0579
4  3  26.6 0.03950 0.03945 1.21000    302        249.6 0.0575
4  3  26.6 0.03970 0.03975 1.21000    300        247.9 0.0577
4  3  26.6 0.03990 0.03994 1.21000    282        233.1 0.0595
