# Scan Time    : Fri, 18 Mar 2022 13:55:20 +0000 (GMT) +430083000 nsec
# Board Lane   : 7
# Board Loc    : BTOF - Northwest
# SiPM Biases  :  56.750  56.861  56.876  56.963
# SiPM Currents:   1.050   1.098   1.167   1.040
#
6 -1  26.1 0.00010 0.00010 1.21000     64         52.9 0.1250
6 -1  26.1 0.00030 0.00029 1.21000     48         39.7 0.1443
6 -1  26.1 0.00050 0.00049 1.21000     68         56.2 0.1213
6 -1  26.1 0.00070 0.00068 1.21000     68         56.2 0.1213
6 -1  26.1 0.00090 0.00088 1.21000     72         59.5 0.1179
6 -1  26.1 0.00110 0.00107 1.21000     66         54.5 0.1231
6 -1  26.1 0.00130 0.00127 1.21000     64         52.9 0.1250
6 -1  26.1 0.00150 0.00146 1.21000     66         54.5 0.1231
6 -1  26.1 0.00170 0.00166 1.21000     80         66.1 0.1118
6 -1  26.1 0.00190 0.00186 1.21000     90         74.4 0.1054
6 -1  26.1 0.00210 0.00215 1.21000    114         94.2 0.0937
6 -1  26.1 0.00230 0.00234 1.21000    116         95.9 0.0928
6 -1  26.1 0.00250 0.00254 1.21000    106         87.6 0.0971
6 -1  26.1 0.00270 0.00273 1.21000    116         95.9 0.0928
6 -1  26.1 0.00290 0.00293 1.21000    110         90.9 0.0953
6 -1  26.1 0.00310 0.00313 1.21000    172        142.1 0.0762
6 -1  26.1 0.00330 0.00332 1.21000    244        201.7 0.0640
6 -1  26.1 0.00350 0.00352 1.21000    378        312.4 0.0514
6 -1  26.1 0.00370 0.00371 1.21000    836        690.9 0.0346
6 -1  26.1 0.00390 0.00391 1.21000   1952       1613.2 0.0226
6 -1  26.1 0.00410 0.00410 1.21000   4850       4008.3 0.0144
6 -1  26.1 0.00430 0.00430 1.21000  11740       9702.5 0.0092
6 -1  26.1 0.00450 0.00449 1.21000  26996      22310.7 0.0061
6 -1  26.1 0.00470 0.00469 1.21000  61722      51009.9 0.0040
6 -1  26.1 0.00490 0.00488 0.66468  73198     110124.7 0.0037
6 -1  26.1 0.00510 0.00508 0.30776  71602     232658.3 0.0037
6 -1  26.1 0.00530 0.00527 0.16906  77462     458197.8 0.0036
6 -1  26.1 0.00550 0.00547 0.09287  76942     828511.5 0.0036
6 -1  26.1 0.00570 0.00566 0.05101  75384    1477695.9 0.0036
6 -1  26.1 0.00590 0.00586 0.02868  72910    2542546.6 0.0037
6 -1  26.1 0.00610 0.00605 0.01866  72358    3878517.9 0.0037
6 -1  26.1 0.00630 0.00635 0.01142  71830    6291894.9 0.0037
6 -1  26.1 0.00650 0.00654 0.00906  71276    7869938.4 0.0037
6 -1  26.1 0.00670 0.00674 0.00772  72216    9352076.0 0.0037
6 -1  26.1 0.00690 0.00693 0.00684  72248   10559533.9 0.0037
6 -1  26.1 0.00710 0.00713 0.00684  78284   11441736.2 0.0036
6 -1  26.1 0.00730 0.00732 0.00596  70914   11895348.9 0.0038
6 -1  26.1 0.00750 0.00752 0.00596  73828   12384152.9 0.0037
6 -1  26.1 0.00770 0.00771 0.00596  75946   12739433.2 0.0036
6 -1  26.1 0.00790 0.00791 0.00596  77698   13033319.5 0.0036
6 -1  26.1 0.00810 0.00811 0.00596  78760   13211462.9 0.0036
6 -1  26.1 0.00830 0.00830 0.00596  79592   13351025.3 0.0035
6 -1  26.1 0.00850 0.00850 0.00596  79998   13419129.1 0.0035
6 -1  26.1 0.00870 0.00869 0.00536  73488   13714606.0 0.0037
6 -1  26.1 0.00890 0.00889 0.00536  73334   13685865.9 0.0037
6 -1  26.1 0.00910 0.00908 0.00536  72878   13600765.5 0.0037
6 -1  26.1 0.00930 0.00928 0.00536  71976   13432430.9 0.0037
6 -1  26.1 0.00950 0.00947 0.00536  70746   13202883.7 0.0038
6 -1  26.1 0.00970 0.00967 0.00536  68806   12840833.6 0.0038
6 -1  26.1 0.00990 0.00986 0.00536  65776   12275363.7 0.0039
6 -1  26.1 0.01010 0.01006 0.00536  61774   11528495.4 0.0040
6 -1  26.1 0.01030 0.01025 0.00536  56836   10606947.4 0.0042
6 -1  26.1 0.01050 0.01055 0.00536  47060    8782513.6 0.0046
6 -1  26.1 0.01070 0.01074 0.00536  39984    7461963.9 0.0050
6 -1  26.1 0.01090 0.01094 0.00536  33848    6316840.6 0.0054
6 -1  26.1 0.01110 0.01113 0.00536  29554    5515478.3 0.0058
6 -1  26.1 0.01130 0.01133 0.00536  26504    4946275.8 0.0061
6 -1  26.1 0.01150 0.01152 0.00536  24382    4550260.2 0.0064
6 -1  26.1 0.01170 0.01172 0.00536  23464    4378939.6 0.0065
6 -1  26.1 0.01190 0.01191 0.00536  22480    4195301.9 0.0067
6 -1  26.1 0.01210 0.01211 0.00536  22224    4147526.2 0.0067
6 -1  26.1 0.01230 0.01230 0.00536  22020    4109454.9 0.0067
6 -1  26.1 0.01250 0.01250 0.00536  21892    4085567.1 0.0068
6 -1  26.1 0.01270 0.01270 0.00536  21852    4078102.1 0.0068
6 -1  26.1 0.01290 0.01289 0.00536  21796    4067651.2 0.0068
6 -1  26.1 0.01310 0.01309 0.00536  21712    4051974.8 0.0068
6 -1  26.1 0.01330 0.01328 0.00536  21544    4020622.0 0.0068
6 -1  26.1 0.01350 0.01348 0.00536  21494    4011290.8 0.0068
6 -1  26.1 0.01370 0.01367 0.00536  21544    4020622.0 0.0068
6 -1  26.1 0.01390 0.01387 0.00536  21606    4032192.7 0.0068
6 -1  26.1 0.01410 0.01406 0.00536  21510    4014276.8 0.0068
6 -1  26.1 0.01430 0.01426 0.00536  21368    3987776.3 0.0068
6 -1  26.1 0.01450 0.01445 0.00536  21496    4011664.1 0.0068
6 -1  26.1 0.01470 0.01475 0.00536  21500    4012410.6 0.0068
6 -1  26.1 0.01490 0.01494 0.00536  21364    3987029.8 0.0068
6 -1  26.1 0.01510 0.01514 0.00536  21200    3956423.5 0.0069
6 -1  26.1 0.01530 0.01533 0.00536  21168    3950451.5 0.0069
6 -1  26.1 0.01550 0.01553 0.00536  20876    3895957.4 0.0069
6 -1  26.1 0.01570 0.01572 0.00536  20472    3820561.4 0.0070
6 -1  26.1 0.01590 0.01592 0.00536  20286    3785849.4 0.0070
6 -1  26.1 0.01610 0.01611 0.00536  19246    3591760.7 0.0072
6 -1  26.1 0.01630 0.01631 0.00536  18072    3372664.4 0.0074
6 -1  26.1 0.01650 0.01650 0.00536  17076    3186787.1 0.0077
6 -1  26.1 0.01670 0.01670 0.00536  15656    2921781.4 0.0080
6 -1  26.1 0.01690 0.01689 0.00536  13990    2610866.2 0.0085
6 -1  26.1 0.01710 0.01709 0.00536  12386    2311521.7 0.0090
6 -1  26.1 0.01730 0.01729 0.00536  10934    2040544.1 0.0096
6 -1  26.1 0.01750 0.01748 0.00536   9480    1769193.1 0.0103
6 -1  26.1 0.01770 0.01768 0.00536   8148    1520610.3 0.0111
6 -1  26.1 0.01790 0.01787 0.00536   7054    1316443.9 0.0119
6 -1  26.1 0.01810 0.01807 0.00536   6232    1163039.2 0.0127
6 -1  26.1 0.01830 0.01826 0.00536   5610    1046959.2 0.0134
6 -1  26.1 0.01850 0.01846 0.00536   5056     943569.7 0.0141
6 -1  26.1 0.01870 0.01865 0.00536   4658     869293.4 0.0147
6 -1  26.1 0.01890 0.01895 0.00536   4352     812186.6 0.0152
6 -1  26.1 0.01910 0.01914 0.00536   3984     743509.0 0.0158
6 -1  26.1 0.01930 0.01934 0.00536   3854     719247.9 0.0161
6 -1  26.1 0.01950 0.01953 0.00536   3670     684909.2 0.0165
6 -1  26.1 0.01970 0.01973 0.00536   3726     695360.1 0.0164
6 -1  26.1 0.01990 0.01992 0.00536   3626     676697.7 0.0166
6 -1  26.1 0.02010 0.02012 0.00536   3518     656542.3 0.0169
6 -1  26.1 0.02030 0.02031 0.00536   3388     632281.3 0.0172
6 -1  26.1 0.02050 0.02051 0.00536   3244     605407.4 0.0176
6 -1  26.1 0.02070 0.02070 0.00536   3174     592343.8 0.0177
6 -1  26.1 0.02090 0.02090 0.00536   3048     568829.2 0.0181
6 -1  26.1 0.02110 0.02109 0.00536   3034     566216.5 0.0182
6 -1  26.1 0.02130 0.02129 0.00536   3006     560991.0 0.0182
6 -1  26.1 0.02150 0.02148 0.00536   2958     552033.0 0.0184
6 -1  26.1 0.02170 0.02168 0.00536   2718     507243.3 0.0192
6 -1  26.1 0.02190 0.02188 0.00536   2750     513215.3 0.0191
6 -1  26.1 0.02210 0.02207 0.00536   2620     488954.2 0.0195
6 -1  26.1 0.02230 0.02227 0.00536   2532     472531.3 0.0199
6 -1  26.1 0.02250 0.02246 0.00536   2448     456854.9 0.0202
6 -1  26.1 0.02270 0.02266 0.00536   2348     438192.6 0.0206
6 -1  26.1 0.02290 0.02285 0.00536   2224     415051.2 0.0212
6 -1  26.1 0.02310 0.02314 0.00573   2286     398974.0 0.0209
6 -1  26.1 0.02330 0.02334 0.00599   2276     380066.7 0.0210
6 -1  26.1 0.02350 0.02354 0.00634   2258     356358.2 0.0210
6 -1  26.1 0.02370 0.02373 0.00681   2280     334567.7 0.0209
6 -1  26.1 0.02390 0.02393 0.00722   2286     316728.2 0.0209
6 -1  26.1 0.02410 0.02412 0.00800   2306     288294.3 0.0208
6 -1  26.1 0.02430 0.02432 0.00856   2284     266814.6 0.0209
6 -1  26.1 0.02450 0.02451 0.00922   2230     241748.1 0.0212
6 -1  26.1 0.02470 0.02471 0.01059   2252     212617.7 0.0211
6 -1  26.1 0.02490 0.02490 0.01185   2236     188698.5 0.0211
6 -1  26.1 0.02510 0.02510 0.01321   2260     171050.6 0.0210
6 -1  26.1 0.02530 0.02529 0.01501   2248     149790.2 0.0211
6 -1  26.1 0.02550 0.02549 0.01651   2300     139322.9 0.0209
6 -1  26.1 0.02570 0.02568 0.01843   2238     121412.6 0.0211
6 -1  26.1 0.02590 0.02588 0.02004   2298     114656.3 0.0209
6 -1  26.1 0.02610 0.02607 0.02222   2378     107007.3 0.0205
6 -1  26.1 0.02630 0.02627 0.02449   2252      91942.5 0.0211
6 -1  26.1 0.02650 0.02646 0.02560   2286      89298.3 0.0209
6 -1  26.1 0.02670 0.02666 0.02802   2370      84580.0 0.0205
6 -1  26.1 0.02690 0.02686 0.02982   2276      76326.9 0.0210
6 -1  26.1 0.02710 0.02715 0.03167   2374      74955.6 0.0205
6 -1  26.1 0.02730 0.02734 0.03167   2248      70977.3 0.0211
6 -1  26.1 0.02750 0.02754 0.03515   2244      63836.1 0.0211
6 -1  26.1 0.02770 0.02773 0.03570   2302      64484.0 0.0208
6 -1  26.1 0.02790 0.02793 0.03721   2262      60797.0 0.0210
6 -1  26.1 0.02810 0.02813 0.03948   2318      58713.4 0.0208
6 -1  26.1 0.02830 0.02832 0.04154   2328      56047.5 0.0207
6 -1  26.1 0.02850 0.02852 0.04234   2240      52909.5 0.0211
6 -1  26.1 0.02870 0.02871 0.04237   2284      53900.3 0.0209
6 -1  26.1 0.02890 0.02891 0.04388   2230      50825.9 0.0212
6 -1  26.1 0.02910 0.02910 0.04774   2294      48050.4 0.0209
6 -1  26.1 0.02930 0.02930 0.05052   2238      44296.5 0.0211
6 -1  26.1 0.02950 0.02949 0.05052   2224      44019.4 0.0212
6 -1  26.1 0.02970 0.02969 0.05411   2230      41212.9 0.0212
6 -1  26.1 0.02990 0.02988 0.05632   2332      41407.4 0.0207
6 -1  26.1 0.03010 0.03008 0.06053   2336      38593.0 0.0207
6 -1  26.1 0.03030 0.03027 0.06053   2228      36808.7 0.0212
6 -1  26.1 0.03050 0.03047 0.06688   2322      34719.1 0.0208
6 -1  26.1 0.03070 0.03066 0.06885   2244      32592.9 0.0211
6 -1  26.0 0.03090 0.03086 0.07401   2352      31777.8 0.0206
6 -1  26.0 0.03110 0.03105 0.07840   2308      29440.1 0.0208
6 -1  26.0 0.03130 0.03135 0.08415   2262      26879.5 0.0210
6 -1  26.0 0.03150 0.03154 0.09046   2244      24807.2 0.0211
6 -1  26.0 0.03170 0.03174 0.09708   2234      23012.8 0.0212
6 -1  26.0 0.03190 0.03193 0.10426   2242      21503.8 0.0211
6 -1  26.0 0.03210 0.03213 0.10887   2240      20575.7 0.0211
6 -1  26.0 0.03230 0.03232 0.12119   2236      18449.9 0.0211
6 -1  26.0 0.03250 0.03252 0.13072   2320      17747.4 0.0208
6 -1  26.0 0.03270 0.03271 0.15004   2388      15916.3 0.0205
6 -1  26.0 0.03290 0.03291 0.16121   2250      13957.1 0.0211
6 -1  26.0 0.03310 0.03311 0.18078   2302      12733.6 0.0208
6 -1  26.0 0.03330 0.03330 0.19454   2302      11832.8 0.0208
6 -1  26.0 0.03350 0.03350 0.21315   2300      10790.3 0.0209
6 -1  26.0 0.03370 0.03369 0.23286   2286       9817.2 0.0209
6 -1  26.0 0.03390 0.03389 0.25211   2240       8885.0 0.0211
6 -1  26.0 0.03410 0.03408 0.27480   2318       8435.2 0.0208
6 -1  26.0 0.03430 0.03428 0.28721   2256       7854.9 0.0211
6 -1  26.0 0.03450 0.03447 0.31562   2300       7287.3 0.0209
6 -1  26.0 0.03470 0.03467 0.33656   2238       6649.7 0.0211
6 -1  26.0 0.03490 0.03486 0.34622   2242       6475.7 0.0211
6 -1  26.0 0.03510 0.03506 0.36673   2242       6113.5 0.0211
6 -1  26.0 0.03530 0.03525 0.38176   2258       5914.7 0.0210
6 -1  26.0 0.03550 0.03555 0.40627   2248       5533.2 0.0211
6 -1  26.0 0.03570 0.03574 0.42263   2234       5286.0 0.0212
6 -1  26.0 0.03590 0.03594 0.44889   2240       4990.1 0.0211
6 -1  26.0 0.03610 0.03613 0.45670   2302       5040.5 0.0208
6 -1  26.0 0.03630 0.03633 0.47894   2242       4681.1 0.0211
6 -1  26.0 0.03650 0.03652 0.50530   2312       4575.5 0.0208
6 -1  26.0 0.03670 0.03672 0.53212   2284       4292.3 0.0209
6 -1  26.0 0.03690 0.03691 0.54740   2312       4223.6 0.0208
6 -1  26.0 0.03710 0.03711 0.56000   2236       3992.9 0.0211
6 -1  26.0 0.03730 0.03730 0.59812   2288       3825.3 0.0209
6 -1  26.0 0.03750 0.03750 0.62886   2258       3590.6 0.0210
6 -1  26.0 0.03770 0.03770 0.66998   2314       3453.8 0.0208
6 -1  26.0 0.03790 0.03789 0.70090   2276       3247.3 0.0210
6 -1  26.0 0.03810 0.03809 0.73886   2332       3156.2 0.0207
6 -1  26.0 0.03830 0.03828 0.73886   2272       3075.0 0.0210
6 -1  26.0 0.03850 0.03848 0.79082   2270       2870.4 0.0210
6 -1  26.0 0.03870 0.03867 0.82471   2230       2704.0 0.0212
6 -1  26.0 0.03890 0.03887 0.87697   2228       2540.6 0.0212
6 -1  26.0 0.03910 0.03906 0.93322   2310       2475.3 0.0208
6 -1  26.0 0.03930 0.03926 0.98691   2274       2304.2 0.0210
6 -1  26.0 0.03950 0.03945 1.05429   2324       2204.3 0.0207
6 -1  26.0 0.03970 0.03975 1.13361   2326       2051.9 0.0207
6 -1  26.0 0.03990 0.03994 1.19378   2340       1960.2 0.0207
6  0  26.0 0.00010 0.00010 1.21000     50         41.3 0.1414
6  0  26.0 0.00030 0.00029 1.21000     48         39.7 0.1443
6  0  26.0 0.00050 0.00049 1.21000     64         52.9 0.1250
6  0  26.0 0.00070 0.00068 1.21000     56         46.3 0.1336
6  0  26.0 0.00090 0.00088 1.21000     68         56.2 0.1213
6  0  26.0 0.00110 0.00107 1.21000     48         39.7 0.1443
6  0  26.0 0.00130 0.00127 1.21000     66         54.5 0.1231
6  0  26.0 0.00150 0.00146 1.21000     68         56.2 0.1213
6  0  26.0 0.00170 0.00166 1.21000     76         62.8 0.1147
6  0  26.0 0.00190 0.00186 1.21000     92         76.0 0.1043
6  0  26.0 0.00210 0.00215 1.21000     90         74.4 0.1054
6  0  26.0 0.00230 0.00234 1.21000     92         76.0 0.1043
6  0  26.0 0.00250 0.00254 1.21000    114         94.2 0.0937
6  0  26.0 0.00270 0.00273 1.21000    104         86.0 0.0981
6  0  26.0 0.00290 0.00293 1.21000    110         90.9 0.0953
6  0  26.0 0.00310 0.00313 1.21000    110         90.9 0.0953
6  0  26.0 0.00330 0.00332 1.21000    214        176.9 0.0684
6  0  26.0 0.00350 0.00352 1.21000    438        362.0 0.0478
6  0  26.0 0.00370 0.00371 1.21000    936        773.6 0.0327
6  0  26.0 0.00390 0.00391 1.21000   2062       1704.1 0.0220
6  0  26.0 0.00410 0.00410 1.21000   4936       4079.3 0.0142
6  0  26.0 0.00430 0.00430 1.21000  12448      10287.6 0.0090
6  0  26.0 0.00450 0.00449 1.21000  28018      23155.4 0.0060
6  0  26.0 0.00470 0.00469 1.21000  63416      52409.9 0.0040
6  0  26.0 0.00490 0.00488 0.53961  71658     132795.2 0.0037
6  0  26.0 0.00510 0.00508 0.26138  72112     275886.5 0.0037
6  0  26.0 0.00530 0.00527 0.14358  74628     519751.2 0.0037
6  0  26.0 0.00550 0.00547 0.08252  73244     887595.4 0.0037
6  0  26.0 0.00570 0.00566 0.05117  71764    1402592.9 0.0037
6  0  26.0 0.00590 0.00586 0.03489  71956    2062132.1 0.0037
6  0  26.0 0.00610 0.00605 0.02652  71788    2707429.9 0.0037
6  0  26.0 0.00630 0.00635 0.02073  72228    3483648.5 0.0037
6  0  26.0 0.00650 0.00654 0.02073  79854    3851460.2 0.0035
6  0  26.0 0.00670 0.00674 0.01754  71694    4087133.5 0.0037
6  0  26.0 0.00690 0.00693 0.01754  74634    4254737.1 0.0037
6  0  26.0 0.00710 0.00713 0.01754  76498    4361000.1 0.0036
6  0  26.0 0.00730 0.00732 0.01754  77716    4430435.9 0.0036
6  0  26.0 0.00750 0.00752 0.01754  78634    4482769.2 0.0036
6  0  26.0 0.00770 0.00771 0.01754  79216    4515947.9 0.0036
6  0  26.0 0.00790 0.00791 0.01754  79622    4539093.2 0.0035
6  0  26.0 0.00810 0.00811 0.01754  79876    4553573.2 0.0035
6  0  26.0 0.00830 0.00830 0.01578  71784    4547869.7 0.0037
6  0  26.0 0.00850 0.00850 0.01578  71810    4549516.9 0.0037
6  0  26.0 0.00870 0.00869 0.01578  71764    4546602.6 0.0037
6  0  26.0 0.00890 0.00889 0.01578  71612    4536972.6 0.0037
6  0  26.0 0.00910 0.00908 0.01578  71334    4519359.9 0.0037
6  0  26.0 0.00930 0.00928 0.01578  70930    4493764.6 0.0038
6  0  26.0 0.00950 0.00947 0.01578  70320    4455118.1 0.0038
6  0  26.0 0.00970 0.00967 0.01578  69416    4397845.2 0.0038
6  0  26.0 0.00990 0.00986 0.01578  67994    4307754.5 0.0038
6  0  26.0 0.01010 0.01006 0.01578  65944    4177876.9 0.0039
6  0  26.0 0.01030 0.01025 0.01578  62882    3983884.1 0.0040
6  0  26.0 0.01050 0.01055 0.01578  55510    3516831.7 0.0042
6  0  26.0 0.01070 0.01074 0.01578  48648    3082090.2 0.0045
6  0  26.0 0.01090 0.01094 0.01578  40516    2566888.0 0.0050
6  0  26.0 0.01110 0.01113 0.01578  32878    2082983.1 0.0055
6  0  26.0 0.01130 0.01133 0.01578  26198    1659772.2 0.0062
6  0  26.0 0.01150 0.01152 0.01578  21862    1385065.3 0.0068
6  0  26.0 0.01170 0.01172 0.01578  19080    1208811.9 0.0072
6  0  26.0 0.01190 0.01191 0.01578  17434    1104529.7 0.0076
6  0  26.0 0.01210 0.01211 0.01578  16772    1062588.7 0.0077
6  0  26.0 0.01230 0.01230 0.01578  16336    1034966.0 0.0078
6  0  26.0 0.01250 0.01250 0.01578  16114    1020901.2 0.0079
6  0  26.0 0.01270 0.01270 0.01578  15882    1006202.9 0.0079
6  0  26.0 0.01290 0.01289 0.01578  15836    1003288.5 0.0079
6  0  26.0 0.01310 0.01309 0.01578  15778     999613.9 0.0080
6  0  26.0 0.01330 0.01328 0.01578  15818    1002148.1 0.0080
6  0  26.0 0.01350 0.01348 0.01578  15968    1011651.4 0.0079
6  0  26.0 0.01370 0.01367 0.01578  15938    1009750.7 0.0079
6  0  26.0 0.01390 0.01387 0.01578  15772     999233.8 0.0080
6  0  26.0 0.01410 0.01406 0.01578  15832    1003035.1 0.0079
6  0  26.0 0.01430 0.01426 0.01578  15750     997840.0 0.0080
6  0  26.0 0.01450 0.01445 0.01578  15804    1001261.2 0.0080
6  0  26.0 0.01470 0.01475 0.01578  15644     991124.4 0.0080
6  0  26.0 0.01490 0.01494 0.01578  15728     996446.2 0.0080
6  0  26.0 0.01510 0.01514 0.01578  15810    1001641.3 0.0080
6  0  26.0 0.01530 0.01533 0.01578  15638     990744.3 0.0080
6  0  26.0 0.01550 0.01553 0.01578  15428     977439.7 0.0081
6  0  26.0 0.01570 0.01572 0.01578  15238     965402.3 0.0081
6  0  26.0 0.01590 0.01592 0.01578  14896     943734.9 0.0082
6  0  26.0 0.01610 0.01611 0.01578  13976     885448.4 0.0085
6  0  26.0 0.01630 0.01631 0.01578  13160     833750.8 0.0087
6  0  26.0 0.01650 0.01650 0.01578  11982     759118.7 0.0091
6  0  26.0 0.01670 0.01670 0.01578  10788     683472.9 0.0096
6  0  26.0 0.01690 0.01689 0.01578   9434     597690.3 0.0103
6  0  26.0 0.01710 0.01709 0.01578   8134     515328.9 0.0111
6  0  26.0 0.01730 0.01729 0.01578   6658     421817.1 0.0123
6  0  26.0 0.01750 0.01748 0.01578   5448     345157.6 0.0135
6  0  26.0 0.01770 0.01768 0.01578   4562     289025.2 0.0148
6  0  26.0 0.01790 0.01787 0.01578   3744     237200.8 0.0163
6  0  26.0 0.01810 0.01807 0.01578   3090     195766.7 0.0180
6  0  26.0 0.01830 0.01826 0.01578   2612     165483.1 0.0196
6  0  26.0 0.01850 0.01846 0.01578   2348     148757.4 0.0206
6  0  26.0 0.01870 0.01865 0.01660   2288     137855.9 0.0209
6  0  26.0 0.01890 0.01895 0.01818   2242     123290.3 0.0211
6  0  26.0 0.01910 0.01914 0.01867   2224     119108.1 0.0212
6  0  26.0 0.01930 0.01934 0.01970   2226     112991.5 0.0212
6  0  26.0 0.01950 0.01953 0.02041   2236     109547.1 0.0211
6  0  26.0 0.01970 0.01973 0.02132   2286     107208.8 0.0209
6  0  26.0 0.01990 0.01992 0.02132   2248     105426.7 0.0211
6  0  26.0 0.02010 0.02012 0.02232   2248     100728.4 0.0211
6  0  26.0 0.02030 0.02031 0.02281   2298     100749.8 0.0209
6  0  26.0 0.02050 0.02051 0.02281   2254      98820.7 0.0211
6  0  26.0 0.02070 0.02070 0.02323   2222      95670.0 0.0212
6  0  26.0 0.02090 0.02090 0.02342   2228      95151.2 0.0212
6  0  26.0 0.02110 0.02109 0.02389   2306      96542.8 0.0208
6  0  26.0 0.02130 0.02129 0.02453   2246      91576.4 0.0211
6  0  26.0 0.02150 0.02148 0.02600   2296      88298.0 0.0209
6  0  26.0 0.02170 0.02168 0.02600   2316      89067.2 0.0208
6  0  26.0 0.02190 0.02188 0.02600   2278      87605.8 0.0210
6  0  26.0 0.02210 0.02207 0.02754   2300      83515.8 0.0209
6  0  26.0 0.02230 0.02227 0.02817   2238      79435.8 0.0211
6  0  26.0 0.02250 0.02246 0.02848   2242      78720.6 0.0211
6  0  26.0 0.02270 0.02266 0.03036   2256      74297.6 0.0211
6  0  26.0 0.02290 0.02285 0.03036   2228      73375.5 0.0212
6  0  26.0 0.02310 0.02314 0.03347   2286      68305.9 0.0209
6  0  26.0 0.02330 0.02334 0.03562   2240      62886.2 0.0211
6  0  26.0 0.02350 0.02354 0.03785   2348      62041.2 0.0206
6  0  26.0 0.02370 0.02373 0.03980   2286      57440.8 0.0209
6  0  26.0 0.02390 0.02393 0.04481   2272      50701.1 0.0210
6  0  26.0 0.02410 0.02412 0.04715   2240      47512.4 0.0211
6  0  26.0 0.02430 0.02432 0.05372   2266      42178.2 0.0210
6  0  26.0 0.02450 0.02451 0.06091   2270      37270.6 0.0210
6  0  26.0 0.02470 0.02471 0.06863   2250      32785.8 0.0211
6  0  26.0 0.02490 0.02490 0.07909   2230      28194.9 0.0212
6  0  26.0 0.02510 0.02510 0.09274   2224      23981.4 0.0212
6  0  26.0 0.02530 0.02529 0.10972   2362      21528.4 0.0206
6  0  26.0 0.02550 0.02549 0.12436   2322      18672.2 0.0208
6  0  26.0 0.02570 0.02568 0.14041   2238      15939.5 0.0211
6  0  26.0 0.02590 0.02588 0.16892   2302      13627.9 0.0208
6  0  26.0 0.02610 0.02607 0.18399   2250      12229.0 0.0211
6  0  26.0 0.02630 0.02627 0.20339   2236      10993.4 0.0211
6  0  26.0 0.02650 0.02646 0.22553   2242       9940.9 0.0211
6  0  26.0 0.02670 0.02666 0.24357   2250       9237.6 0.0211
6  0  26.0 0.02690 0.02686 0.24357   2244       9213.0 0.0211
6  0  26.0 0.02710 0.02715 0.27126   2356       8685.5 0.0206
6  0  26.0 0.02730 0.02734 0.27126   2246       8279.9 0.0211
6  0  26.0 0.02750 0.02754 0.29316   2378       8111.6 0.0205
6  0  26.0 0.02770 0.02773 0.29316   2282       7784.2 0.0209
6  0  26.0 0.02790 0.02793 0.30548   2298       7522.5 0.0209
6  0  26.0 0.02810 0.02813 0.31309   2284       7295.0 0.0209
6  0  26.0 0.02830 0.02832 0.32238   2246       6967.0 0.0211
6  0  26.0 0.02850 0.02852 0.33102   2268       6851.6 0.0210
6  0  26.0 0.02870 0.02871 0.33102   2262       6833.5 0.0210
6  0  26.0 0.02890 0.02891 0.36159   2222       6145.2 0.0212
6  0  26.0 0.02910 0.02910 0.36159   2286       6322.2 0.0209
6  0  26.0 0.02930 0.02930 0.36159   2222       6145.2 0.0212
6  0  26.0 0.02950 0.02949 0.38712   2228       5755.3 0.0212
6  0  26.0 0.02970 0.02969 0.40553   2226       5489.2 0.0212
6  0  26.0 0.02990 0.02988 0.41524   2274       5476.3 0.0210
6  0  26.0 0.03010 0.03008 0.44811   2328       5195.2 0.0207
6  0  26.0 0.03030 0.03027 0.45382   2256       4971.1 0.0211
6  0  26.0 0.03050 0.03047 0.47063   2258       4797.8 0.0210
6  0  26.0 0.03070 0.03066 0.49833   2238       4491.0 0.0211
6  0  26.0 0.03090 0.03086 0.53492   2354       4400.7 0.0206
6  0  26.0 0.03110 0.03105 0.56347   2262       4014.4 0.0210
6  0  26.0 0.03130 0.03135 0.60485   2258       3733.2 0.0210
6  0  26.0 0.03150 0.03154 0.65885   2322       3524.3 0.0208
6  0  26.0 0.03170 0.03174 0.70489   2366       3356.5 0.0206
6  0  26.0 0.03190 0.03193 0.74161   2250       3034.0 0.0211
6  0  26.0 0.03210 0.03213 0.83817   2250       2684.4 0.0211
6  0  26.0 0.03230 0.03232 0.93028   2260       2429.4 0.0210
6  0  26.0 0.03250 0.03252 1.03886   2240       2156.2 0.0211
6  0  26.0 0.03270 0.03271 1.14501   2326       2031.4 0.0207
6  0  26.0 0.03290 0.03291 1.21000   2032       1679.3 0.0222
6  0  26.0 0.03310 0.03311 1.21000   1806       1492.6 0.0235
6  0  26.0 0.03330 0.03330 1.21000   1590       1314.0 0.0251
6  0  26.0 0.03350 0.03350 1.21000   1492       1233.1 0.0259
6  0  26.0 0.03370 0.03369 1.21000   1340       1107.4 0.0273
6  0  26.0 0.03390 0.03389 1.21000   1162        960.3 0.0293
6  0  26.0 0.03410 0.03408 1.21000   1116        922.3 0.0299
6  0  26.0 0.03430 0.03428 1.21000   1066        881.0 0.0306
6  0  26.0 0.03450 0.03447 1.21000    998        824.8 0.0317
6  0  26.0 0.03470 0.03467 1.21000    978        808.3 0.0320
6  0  26.0 0.03490 0.03486 1.21000    926        765.3 0.0329
6  0  26.0 0.03510 0.03506 1.21000    910        752.1 0.0331
6  0  26.0 0.03530 0.03525 1.21000    924        763.6 0.0329
6  0  26.0 0.03550 0.03555 1.21000    870        719.0 0.0339
6  0  26.0 0.03570 0.03574 1.21000    864        714.0 0.0340
6  0  26.0 0.03590 0.03594 1.21000    798        659.5 0.0354
6  0  26.0 0.03610 0.03613 1.21000    788        651.2 0.0356
6  0  26.0 0.03630 0.03633 1.21000    752        621.5 0.0365
6  0  26.0 0.03650 0.03652 1.21000    718        593.4 0.0373
6  0  26.0 0.03670 0.03672 1.21000    654        540.5 0.0391
6  0  26.0 0.03690 0.03691 1.21000    688        568.6 0.0381
6  0  26.0 0.03710 0.03711 1.21000    678        560.3 0.0384
6  0  26.0 0.03730 0.03730 1.21000    678        560.3 0.0384
6  0  26.0 0.03750 0.03750 1.21000    654        540.5 0.0391
6  0  26.0 0.03770 0.03770 1.21000    634        524.0 0.0397
6  0  26.0 0.03790 0.03789 1.21000    620        512.4 0.0402
6  0  26.0 0.03810 0.03809 1.21000    554        457.9 0.0425
6  0  26.0 0.03830 0.03828 1.21000    562        464.5 0.0422
6  0  26.0 0.03850 0.03848 1.21000    546        451.2 0.0428
6  0  26.0 0.03870 0.03867 1.21000    528        436.4 0.0435
6  0  26.0 0.03890 0.03887 1.21000    468        386.8 0.0462
6  0  26.0 0.03910 0.03906 1.21000    448        370.2 0.0472
6  0  26.0 0.03930 0.03926 1.21000    436        360.3 0.0479
6  0  26.0 0.03950 0.03945 1.21000    450        371.9 0.0471
6  0  26.0 0.03970 0.03975 1.21000    400        330.6 0.0500
6  0  26.0 0.03990 0.03994 1.21000    370        305.8 0.0520
6  1  26.0 0.00010 0.00010 1.21000     28         23.1 0.1890
6  1  26.0 0.00030 0.00029 1.21000     42         34.7 0.1543
6  1  26.0 0.00050 0.00049 1.21000     40         33.1 0.1581
6  1  26.0 0.00070 0.00068 1.21000     46         38.0 0.1474
6  1  26.0 0.00090 0.00088 1.21000     48         39.7 0.1443
6  1  26.0 0.00110 0.00107 1.21000     54         44.6 0.1361
6  1  26.0 0.00130 0.00127 1.21000     50         41.3 0.1414
6  1  26.0 0.00150 0.00146 1.21000     72         59.5 0.1179
6  1  26.0 0.00170 0.00166 1.21000     60         49.6 0.1291
6  1  26.0 0.00190 0.00186 1.21000     62         51.2 0.1270
6  1  26.0 0.00210 0.00215 1.21000     70         57.9 0.1195
6  1  26.0 0.00230 0.00234 1.21000     56         46.3 0.1336
6  1  26.0 0.00250 0.00254 1.21000     78         64.5 0.1132
6  1  26.0 0.00270 0.00273 1.21000     90         74.4 0.1054
6  1  26.0 0.00290 0.00293 1.21000    104         86.0 0.0981
6  1  26.0 0.00310 0.00313 1.21000    120         99.2 0.0913
6  1  26.0 0.00330 0.00332 1.21000    186        153.7 0.0733
6  1  26.0 0.00350 0.00352 1.21000    374        309.1 0.0517
6  1  26.0 0.00370 0.00371 1.21000    818        676.0 0.0350
6  1  26.0 0.00390 0.00391 1.21000   1956       1616.5 0.0226
6  1  26.0 0.00410 0.00410 1.21000   4756       3930.6 0.0145
6  1  26.0 0.00430 0.00430 1.21000  11370       9396.7 0.0094
6  1  26.0 0.00450 0.00449 1.21000  26710      22074.4 0.0061
6  1  26.0 0.00470 0.00469 1.21000  60214      49763.6 0.0041
6  1  26.0 0.00490 0.00488 0.57019  72510     127168.4 0.0037
6  1  26.0 0.00510 0.00508 0.27135  71864     264834.2 0.0037
6  1  26.0 0.00530 0.00527 0.14906  75226     504662.9 0.0036
6  1  26.0 0.00550 0.00547 0.08336  71902     862532.8 0.0037
6  1  26.0 0.00570 0.00566 0.05233  71930    1374477.9 0.0037
6  1  26.0 0.00590 0.00586 0.03548  72136    2033390.8 0.0037
6  1  26.0 0.00610 0.00605 0.02687  71694    2667910.4 0.0037
6  1  26.0 0.00630 0.00635 0.02087  71858    3442643.5 0.0037
6  1  26.0 0.00650 0.00654 0.02087  79452    3806464.3 0.0035
6  1  26.0 0.00670 0.00674 0.01768  72288    4088359.9 0.0037
6  1  26.0 0.00690 0.00693 0.01768  75224    4254410.0 0.0036
6  1  26.0 0.00710 0.00713 0.01768  77066    4358587.1 0.0036
6  1  26.0 0.00730 0.00732 0.01768  78400    4434033.6 0.0036
6  1  26.0 0.00750 0.00752 0.01768  79352    4487875.4 0.0035
6  1  26.0 0.00770 0.00771 0.01768  79944    4521356.9 0.0035
6  1  26.0 0.00790 0.00791 0.01584  72182    4556599.7 0.0037
6  1  26.0 0.00810 0.00811 0.01584  72404    4570613.8 0.0037
6  1  26.0 0.00830 0.00830 0.01584  72538    4579072.7 0.0037
6  1  26.0 0.00850 0.00850 0.01584  72572    4581219.0 0.0037
6  1  26.0 0.00870 0.00869 0.01584  72524    4578188.9 0.0037
6  1  26.0 0.00890 0.00889 0.01584  72380    4569098.7 0.0037
6  1  26.0 0.00910 0.00908 0.01584  72104    4551675.8 0.0037
6  1  26.0 0.00930 0.00928 0.01584  71692    4525667.7 0.0037
6  1  26.0 0.00950 0.00947 0.01584  71080    4487034.2 0.0038
6  1  26.0 0.00970 0.00967 0.01584  70202    4431609.1 0.0038
6  1  26.0 0.00990 0.00986 0.01584  68778    4341716.9 0.0038
6  1  26.0 0.01010 0.01006 0.01584  66686    4209656.2 0.0039
6  1  26.0 0.01030 0.01025 0.01584  63794    4027094.3 0.0040
6  1  26.0 0.01050 0.01055 0.01584  56138    3543797.5 0.0042
6  1  26.0 0.01070 0.01074 0.01584  49336    3114410.8 0.0045
6  1  26.0 0.01090 0.01094 0.01584  41418    2614574.9 0.0049
6  1  26.0 0.01110 0.01113 0.01584  33660    2124839.2 0.0055
6  1  26.0 0.01130 0.01133 0.01584  26978    1703027.7 0.0061
6  1  26.0 0.01150 0.01152 0.01584  22322    1409110.5 0.0067
6  1  26.0 0.01170 0.01172 0.01584  19746    1246496.6 0.0071
6  1  26.0 0.01190 0.01191 0.01584  17924    1131480.0 0.0075
6  1  26.0 0.01210 0.01211 0.01584  17108    1079968.8 0.0076
6  1  26.0 0.01230 0.01230 0.01584  16556    1045122.9 0.0078
6  1  26.0 0.01250 0.01250 0.01584  16478    1040199.1 0.0078
6  1  26.0 0.01270 0.01270 0.01584  16366    1033128.9 0.0078
6  1  26.0 0.01290 0.01289 0.01584  16372    1033507.7 0.0078
6  1  26.0 0.01310 0.01309 0.01584  16282    1027826.3 0.0078
6  1  26.0 0.01330 0.01328 0.01584  16326    1030603.8 0.0078
6  1  26.0 0.01350 0.01348 0.01584  16284    1027952.5 0.0078
6  1  26.0 0.01370 0.01367 0.01584  16390    1034643.9 0.0078
6  1  26.0 0.01390 0.01387 0.01584  16212    1023407.4 0.0079
6  1  26.0 0.01410 0.01406 0.01584  16408    1035780.2 0.0078
6  1  26.0 0.01430 0.01426 0.01584  16188    1021892.4 0.0079
6  1  26.0 0.01450 0.01445 0.01584  16294    1028583.8 0.0078
6  1  26.0 0.01470 0.01475 0.01584  16236    1024922.4 0.0078
6  1  26.0 0.01490 0.01494 0.01584  16166    1020503.6 0.0079
6  1  26.0 0.01510 0.01514 0.01584  16156    1019872.3 0.0079
6  1  26.0 0.01530 0.01533 0.01584  16150    1019493.6 0.0079
6  1  26.0 0.01550 0.01553 0.01584  16002    1010150.8 0.0079
6  1  26.0 0.01570 0.01572 0.01584  15688     990329.1 0.0080
6  1  26.0 0.01590 0.01592 0.01584  15290     965204.7 0.0081
6  1  26.0 0.01610 0.01611 0.01584  14658     925308.8 0.0083
6  1  26.0 0.01630 0.01631 0.01584  13796     870893.7 0.0085
6  1  26.0 0.01650 0.01650 0.01584  12668     799687.0 0.0089
6  1  26.0 0.01670 0.01670 0.01584  11610     732899.1 0.0093
6  1  26.0 0.01690 0.01689 0.01584   9934     627099.0 0.0100
6  1  26.0 0.01710 0.01709 0.01584   8508     537080.6 0.0108
6  1  26.0 0.01730 0.01729 0.01584   7042     444537.1 0.0119
6  1  26.0 0.01750 0.01748 0.01584   5928     374214.1 0.0130
6  1  26.0 0.01770 0.01768 0.01584   4864     307047.5 0.0143
6  1  26.0 0.01790 0.01787 0.01584   3984     251496.1 0.0158
6  1  26.0 0.01810 0.01807 0.01584   3426     216271.5 0.0171
6  1  26.0 0.01830 0.01826 0.01584   2906     183445.7 0.0186
6  1  26.0 0.01850 0.01846 0.01584   2558     161477.7 0.0198
6  1  26.0 0.01870 0.01865 0.01584   2280     143928.5 0.0209
6  1  26.0 0.01890 0.01895 0.01756   2288     130295.2 0.0209
6  1  26.0 0.01910 0.01914 0.01836   2256     122850.1 0.0211
6  1  26.0 0.01930 0.01934 0.01952   2222     113810.6 0.0212
6  1  26.0 0.01950 0.01953 0.02066   2352     113858.9 0.0206
6  1  26.0 0.01970 0.01973 0.02066   2268     109792.5 0.0210
6  1  26.0 0.01990 0.01992 0.02066   2262     109502.1 0.0210
6  1  26.0 0.02010 0.02012 0.02117   2274     107421.2 0.0210
6  1  26.0 0.02030 0.02031 0.02229   2366     106133.6 0.0206
6  1  26.0 0.02050 0.02051 0.02229   2314     103801.0 0.0208
6  1  26.0 0.02070 0.02070 0.02229   2234     100212.4 0.0212
6  1  26.0 0.02090 0.02090 0.02295   2288      99678.5 0.0209
6  1  26.0 0.02110 0.02109 0.02346   2256      96161.2 0.0211
6  1  26.0 0.02130 0.02129 0.02378   2310      97133.6 0.0208
6  1  26.0 0.02150 0.02148 0.02446   2324      94995.6 0.0207
6  1  26.0 0.02170 0.02168 0.02475   2244      90652.2 0.0211
6  1  26.0 0.02190 0.02188 0.02563   2258      88097.8 0.0210
6  1  26.0 0.02210 0.02207 0.02605   2258      86670.5 0.0210
6  1  26.0 0.02230 0.02227 0.02795   2342      83803.6 0.0207
6  1  26.0 0.02250 0.02246 0.02795   2260      80869.4 0.0210
6  1  26.0 0.02270 0.02266 0.02875   2276      79175.0 0.0210
6  1  26.0 0.02290 0.02285 0.03019   2272      75265.5 0.0210
6  1  26.0 0.02310 0.02314 0.03164   2274      71873.7 0.0210
6  1  26.0 0.02330 0.02334 0.03345   2262      67618.7 0.0210
6  1  26.0 0.02350 0.02354 0.03601   2242      62255.1 0.0211
6  1  26.0 0.02370 0.02373 0.03793   2256      59470.8 0.0211
6  1  26.0 0.02390 0.02393 0.04094   2276      55596.0 0.0210
6  1  26.0 0.02410 0.02412 0.04545   2228      49023.0 0.0212
6  1  26.0 0.02430 0.02432 0.04807   2276      47348.5 0.0210
6  1  26.0 0.02450 0.02451 0.05494   2242      40805.8 0.0211
6  1  26.0 0.02470 0.02471 0.06283   2282      36319.8 0.0209
6  1  26.0 0.02490 0.02490 0.07087   2264      31946.8 0.0210
6  1  26.0 0.02510 0.02510 0.08219   2288      27839.3 0.0209
6  1  26.0 0.02530 0.02529 0.09462   2260      23884.9 0.0210
6  1  26.0 0.02550 0.02549 0.11304   2266      20046.7 0.0210
6  1  26.0 0.02570 0.02568 0.12904   2282      17685.1 0.0209
6  1  26.0 0.02590 0.02588 0.14703   2254      15330.0 0.0211
6  1  26.0 0.02610 0.02607 0.16567   2226      13436.2 0.0212
6  1  26.0 0.02630 0.02627 0.19472   2280      11708.9 0.0209
6  1  26.0 0.02650 0.02646 0.20663   2244      10860.1 0.0211
6  1  26.0 0.02670 0.02666 0.23656   2384      10077.8 0.0205
6  1  26.0 0.02690 0.02686 0.24425   2268       9285.4 0.0210
6  1  26.0 0.02710 0.02715 0.26229   2314       8822.4 0.0208
6  1  26.0 0.02730 0.02734 0.27198   2342       8610.8 0.0207
6  1  26.0 0.02750 0.02754 0.27198   2304       8471.1 0.0208
6  1  26.0 0.02770 0.02773 0.28453   2288       8041.3 0.0209
6  1  26.0 0.02790 0.02793 0.29543   2304       7798.7 0.0208
6  1  26.0 0.02810 0.02813 0.30533   2254       7382.2 0.0211
6  1  26.0 0.02830 0.02832 0.31732   2236       7046.4 0.0211
6  1  26.0 0.02850 0.02852 0.31732   2270       7153.6 0.0210
6  1  26.0 0.02870 0.02871 0.31732   2248       7084.2 0.0211
6  1  26.0 0.02890 0.02891 0.35079   2228       6351.3 0.0212
6  1  26.0 0.02910 0.02910 0.35079   2310       6585.1 0.0208
6  1  26.0 0.02930 0.02930 0.36732   2332       6348.6 0.0207
6  1  26.0 0.02950 0.02949 0.37957   2222       5854.0 0.0212
6  1  26.0 0.02970 0.02969 0.38902   2360       6066.5 0.0206
6  1  26.0 0.02990 0.02988 0.42498   2376       5590.9 0.0205
6  1  26.0 0.03010 0.03008 0.42498   2310       5435.6 0.0208
6  1  26.0 0.03030 0.03027 0.46500   2416       5195.7 0.0203
6  1  26.0 0.03050 0.03047 0.46500   2292       4929.1 0.0209
6  1  26.0 0.03070 0.03066 0.48417   2252       4651.2 0.0211
6  1  26.0 0.03090 0.03086 0.52892   2416       4567.8 0.0203
6  1  26.0 0.03110 0.03105 0.52892   2236       4227.4 0.0211
6  1  26.0 0.03130 0.03135 0.58222   2288       3929.8 0.0209
6  1  26.0 0.03150 0.03154 0.62497   2256       3609.8 0.0211
6  1  26.0 0.03170 0.03174 0.67054   2384       3555.3 0.0205
6  1  26.0 0.03190 0.03193 0.72836   2268       3113.8 0.0210
6  1  26.0 0.03210 0.03213 0.78336   2264       2890.1 0.0210
6  1  26.0 0.03230 0.03232 0.83363   2288       2744.6 0.0209
6  1  26.0 0.03250 0.03252 0.93084   2284       2453.7 0.0209
6  1  26.0 0.03270 0.03271 1.02392   2264       2211.1 0.0210
6  1  26.0 0.03290 0.03291 1.15295   2262       1961.9 0.0210
6  1  26.0 0.03310 0.03311 1.21000   1992       1646.3 0.0224
6  1  26.0 0.03330 0.03330 1.21000   1852       1530.6 0.0232
6  1  26.0 0.03350 0.03350 1.21000   1576       1302.5 0.0252
6  1  26.0 0.03370 0.03369 1.21000   1480       1223.1 0.0260
6  1  26.0 0.03390 0.03389 1.21000   1362       1125.6 0.0271
6  1  26.0 0.03410 0.03408 1.21000   1214       1003.3 0.0287
6  1  26.0 0.03430 0.03428 1.21000   1046        864.5 0.0309
6  1  26.0 0.03450 0.03447 1.21000   1124        928.9 0.0298
6  1  26.0 0.03470 0.03467 1.21000    942        778.5 0.0326
6  1  26.0 0.03490 0.03486 1.21000    940        776.9 0.0326
6  1  26.0 0.03510 0.03506 1.21000    900        743.8 0.0333
6  1  26.0 0.03530 0.03525 1.21000    936        773.6 0.0327
6  1  26.0 0.03550 0.03555 1.21000    866        715.7 0.0340
6  1  26.0 0.03570 0.03574 1.21000    808        667.8 0.0352
6  1  26.0 0.03590 0.03594 1.21000    848        700.8 0.0343
6  1  26.0 0.03610 0.03613 1.21000    762        629.8 0.0362
6  1  26.0 0.03630 0.03633 1.21000    776        641.3 0.0359
6  1  26.0 0.03650 0.03652 1.21000    720        595.0 0.0373
6  1  26.0 0.03670 0.03672 1.21000    732        605.0 0.0370
6  1  26.0 0.03690 0.03691 1.21000    708        585.1 0.0376
6  1  26.0 0.03710 0.03711 1.21000    686        566.9 0.0382
6  1  26.0 0.03730 0.03730 1.21000    674        557.0 0.0385
6  1  26.0 0.03750 0.03750 1.21000    646        533.9 0.0393
6  1  26.0 0.03770 0.03770 1.21000    638        527.3 0.0396
6  1  26.0 0.03790 0.03789 1.21000    626        517.4 0.0400
6  1  26.0 0.03810 0.03809 1.21000    562        464.5 0.0422
6  1  26.0 0.03830 0.03828 1.21000    574        474.4 0.0417
6  1  26.0 0.03850 0.03848 1.21000    596        492.6 0.0410
6  1  26.0 0.03870 0.03867 1.21000    590        487.6 0.0412
6  1  26.0 0.03890 0.03887 1.21000    528        436.4 0.0435
6  1  26.0 0.03910 0.03906 1.21000    524        433.1 0.0437
6  1  26.0 0.03930 0.03926 1.21000    508        419.8 0.0444
6  1  26.0 0.03950 0.03945 1.21000    472        390.1 0.0460
6  1  26.0 0.03970 0.03975 1.21000    442        365.3 0.0476
6  1  26.0 0.03990 0.03994 1.21000    428        353.7 0.0483
6  2  26.0 0.00010 0.00010 1.21000     50         41.3 0.1414
6  2  26.0 0.00030 0.00029 1.21000     40         33.1 0.1581
6  2  26.0 0.00050 0.00049 1.21000     50         41.3 0.1414
6  2  26.0 0.00070 0.00068 1.21000     54         44.6 0.1361
6  2  26.0 0.00090 0.00088 1.21000     60         49.6 0.1291
6  2  26.0 0.00110 0.00107 1.21000     66         54.5 0.1231
6  2  26.0 0.00130 0.00127 1.21000     54         44.6 0.1361
6  2  26.0 0.00150 0.00146 1.21000     54         44.6 0.1361
6  2  26.0 0.00170 0.00166 1.21000     56         46.3 0.1336
6  2  26.0 0.00190 0.00186 1.21000     72         59.5 0.1179
6  2  26.0 0.00210 0.00215 1.21000     78         64.5 0.1132
6  2  26.0 0.00230 0.00234 1.21000     72         59.5 0.1179
6  2  26.0 0.00250 0.00254 1.21000     72         59.5 0.1179
6  2  26.0 0.00270 0.00273 1.21000     84         69.4 0.1091
6  2  26.0 0.00290 0.00293 1.21000    106         87.6 0.0971
6  2  26.0 0.00310 0.00313 1.21000    128        105.8 0.0884
6  2  26.0 0.00330 0.00332 1.21000    220        181.8 0.0674
6  2  26.0 0.00350 0.00352 1.21000    362        299.2 0.0526
6  2  26.0 0.00370 0.00371 1.21000    800        661.2 0.0354
6  2  26.0 0.00390 0.00391 1.21000   1956       1616.5 0.0226
6  2  26.0 0.00410 0.00410 1.21000   4598       3800.0 0.0147
6  2  26.0 0.00430 0.00430 1.21000  11076       9153.7 0.0095
6  2  26.0 0.00450 0.00449 1.21000  25552      21117.4 0.0063
6  2  26.0 0.00470 0.00469 1.21000  59442      49125.6 0.0041
6  2  26.0 0.00490 0.00488 0.57475  71670     124698.5 0.0037
6  2  26.0 0.00510 0.00508 0.27701  72368     261246.6 0.0037
6  2  26.0 0.00530 0.00527 0.15217  75294     494806.4 0.0036
6  2  26.0 0.00550 0.00547 0.08517  71482     839243.8 0.0037
6  2  26.0 0.00570 0.00566 0.05306  71506    1347695.0 0.0037
6  2  26.0 0.00590 0.00586 0.03580  72188    2016522.4 0.0037
6  2  26.0 0.00610 0.00605 0.02713  72462    2670732.0 0.0037
6  2  26.0 0.00630 0.00635 0.02088  71560    3427927.2 0.0037
6  2  26.0 0.00650 0.00654 0.02088  79182    3793042.7 0.0036
6  2  26.0 0.00670 0.00674 0.01774  72078    4063300.6 0.0037
6  2  26.0 0.00690 0.00693 0.01774  75102    4233774.5 0.0036
6  2  26.0 0.00710 0.00713 0.01774  77002    4340884.5 0.0036
6  2  26.0 0.00730 0.00732 0.01774  78354    4417101.7 0.0036
6  2  26.0 0.00750 0.00752 0.01774  79276    4469078.2 0.0036
6  2  26.0 0.00770 0.00771 0.01774  79906    4504593.6 0.0035
6  2  26.0 0.00790 0.00791 0.01590  72154    4538182.0 0.0037
6  2  26.0 0.00810 0.00811 0.01590  72388    4552899.6 0.0037
6  2  26.0 0.00830 0.00830 0.01590  72512    4560698.6 0.0037
6  2  26.0 0.00850 0.00850 0.01590  72560    4563717.6 0.0037
6  2  26.0 0.00870 0.00869 0.01590  72508    4560447.1 0.0037
6  2  26.0 0.00890 0.00889 0.01590  72376    4552144.8 0.0037
6  2  26.0 0.00910 0.00908 0.01590  72112    4535540.3 0.0037
6  2  26.0 0.00930 0.00928 0.01590  71698    4509501.5 0.0037
6  2  26.0 0.00950 0.00947 0.01590  71122    4473273.5 0.0037
6  2  26.0 0.00970 0.00967 0.01590  70254    4418680.0 0.0038
6  2  26.0 0.00990 0.00986 0.01590  68838    4329619.6 0.0038
6  2  26.0 0.01010 0.01006 0.01590  66792    4200934.8 0.0039
6  2  26.0 0.01030 0.01025 0.01590  63896    4018788.6 0.0040
6  2  26.0 0.01050 0.01055 0.01590  56580    3558643.1 0.0042
6  2  26.0 0.01070 0.01074 0.01590  50086    3150197.9 0.0045
6  2  26.0 0.01090 0.01094 0.01590  42122    2649296.0 0.0049
6  2  26.0 0.01110 0.01113 0.01590  34508    2170407.5 0.0054
6  2  26.0 0.01130 0.01133 0.01590  27800    1748502.6 0.0060
6  2  26.0 0.01150 0.01152 0.01590  23410    1472390.2 0.0065
6  2  26.0 0.01170 0.01172 0.01590  20538    1291753.5 0.0070
6  2  26.0 0.01190 0.01191 0.01590  18956    1192252.4 0.0073
6  2  26.0 0.01210 0.01211 0.01590  18096    1138162.0 0.0074
6  2  26.0 0.01230 0.01230 0.01590  17756    1116777.4 0.0075
6  2  26.0 0.01250 0.01250 0.01590  17218    1082939.5 0.0076
6  2  26.0 0.01270 0.01270 0.01590  17350    1091241.7 0.0076
6  2  26.0 0.01290 0.01289 0.01590  17254    1085203.8 0.0076
6  2  26.0 0.01310 0.01309 0.01590  17212    1082562.1 0.0076
6  2  26.0 0.01330 0.01328 0.01590  17176    1080297.9 0.0076
6  2  26.0 0.01350 0.01348 0.01590  17126    1077153.1 0.0076
6  2  26.0 0.01370 0.01367 0.01590  17116    1076524.1 0.0076
6  2  26.0 0.01390 0.01387 0.01590  17136    1077782.0 0.0076
6  2  26.0 0.01410 0.01406 0.01590  17092    1075014.6 0.0076
6  2  26.0 0.01430 0.01426 0.01590  17118    1076649.9 0.0076
6  2  26.0 0.01450 0.01445 0.01590  17140    1078033.6 0.0076
6  2  26.0 0.01470 0.01475 0.01590  17290    1087468.0 0.0076
6  2  26.0 0.01490 0.01494 0.01590  17264    1085832.7 0.0076
6  2  26.0 0.01510 0.01514 0.01590  17146    1078411.0 0.0076
6  2  26.0 0.01530 0.01533 0.01590  17168    1079794.7 0.0076
6  2  26.0 0.01550 0.01553 0.01590  16806    1057026.4 0.0077
6  2  26.0 0.01570 0.01572 0.01590  16660    1047843.7 0.0077
6  2  26.0 0.01590 0.01592 0.01590  16258    1022559.6 0.0078
6  2  26.0 0.01610 0.01611 0.01590  15780     992495.4 0.0080
6  2  26.0 0.01630 0.01631 0.01590  14748     927586.9 0.0082
6  2  26.1 0.01650 0.01650 0.01590  13740     864188.0 0.0085
6  2  26.1 0.01670 0.01670 0.01590  12512     786952.0 0.0089
6  2  26.1 0.01690 0.01689 0.01590  11212     705187.5 0.0094
6  2  26.1 0.01710 0.01709 0.01590   9826     618013.9 0.0101
6  2  26.1 0.01730 0.01729 0.01590   8312     522789.7 0.0110
6  2  26.1 0.01750 0.01748 0.01590   6808     428194.5 0.0121
6  2  26.1 0.01770 0.01768 0.01590   5750     361650.7 0.0132
6  2  26.1 0.01790 0.01787 0.01590   4620     290578.5 0.0147
6  2  26.1 0.01810 0.01807 0.01590   3996     251331.5 0.0158
6  2  26.1 0.01830 0.01826 0.01590   3336     209820.3 0.0173
6  2  26.1 0.01850 0.01846 0.01590   2866     180259.3 0.0187
6  2  26.1 0.01870 0.01865 0.01590   2586     162648.5 0.0197
6  2  26.1 0.01890 0.01895 0.01590   2364     148685.6 0.0206
6  2  26.1 0.01910 0.01914 0.01590   2248     141389.7 0.0211
6  2  26.1 0.01930 0.01934 0.01735   2324     133934.2 0.0207
6  2  26.1 0.01950 0.01953 0.01765   2238     126772.2 0.0211
6  2  26.1 0.01970 0.01973 0.01793   2244     125173.8 0.0211
6  2  26.1 0.01990 0.01992 0.01793   2240     124950.7 0.0211
6  2  26.1 0.02010 0.02012 0.01915   2326     121474.7 0.0207
6  2  26.1 0.02030 0.02031 0.01915   2250     117505.6 0.0211
6  2  26.1 0.02050 0.02051 0.01988   2294     115382.3 0.0209
6  2  26.1 0.02070 0.02070 0.01988   2250     113169.2 0.0211
6  2  26.1 0.02090 0.02090 0.01990   2348     117992.1 0.0206
6  2  26.1 0.02110 0.02109 0.02092   2308     110344.7 0.0208
6  2  26.1 0.02130 0.02129 0.02095   2308     110146.0 0.0208
6  2  26.1 0.02150 0.02148 0.02236   2382     106521.5 0.0205
6  2  26.1 0.02170 0.02168 0.02236   2374     106163.8 0.0205
6  2  26.1 0.02190 0.02188 0.02236   2232      99813.6 0.0212
6  2  26.1 0.02210 0.02207 0.02407   2302      95623.9 0.0208
6  2  26.1 0.02230 0.02227 0.02407   2228      92550.0 0.0212
6  2  26.1 0.02250 0.02246 0.02431   2236      91962.7 0.0211
6  2  26.1 0.02270 0.02266 0.02548   2254      88451.3 0.0211
6  2  26.1 0.02290 0.02285 0.02666   2278      85450.5 0.0210
6  2  26.1 0.02310 0.02314 0.02763   2270      82161.3 0.0210
6  2  26.1 0.02330 0.02334 0.02889   2226      77058.5 0.0212
6  2  26.1 0.02350 0.02354 0.03147   2328      73976.0 0.0207
6  2  26.1 0.02370 0.02373 0.03258   2242      68825.2 0.0211
6  2  26.1 0.02390 0.02393 0.03552   2290      64469.7 0.0209
6  2  26.1 0.02410 0.02412 0.03755   2264      60295.6 0.0210
6  2  26.1 0.02430 0.02432 0.04174   2302      55149.1 0.0208
6  2  26.1 0.02450 0.02451 0.04637   2316      49942.8 0.0208
6  2  26.1 0.02470 0.02471 0.05219   2244      42994.8 0.0211
6  2  26.1 0.02490 0.02490 0.05787   2266      39156.7 0.0210
6  2  26.1 0.02510 0.02510 0.06796   2272      33429.6 0.0210
6  2  26.1 0.02530 0.02529 0.07886   2366      30000.7 0.0206
6  2  26.1 0.02550 0.02549 0.09117   2276      24963.1 0.0210
6  2  26.1 0.02570 0.02568 0.10454   2222      21255.9 0.0212
6  2  26.1 0.02590 0.02588 0.11912   2282      19157.6 0.0209
6  2  26.1 0.02610 0.02607 0.13714   2294      16727.6 0.0209
6  2  26.1 0.02630 0.02627 0.15618   2300      14726.6 0.0209
6  2  26.1 0.02650 0.02646 0.17173   2312      13462.8 0.0208
6  2  26.1 0.02670 0.02666 0.18636   2282      12244.9 0.0209
6  2  26.1 0.02690 0.02686 0.20121   2316      11510.1 0.0208
6  2  26.1 0.02710 0.02715 0.21351   2346      10987.5 0.0206
6  2  26.1 0.02730 0.02734 0.23053   2358      10228.6 0.0206
6  2  26.1 0.02750 0.02754 0.23053   2264       9820.9 0.0210
6  2  26.1 0.02770 0.02773 0.23053   2248       9751.5 0.0211
6  2  26.1 0.02790 0.02793 0.24026   2238       9314.9 0.0211
6  2  26.1 0.02810 0.02813 0.25430   2234       8784.9 0.0212
6  2  26.1 0.02830 0.02832 0.26255   2280       8684.0 0.0209
6  2  26.1 0.02850 0.02852 0.26350   2226       8447.8 0.0212
6  2  26.1 0.02870 0.02871 0.27482   2228       8107.2 0.0212
6  2  26.1 0.02890 0.02891 0.27482   2258       8216.4 0.0210
6  2  26.1 0.02910 0.02910 0.29382   2288       7787.1 0.0209
6  2  26.1 0.02930 0.02930 0.29382   2222       7562.5 0.0212
6  2  26.1 0.02950 0.02949 0.31915   2234       6999.8 0.0212
6  2  26.1 0.02970 0.02969 0.32530   2274       6990.5 0.0210
6  2  26.1 0.02990 0.02988 0.32530   2232       6861.4 0.0212
6  2  26.1 0.03010 0.03008 0.35258   2304       6534.7 0.0208
6  2  26.1 0.03030 0.03027 0.36037   2300       6382.4 0.0209
6  2  26.1 0.03050 0.03047 0.38659   2334       6037.4 0.0207
6  2  26.1 0.03070 0.03066 0.38659   2222       5747.7 0.0212
6  2  26.1 0.03090 0.03086 0.40672   2254       5541.8 0.0211
6  2  26.1 0.03110 0.03105 0.43784   2296       5243.9 0.0209
6  2  26.1 0.03130 0.03135 0.47118   2228       4728.6 0.0212
6  2  26.1 0.03150 0.03154 0.48786   2304       4722.6 0.0208
6  2  26.1 0.03170 0.03174 0.53266   2356       4423.1 0.0206
6  2  26.1 0.03190 0.03193 0.55392   2222       4011.4 0.0212
6  2  26.1 0.03210 0.03213 0.60157   2258       3753.5 0.0210
6  2  26.1 0.03230 0.03232 0.67162   2262       3368.0 0.0210
6  2  26.1 0.03250 0.03252 0.76062   2324       3055.4 0.0207
6  2  26.1 0.03270 0.03271 0.81490   2326       2854.3 0.0207
6  2  26.1 0.03290 0.03291 0.89330   2262       2532.2 0.0210
6  2  26.1 0.03310 0.03311 0.97682   2266       2319.8 0.0210
6  2  26.1 0.03330 0.03330 1.11649   2308       2067.2 0.0208
6  2  26.1 0.03350 0.03350 1.21000   1920       1586.8 0.0228
6  2  26.1 0.03370 0.03369 1.21000   1806       1492.6 0.0235
6  2  26.1 0.03390 0.03389 1.21000   1776       1467.8 0.0237
6  2  26.1 0.03410 0.03408 1.21000   1522       1257.9 0.0256
6  2  26.1 0.03430 0.03428 1.21000   1386       1145.5 0.0269
6  2  26.1 0.03450 0.03447 1.21000   1326       1095.9 0.0275
6  2  26.1 0.03470 0.03467 1.21000   1240       1024.8 0.0284
6  2  26.1 0.03490 0.03486 1.21000   1124        928.9 0.0298
6  2  26.1 0.03510 0.03506 1.21000   1110        917.4 0.0300
6  2  26.1 0.03530 0.03525 1.21000   1050        867.8 0.0309
6  2  26.1 0.03550 0.03555 1.21000   1032        852.9 0.0311
6  2  26.1 0.03570 0.03574 1.21000    992        819.8 0.0318
6  2  26.1 0.03590 0.03594 1.21000    926        765.3 0.0329
6  2  26.1 0.03610 0.03613 1.21000    902        745.5 0.0333
6  2  26.1 0.03630 0.03633 1.21000    904        747.1 0.0333
6  2  26.1 0.03650 0.03652 1.21000    870        719.0 0.0339
6  2  26.1 0.03670 0.03672 1.21000    792        654.5 0.0355
6  2  26.1 0.03690 0.03691 1.21000    870        719.0 0.0339
6  2  26.1 0.03710 0.03711 1.21000    834        689.3 0.0346
6  2  26.1 0.03730 0.03730 1.21000    778        643.0 0.0359
6  2  26.1 0.03750 0.03750 1.21000    772        638.0 0.0360
6  2  26.1 0.03770 0.03770 1.21000    800        661.2 0.0354
6  2  26.1 0.03790 0.03789 1.21000    748        618.2 0.0366
6  2  26.1 0.03810 0.03809 1.21000    650        537.2 0.0392
6  2  26.1 0.03830 0.03828 1.21000    696        575.2 0.0379
6  2  26.1 0.03850 0.03848 1.21000    664        548.8 0.0388
6  2  26.1 0.03870 0.03867 1.21000    624        515.7 0.0400
6  2  26.1 0.03890 0.03887 1.21000    606        500.8 0.0406
6  2  26.1 0.03910 0.03906 1.21000    602        497.5 0.0408
6  2  26.1 0.03930 0.03926 1.21000    562        464.5 0.0422
6  2  26.1 0.03950 0.03945 1.21000    498        411.6 0.0448
6  2  26.1 0.03970 0.03975 1.21000    518        428.1 0.0439
6  2  26.1 0.03990 0.03994 1.21000    494        408.3 0.0450
6  3  26.1 0.00010 0.00010 1.21000     42         34.7 0.1543
6  3  26.1 0.00030 0.00029 1.21000     46         38.0 0.1474
6  3  26.1 0.00050 0.00049 1.21000     38         31.4 0.1622
6  3  26.1 0.00070 0.00068 1.21000     54         44.6 0.1361
6  3  26.1 0.00090 0.00088 1.21000     50         41.3 0.1414
6  3  26.1 0.00110 0.00107 1.21000     58         47.9 0.1313
6  3  26.1 0.00130 0.00127 1.21000     56         46.3 0.1336
6  3  26.1 0.00150 0.00146 1.21000     76         62.8 0.1147
6  3  26.1 0.00170 0.00166 1.21000     56         46.3 0.1336
6  3  26.1 0.00190 0.00186 1.21000     60         49.6 0.1291
6  3  26.1 0.00210 0.00215 1.21000     76         62.8 0.1147
6  3  26.1 0.00230 0.00234 1.21000     64         52.9 0.1250
6  3  26.1 0.00250 0.00254 1.21000     76         62.8 0.1147
6  3  26.1 0.00270 0.00273 1.21000     92         76.0 0.1043
6  3  26.1 0.00290 0.00293 1.21000    104         86.0 0.0981
6  3  26.1 0.00310 0.00313 1.21000    124        102.5 0.0898
6  3  26.1 0.00330 0.00332 1.21000    190        157.0 0.0725
6  3  26.1 0.00350 0.00352 1.21000    362        299.2 0.0526
6  3  26.1 0.00370 0.00371 1.21000    760        628.1 0.0363
6  3  26.1 0.00390 0.00391 1.21000   1762       1456.2 0.0238
6  3  26.1 0.00410 0.00410 1.21000   4304       3557.0 0.0152
6  3  26.1 0.00430 0.00430 1.21000  10620       8776.9 0.0097
6  3  26.1 0.00450 0.00449 1.21000  24312      20092.6 0.0064
6  3  26.1 0.00470 0.00469 1.21000  56320      46545.5 0.0042
6  3  26.1 0.00490 0.00488 0.61205  71940     117538.9 0.0037
6  3  26.1 0.00510 0.00508 0.28815  71594     248460.5 0.0037
6  3  26.1 0.00530 0.00527 0.15829  74334     469611.7 0.0037
6  3  26.1 0.00550 0.00547 0.08858  71860     811228.0 0.0037
6  3  26.1 0.00570 0.00566 0.05480  71486    1304457.9 0.0037
6  3  26.1 0.00590 0.00586 0.03670  72288    1969551.8 0.0037
6  3  26.1 0.00610 0.00605 0.02753  71878    2610576.2 0.0037
6  3  26.1 0.00630 0.00635 0.02113  71888    3401401.3 0.0037
6  3  26.1 0.00650 0.00654 0.01898  72164    3802096.4 0.0037
6  3  26.1 0.00670 0.00674 0.01898  77172    4065952.3 0.0036
6  3  26.1 0.00690 0.00693 0.01698  72282    4257059.7 0.0037
6  3  26.1 0.00710 0.00713 0.01698  74126    4365662.4 0.0037
6  3  26.1 0.00730 0.00732 0.01698  75398    4440577.1 0.0036
6  3  26.1 0.00750 0.00752 0.01698  76352    4496763.0 0.0036
6  3  26.1 0.00770 0.00771 0.01698  76942    4531511.2 0.0036
6  3  26.1 0.00790 0.00791 0.01698  77358    4556011.6 0.0036
6  3  26.1 0.00810 0.00811 0.01698  77618    4571324.3 0.0036
6  3  26.1 0.00830 0.00830 0.01698  77776    4580629.7 0.0036
6  3  26.1 0.00850 0.00850 0.01698  77824    4583456.7 0.0036
6  3  26.1 0.00870 0.00869 0.01698  77774    4580511.9 0.0036
6  3  26.1 0.00890 0.00889 0.01698  77626    4571795.5 0.0036
6  3  26.1 0.00910 0.00908 0.01698  77358    4556011.6 0.0036
6  3  26.1 0.00930 0.00928 0.01698  76932    4530922.2 0.0036
6  3  26.1 0.00950 0.00947 0.01698  76352    4496763.0 0.0036
6  3  26.1 0.00970 0.00967 0.01698  75386    4439870.3 0.0036
6  3  26.1 0.00990 0.00986 0.01698  73964    4356121.4 0.0037
6  3  26.1 0.01010 0.01006 0.01698  71846    4231381.5 0.0037
6  3  26.1 0.01030 0.01025 0.01698  68878    4056580.6 0.0038
6  3  26.1 0.01050 0.01055 0.01698  61060    3596138.3 0.0040
6  3  26.1 0.01070 0.01074 0.01698  53664    3160549.7 0.0043
6  3  26.1 0.01090 0.01094 0.01698  44844    2641094.4 0.0047
6  3  26.1 0.01110 0.01113 0.01698  36788    2166635.0 0.0052
6  3  26.1 0.01130 0.01133 0.01698  29036    1710079.8 0.0059
6  3  26.1 0.01150 0.01152 0.01698  23970    1411716.9 0.0065
6  3  26.1 0.01170 0.01172 0.01698  20790    1224430.3 0.0069
6  3  26.1 0.01190 0.01191 0.01698  18786    1106404.4 0.0073
6  3  26.1 0.01210 0.01211 0.01698  17966    1058110.4 0.0075
6  3  26.1 0.01230 0.01230 0.01698  17420    1025953.6 0.0076
6  3  26.1 0.01250 0.01250 0.01698  17208    1013467.9 0.0076
6  3  26.1 0.01270 0.01270 0.01698  16950     998272.9 0.0077
6  3  26.1 0.01290 0.01289 0.01698  16920     996506.1 0.0077
6  3  26.1 0.01310 0.01309 0.01698  16870     993561.3 0.0077
6  3  26.1 0.01330 0.01328 0.01698  16934     997330.6 0.0077
6  3  26.1 0.01350 0.01348 0.01698  16916     996270.5 0.0077
6  3  26.1 0.01370 0.01367 0.01698  16932     997212.8 0.0077
6  3  26.1 0.01390 0.01387 0.01698  17116    1008049.5 0.0076
6  3  26.1 0.01410 0.01406 0.01698  17094    1006753.8 0.0076
6  3  26.1 0.01430 0.01426 0.01698  17116    1008049.5 0.0076
6  3  26.1 0.01450 0.01445 0.01698  16900     995328.2 0.0077
6  3  26.1 0.01470 0.01475 0.01698  16830     991205.5 0.0077
6  3  26.1 0.01490 0.01494 0.01698  16862     993090.1 0.0077
6  3  26.1 0.01510 0.01514 0.01698  16882     994268.0 0.0077
6  3  26.1 0.01530 0.01533 0.01698  16946     998037.3 0.0077
6  3  26.1 0.01550 0.01553 0.01698  16620     978837.5 0.0078
6  3  26.1 0.01570 0.01572 0.01698  16436     968000.8 0.0078
6  3  26.1 0.01590 0.01592 0.01698  16080     947034.1 0.0079
6  3  26.2 0.01610 0.01611 0.01698  15482     911814.8 0.0080
6  3  26.2 0.01630 0.01631 0.01698  14510     854568.7 0.0083
6  3  26.2 0.01650 0.01650 0.01698  13592     800503.0 0.0086
6  3  26.2 0.01670 0.01670 0.01698  12126     714162.7 0.0091
6  3  26.2 0.01690 0.01689 0.01698  10850     639012.5 0.0096
6  3  26.2 0.01710 0.01709 0.01698   9326     549256.2 0.0104
6  3  26.2 0.01730 0.01729 0.01698   7994     470807.9 0.0112
6  3  26.2 0.01750 0.01748 0.01698   6678     393301.9 0.0122
6  3  26.2 0.01770 0.01768 0.01698   5316     313086.7 0.0137
6  3  26.2 0.01790 0.01787 0.01698   4510     265617.2 0.0149
6  3  26.2 0.01810 0.01807 0.01698   3710     218501.0 0.0164
6  3  26.2 0.01830 0.01826 0.01698   3260     191998.2 0.0175
6  3  26.2 0.01850 0.01846 0.01698   2678     157721.2 0.0193
6  3  26.2 0.01870 0.01865 0.01698   2364     139228.2 0.0206
6  3  26.2 0.01890 0.01895 0.01776   2260     127232.6 0.0210
6  3  26.2 0.01910 0.01914 0.01872   2232     119209.5 0.0212
6  3  26.2 0.01930 0.01934 0.01981   2244     113269.9 0.0211
6  3  26.2 0.01950 0.01953 0.02008   2264     112736.6 0.0210
6  3  26.2 0.01970 0.01973 0.02103   2238     106426.5 0.0211
6  3  26.2 0.01990 0.01992 0.02136   2304     107888.6 0.0208
6  3  26.2 0.02010 0.02012 0.02136   2228     104329.7 0.0212
6  3  26.2 0.02030 0.02031 0.02136   2246     105172.6 0.0211
6  3  26.2 0.02050 0.02051 0.02368   2434     102793.9 0.0203
6  3  26.2 0.02070 0.02070 0.02368   2346      99077.4 0.0206
6  3  26.2 0.02090 0.02090 0.02368   2306      97388.1 0.0208
6  3  26.2 0.02110 0.02109 0.02402   2268      94403.8 0.0210
6  3  26.2 0.02130 0.02129 0.02402   2264      94237.3 0.0210
6  3  26.2 0.02150 0.02148 0.02550   2328      91281.9 0.0207
6  3  26.2 0.02170 0.02168 0.02560   2264      88452.9 0.0210
6  3  26.2 0.02190 0.02188 0.02647   2290      86510.8 0.0209
6  3  26.2 0.02210 0.02207 0.02647   2222      83941.9 0.0212
6  3  26.2 0.02230 0.02227 0.02676   2230      83334.2 0.0212
6  3  26.2 0.02250 0.02246 0.02807   2266      80716.1 0.0210
6  3  26.2 0.02270 0.02266 0.02985   2288      76657.6 0.0209
6  3  26.2 0.02290 0.02285 0.03045   2224      73037.8 0.0212
6  3  26.2 0.02310 0.02314 0.03275   2232      68154.3 0.0212
6  3  26.2 0.02330 0.02334 0.03465   2324      67067.3 0.0207
6  3  26.2 0.02350 0.02354 0.03558   2242      63020.8 0.0211
6  3  26.2 0.02370 0.02373 0.03774   2296      60838.2 0.0209
6  3  26.2 0.02390 0.02393 0.04113   2244      54563.3 0.0211
6  3  26.2 0.02410 0.02412 0.04463   2300      51530.6 0.0209
6  3  26.2 0.02430 0.02432 0.04754   2284      48040.0 0.0209
6  3  26.2 0.02450 0.02451 0.05422   2380      43892.7 0.0205
6  3  26.2 0.02470 0.02471 0.05994   2226      37135.8 0.0212
6  3  26.2 0.02490 0.02490 0.06966   2224      31926.1 0.0212
6  3  26.2 0.02510 0.02510 0.08172   2258      27629.4 0.0210
6  3  26.2 0.02530 0.02529 0.09193   2262      24604.8 0.0210
6  3  26.2 0.02550 0.02549 0.10774   2372      22015.9 0.0205
6  3  26.2 0.02570 0.02568 0.12500   2298      18383.8 0.0209
6  3  26.2 0.02590 0.02588 0.14028   2334      16638.3 0.0207
6  3  26.2 0.02610 0.02607 0.16678   2378      14258.0 0.0205
6  3  26.2 0.02630 0.02627 0.19005   2408      12670.5 0.0204
6  3  26.2 0.02650 0.02646 0.19908   2284      11472.5 0.0209
6  3  26.2 0.02670 0.02666 0.22127   2336      10557.2 0.0207
6  3  26.2 0.02690 0.02686 0.23039   2308      10017.6 0.0208
6  3  26.2 0.02710 0.02715 0.25847   2248       8697.4 0.0211
6  3  26.2 0.02730 0.02734 0.25847   2250       8705.2 0.0211
6  3  26.2 0.02750 0.02754 0.27427   2288       8342.3 0.0209
6  3  26.2 0.02770 0.02773 0.28214   2238       7932.3 0.0211
6  3  26.2 0.02790 0.02793 0.29528   2370       8026.3 0.0205
6  3  26.2 0.02810 0.02813 0.29528   2230       7552.1 0.0212
6  3  26.2 0.02830 0.02832 0.30509   2260       7407.6 0.0210
6  3  26.2 0.02850 0.02852 0.32718   2302       7035.9 0.0208
6  3  26.2 0.02870 0.02871 0.33379   2354       7052.4 0.0206
6  3  26.2 0.02890 0.02891 0.34593   2276       6579.3 0.0210
6  3  26.2 0.02910 0.02910 0.34593   2254       6515.7 0.0211
6  3  26.2 0.02930 0.02930 0.36020   2250       6246.6 0.0211
6  3  26.2 0.02950 0.02949 0.36815   2226       6046.4 0.0212
6  3  26.2 0.02970 0.02969 0.39215   2314       5900.8 0.0208
6  3  26.2 0.02990 0.02988 0.39215   2236       5701.9 0.0211
6  3  26.2 0.03010 0.03008 0.40378   2224       5507.9 0.0212
6  3  26.2 0.03030 0.03027 0.43981   2324       5284.1 0.0207
6  3  26.2 0.03050 0.03047 0.45453   2322       5108.5 0.0208
6  3  26.2 0.03070 0.03066 0.47595   2280       4790.4 0.0209
6  3  26.2 0.03090 0.03086 0.49359   2310       4680.0 0.0208
6  3  26.2 0.03110 0.03105 0.51769   2242       4330.8 0.0211
6  3  26.2 0.03130 0.03135 0.54005   2238       4144.1 0.0211
6  3  26.2 0.03150 0.03154 0.59701   2306       3862.6 0.0208
6  3  26.2 0.03170 0.03174 0.64837   2268       3498.0 0.0210
6  3  26.2 0.03190 0.03193 0.68679   2254       3281.9 0.0211
6  3  26.2 0.03210 0.03213 0.74641   2270       3041.2 0.0210
6  3  26.2 0.03230 0.03232 0.77902   2260       2901.1 0.0210
6  3  26.2 0.03250 0.03252 0.85608   2226       2600.2 0.0212
6  3  26.2 0.03270 0.03271 0.97951   2254       2301.2 0.0211
6  3  26.2 0.03290 0.03291 1.10706   2404       2171.5 0.0204
6  3  26.2 0.03310 0.03311 1.19179   2254       1891.3 0.0211
6  3  26.2 0.03330 0.03330 1.21000   1996       1649.6 0.0224
6  3  26.2 0.03350 0.03350 1.21000   1854       1532.2 0.0232
6  3  26.2 0.03370 0.03369 1.21000   1634       1350.4 0.0247
6  3  26.2 0.03390 0.03389 1.21000   1422       1175.2 0.0265
6  3  26.2 0.03410 0.03408 1.21000   1378       1138.8 0.0269
6  3  26.2 0.03430 0.03428 1.21000   1206        996.7 0.0288
6  3  26.2 0.03450 0.03447 1.21000   1164        962.0 0.0293
6  3  26.2 0.03470 0.03467 1.21000   1096        905.8 0.0302
6  3  26.2 0.03490 0.03486 1.21000   1046        864.5 0.0309
6  3  26.2 0.03510 0.03506 1.21000    986        814.9 0.0318
6  3  26.2 0.03530 0.03525 1.21000    962        795.0 0.0322
6  3  26.2 0.03550 0.03555 1.21000    908        750.4 0.0332
6  3  26.2 0.03570 0.03574 1.21000    918        758.7 0.0330
6  3  26.2 0.03590 0.03594 1.21000    822        679.3 0.0349
6  3  26.2 0.03610 0.03613 1.21000    830        686.0 0.0347
6  3  26.2 0.03630 0.03633 1.21000    802        662.8 0.0353
6  3  26.2 0.03650 0.03652 1.21000    802        662.8 0.0353
6  3  26.2 0.03670 0.03672 1.21000    800        661.2 0.0354
6  3  26.2 0.03690 0.03691 1.21000    786        649.6 0.0357
6  3  26.2 0.03710 0.03711 1.21000    684        565.3 0.0382
6  3  26.2 0.03730 0.03730 1.21000    730        603.3 0.0370
6  3  26.2 0.03750 0.03750 1.21000    682        563.6 0.0383
6  3  26.2 0.03770 0.03770 1.21000    726        600.0 0.0371
6  3  26.2 0.03790 0.03789 1.21000    636        525.6 0.0397
6  3  26.2 0.03810 0.03809 1.21000    686        566.9 0.0382
6  3  26.2 0.03830 0.03828 1.21000    658        543.8 0.0390
6  3  26.2 0.03850 0.03848 1.21000    614        507.4 0.0404
6  3  26.2 0.03870 0.03867 1.21000    592        489.3 0.0411
6  3  26.2 0.03890 0.03887 1.21000    588        486.0 0.0412
6  3  26.2 0.03910 0.03906 1.21000    498        411.6 0.0448
6  3  26.2 0.03930 0.03926 1.21000    530        438.0 0.0434
6  3  26.2 0.03950 0.03945 1.21000    490        405.0 0.0452
6  3  26.2 0.03970 0.03975 1.21000    522        431.4 0.0438
6  3  26.2 0.03990 0.03994 1.21000    456        376.9 0.0468
