# Scan Time    : Fri, 18 Mar 2022 08:38:32 +0000 (GMT) +  4202000 nsec
# Board Lane   : 6
# Board Loc    : BTOF - Southwest
# SiPM Biases  :  56.723  56.811  56.915  57.265
# SiPM Currents:   0.995   1.435   1.064   1.448
#
2 -1  25.8 0.00010 0.00010 1.20000   3986       3321.7 0.0158
2 -1  25.8 0.00030 0.00029 1.20000   8594       7161.7 0.0108
2 -1  25.8 0.00050 0.00049 1.20000  20544      17120.0 0.0070
2 -1  25.8 0.00070 0.00068 1.20000  47368      39473.3 0.0046
2 -1  25.8 0.00090 0.00088 0.85538  72332      84561.5 0.0037
2 -1  25.8 0.00110 0.00107 0.41127  72034     175148.6 0.0037
2 -1  25.8 0.00130 0.00127 0.19926  71532     358995.9 0.0037
2 -1  25.8 0.00150 0.00146 0.10946  74754     682958.5 0.0037
2 -1  25.8 0.00170 0.00166 0.06013  79058    1314850.9 0.0036
2 -1  25.8 0.00190 0.00186 0.03303  74142    2244738.6 0.0037
2 -1  25.8 0.00210 0.00215 0.01814  78276    4314206.2 0.0036
2 -1  25.8 0.00230 0.00234 0.01218  71066    5833784.2 0.0038
2 -1  25.8 0.00250 0.00254 0.00967  72608    7506419.3 0.0037
2 -1  25.8 0.00270 0.00273 0.00807  71742    8894499.0 0.0037
2 -1  25.8 0.00290 0.00293 0.00712  71782   10080119.6 0.0037
2 -1  25.8 0.00310 0.00313 0.00712  78104   10967898.1 0.0036
2 -1  25.8 0.00330 0.00332 0.00618  73264   11854901.3 0.0037
2 -1  25.8 0.00350 0.00352 0.00618  76568   12389524.0 0.0036
2 -1  25.8 0.00370 0.00371 0.00618  78890   12765248.5 0.0036
2 -1  25.8 0.00390 0.00391 0.00550  72240   13132174.8 0.0037
2 -1  25.8 0.00410 0.00410 0.00550  73418   13346318.0 0.0037
2 -1  25.8 0.00430 0.00430 0.00550  74366   13518650.5 0.0037
2 -1  25.8 0.00450 0.00449 0.00550  74900   13615723.9 0.0037
2 -1  25.8 0.00470 0.00469 0.00550  75186   13667714.5 0.0036
2 -1  25.8 0.00490 0.00488 0.00550  75084   13649172.4 0.0036
2 -1  25.8 0.00510 0.00508 0.00550  74724   13583729.7 0.0037
2 -1  25.8 0.00530 0.00527 0.00550  73944   13441937.1 0.0037
2 -1  25.8 0.00550 0.00547 0.00550  72638   13204525.4 0.0037
2 -1  25.8 0.00570 0.00566 0.00550  70846   12878766.0 0.0038
2 -1  25.8 0.00590 0.00586 0.00550  67922   12347225.6 0.0038
2 -1  25.8 0.00610 0.00605 0.00550  64404   11707704.7 0.0039
2 -1  25.8 0.00630 0.00635 0.00550  56228   10221427.5 0.0042
2 -1  25.8 0.00650 0.00654 0.00550  50090    9105629.0 0.0045
2 -1  25.8 0.00670 0.00674 0.00550  43232    7858944.9 0.0048
2 -1  25.8 0.00690 0.00693 0.00550  37428    6803862.7 0.0052
2 -1  25.8 0.00710 0.00713 0.00550  33128    6022185.6 0.0055
2 -1  25.8 0.00730 0.00732 0.00550  29974    5448834.6 0.0058
2 -1  25.8 0.00750 0.00752 0.00550  27614    5019821.1 0.0060
2 -1  25.8 0.00770 0.00771 0.00550  26886    4887481.3 0.0061
2 -1  25.8 0.00790 0.00791 0.00550  26026    4731145.9 0.0062
2 -1  25.8 0.00810 0.00811 0.00550  25614    4656250.4 0.0062
2 -1  25.8 0.00830 0.00830 0.00550  25424    4621711.1 0.0063
2 -1  25.8 0.00850 0.00850 0.00550  25246    4589353.3 0.0063
2 -1  25.8 0.00870 0.00869 0.00550  25046    4552996.3 0.0063
2 -1  25.8 0.00890 0.00889 0.00550  25286    4596624.8 0.0063
2 -1  25.8 0.00910 0.00908 0.00550  25058    4555177.7 0.0063
2 -1  25.8 0.00930 0.00928 0.00550  24870    4521002.0 0.0063
2 -1  25.8 0.00950 0.00947 0.00550  24878    4522456.3 0.0063
2 -1  25.8 0.00970 0.00967 0.00550  24950    4535544.9 0.0063
2 -1  25.8 0.00990 0.00986 0.00550  24818    4511549.2 0.0063
2 -1  25.8 0.01010 0.01006 0.00550  24912    4528637.0 0.0063
2 -1  25.8 0.01030 0.01025 0.00550  24720    4493734.2 0.0064
2 -1  25.8 0.01050 0.01055 0.00550  24746    4498460.7 0.0064
2 -1  25.8 0.01070 0.01074 0.00550  24546    4462103.6 0.0064
2 -1  25.8 0.01090 0.01094 0.00550  24536    4460285.7 0.0064
2 -1  25.8 0.01110 0.01113 0.00550  24368    4429745.8 0.0064
2 -1  25.8 0.01130 0.01133 0.00550  24160    4391934.4 0.0064
2 -1  25.8 0.01150 0.01152 0.00550  23872    4339580.3 0.0065
2 -1  25.8 0.01170 0.01172 0.00550  23642    4297769.6 0.0065
2 -1  25.8 0.01190 0.01191 0.00550  22876    4158522.0 0.0066
2 -1  25.8 0.01210 0.01211 0.00550  21904    3981826.7 0.0068
2 -1  25.8 0.01230 0.01230 0.00550  20572    3739688.5 0.0070
2 -1  25.8 0.01250 0.01250 0.00550  19238    3497186.9 0.0072
2 -1  25.8 0.01270 0.01270 0.00550  17656    3209602.4 0.0075
2 -1  25.8 0.01290 0.01289 0.00550  16114    2929289.4 0.0079
2 -1  25.8 0.01310 0.01309 0.00550  14278    2595531.5 0.0084
2 -1  25.8 0.01330 0.01328 0.00550  12702    2309037.7 0.0089
2 -1  25.8 0.01350 0.01348 0.00550  10818    1966554.1 0.0096
2 -1  25.8 0.01370 0.01367 0.00550   9844    1789495.1 0.0101
2 -1  25.8 0.01390 0.01387 0.00550   8490    1543357.8 0.0109
2 -1  25.8 0.01410 0.01406 0.00550   7678    1395748.0 0.0114
2 -1  25.8 0.01430 0.01426 0.00550   6860    1247047.6 0.0121
2 -1  25.8 0.01450 0.01445 0.00550   6348    1153973.5 0.0126
2 -1  25.8 0.01470 0.01475 0.00550   5742    1043811.6 0.0132
2 -1  25.8 0.01490 0.01494 0.00550   5382     978368.8 0.0136
2 -1  25.8 0.01510 0.01514 0.00550   5296     962735.3 0.0137
2 -1  25.8 0.01530 0.01533 0.00550   4990     907109.0 0.0142
2 -1  25.8 0.01550 0.01553 0.00550   4976     904564.0 0.0142
2 -1  25.8 0.01570 0.01572 0.00550   4700     854391.2 0.0146
2 -1  25.8 0.01590 0.01592 0.00550   4652     845665.5 0.0147
2 -1  25.8 0.01610 0.01611 0.00550   4414     802400.6 0.0151
2 -1  25.8 0.01630 0.01631 0.00550   4406     800946.3 0.0151
2 -1  25.8 0.01650 0.01650 0.00550   4252     772951.4 0.0153
2 -1  25.8 0.01670 0.01670 0.00550   4000     727141.5 0.0158
2 -1  25.8 0.01690 0.01689 0.00550   4132     751137.1 0.0156
2 -1  25.8 0.01710 0.01709 0.00550   3880     705327.2 0.0161
2 -1  25.8 0.01730 0.01729 0.00550   3876     704600.1 0.0161
2 -1  25.8 0.01750 0.01748 0.00550   3644     662425.9 0.0166
2 -1  25.8 0.01770 0.01768 0.00550   3606     655518.0 0.0167
2 -1  25.8 0.01790 0.01787 0.00550   3406     619161.0 0.0171
2 -1  25.8 0.01810 0.01807 0.00550   3428     623160.2 0.0171
2 -1  25.8 0.01830 0.01826 0.00550   3290     598073.9 0.0174
2 -1  25.8 0.01850 0.01846 0.00550   3136     570078.9 0.0179
2 -1  25.8 0.01870 0.01865 0.00550   3032     551173.2 0.0182
2 -1  25.8 0.01890 0.01895 0.00550   2824     513361.9 0.0188
2 -1  25.8 0.01910 0.01914 0.00550   2672     485730.5 0.0193
2 -1  25.8 0.01930 0.01934 0.00550   2568     466824.8 0.0197
2 -1  25.8 0.01950 0.01953 0.00550   2452     445737.7 0.0202
2 -1  25.8 0.01970 0.01973 0.00550   2232     405744.9 0.0212
2 -1  25.8 0.01990 0.01992 0.00612   2376     388177.3 0.0205
2 -1  25.8 0.02010 0.02012 0.00660   2394     362954.7 0.0204
2 -1  25.8 0.02030 0.02031 0.00700   2324     332113.6 0.0207
2 -1  25.8 0.02050 0.02051 0.00771   2274     294840.7 0.0210
2 -1  25.8 0.02070 0.02070 0.00840   2236     266167.4 0.0211
2 -1  25.8 0.02090 0.02090 0.00942   2258     239754.4 0.0210
2 -1  25.8 0.02110 0.02109 0.01043   2272     217790.0 0.0210
2 -1  25.8 0.02130 0.02129 0.01157   2268     196073.0 0.0210
2 -1  25.8 0.02150 0.02148 0.01300   2236     171974.3 0.0211
2 -1  25.8 0.02170 0.02168 0.01568   2400     153020.1 0.0204
2 -1  25.8 0.02190 0.02188 0.01568   2222     141671.1 0.0212
2 -1  25.8 0.02210 0.02207 0.01639   2240     136648.4 0.0211
2 -1  25.8 0.02230 0.02227 0.01766   2254     127601.2 0.0211
2 -1  25.8 0.02250 0.02246 0.01953   2386     122186.6 0.0205
2 -1  25.8 0.02270 0.02266 0.01981   2230     112558.3 0.0212
2 -1  25.8 0.02290 0.02285 0.02135   2290     107263.7 0.0209
2 -1  25.8 0.02310 0.02314 0.02231   2292     102719.1 0.0209
2 -1  25.8 0.02330 0.02334 0.02375   2228      93829.2 0.0212
2 -1  25.8 0.02350 0.02354 0.02520   2348      93176.5 0.0206
2 -1  25.8 0.02370 0.02373 0.02520   2248      89208.1 0.0211
2 -1  25.8 0.02390 0.02393 0.02608   2230      85492.9 0.0212
2 -1  25.8 0.02410 0.02412 0.02809   2274      80949.1 0.0210
2 -1  25.8 0.02430 0.02432 0.02881   2246      77949.1 0.0211
2 -1  25.8 0.02450 0.02451 0.02992   2246      75072.4 0.0211
2 -1  25.8 0.02470 0.02471 0.02992   2236      74738.2 0.0211
2 -1  25.8 0.02490 0.02490 0.03625   2314      63839.5 0.0208
2 -1  25.8 0.02510 0.02510 0.03738   2382      63719.3 0.0205
2 -1  25.8 0.02530 0.02529 0.03738   2230      59653.3 0.0212
2 -1  25.8 0.02550 0.02549 0.04006   2266      56568.5 0.0210
2 -1  25.8 0.02570 0.02568 0.04198   2228      53066.6 0.0212
2 -1  25.8 0.02590 0.02588 0.04390   2282      51986.2 0.0209
2 -1  25.8 0.02610 0.02607 0.04390   2412      54947.7 0.0204
2 -1  25.8 0.02630 0.02627 0.04390   2274      51804.0 0.0210
2 -1  25.8 0.02650 0.02646 0.04726   2312      48924.5 0.0208
2 -1  25.8 0.02670 0.02666 0.05005   2262      45195.2 0.0210
2 -1  25.8 0.02690 0.02686 0.05367   2312      43075.8 0.0208
2 -1  25.8 0.02710 0.02715 0.05756   2262      39299.2 0.0210
2 -1  25.8 0.02730 0.02734 0.06204   2232      35977.8 0.0212
2 -1  25.8 0.02750 0.02754 0.06517   2342      35936.8 0.0207
2 -1  25.8 0.02770 0.02773 0.06969   2242      32172.9 0.0211
2 -1  25.8 0.02790 0.02793 0.07852   2234      28451.2 0.0212
2 -1  25.8 0.02810 0.02813 0.08856   2266      25585.8 0.0210
2 -1  25.8 0.02830 0.02832 0.09270   2264      24424.1 0.0210
2 -1  25.8 0.02850 0.02852 0.10371   2284      22022.8 0.0209
2 -1  25.8 0.02870 0.02871 0.11358   2238      19704.0 0.0211
2 -1  25.9 0.02890 0.02891 0.12347   2308      18692.5 0.0208
2 -1  25.9 0.02910 0.02910 0.13154   2306      17530.3 0.0208
2 -1  25.9 0.02930 0.02930 0.14443   2276      15758.6 0.0210
2 -1  25.9 0.02950 0.02949 0.15152   2238      14770.2 0.0211
2 -1  25.8 0.02970 0.02969 0.17301   2328      13455.8 0.0207
2 -1  25.8 0.02990 0.02988 0.18482   2282      12347.0 0.0209
2 -1  25.8 0.03010 0.03008 0.19612   2278      11615.3 0.0210
2 -1  25.8 0.03030 0.03027 0.21042   2338      11111.1 0.0207
2 -1  25.9 0.03050 0.03047 0.21642   2260      10442.8 0.0210
2 -1  25.9 0.03070 0.03066 0.21642   2250      10396.6 0.0211
2 -1  25.9 0.03090 0.03086 0.21740   2240      10303.8 0.0211
2 -1  25.9 0.03110 0.03105 0.24032   2266       9428.9 0.0210
2 -1  25.9 0.03130 0.03135 0.24563   2296       9347.4 0.0209
2 -1  25.9 0.03150 0.03154 0.26676   2392       8966.8 0.0204
2 -1  25.9 0.03170 0.03174 0.26676   2222       8329.6 0.0212
2 -1  25.9 0.03190 0.03193 0.27819   2272       8167.0 0.0210
2 -1  25.9 0.03210 0.03213 0.29324   2238       7632.1 0.0211
2 -1  25.9 0.03230 0.03232 0.30362   2276       7496.2 0.0210
2 -1  25.9 0.03250 0.03252 0.32750   2248       6864.2 0.0211
2 -1  25.9 0.03270 0.03271 0.33592   2274       6769.4 0.0210
2 -1  25.9 0.03290 0.03291 0.34803   2246       6453.5 0.0211
2 -1  25.9 0.03310 0.03311 0.35342   2236       6326.8 0.0211
2 -1  25.9 0.03330 0.03330 0.38270   2374       6203.3 0.0205
2 -1  25.9 0.03350 0.03350 0.38270   2230       5827.1 0.0212
2 -1  25.9 0.03370 0.03369 0.44105   2372       5378.0 0.0205
2 -1  25.9 0.03390 0.03389 0.44105   2250       5101.4 0.0211
2 -1  25.9 0.03410 0.03408 0.45625   2272       4979.7 0.0210
2 -1  25.9 0.03430 0.03428 0.48506   2284       4708.7 0.0209
2 -1  25.9 0.03450 0.03447 0.54435   2536       4658.8 0.0199
2 -1  25.9 0.03470 0.03467 0.54435   2230       4096.6 0.0212
2 -1  25.9 0.03490 0.03486 0.56627   2258       3987.5 0.0210
2 -1  25.9 0.03510 0.03506 0.58878   2258       3835.1 0.0210
2 -1  25.9 0.03530 0.03525 0.64320   2316       3600.8 0.0208
2 -1  25.9 0.03550 0.03555 0.67542   2230       3301.7 0.0212
2 -1  25.9 0.03570 0.03574 0.71945   2234       3105.1 0.0212
2 -1  25.9 0.03590 0.03594 0.78364   2254       2876.3 0.0211
2 -1  25.9 0.03610 0.03613 0.85276   2336       2739.3 0.0207
2 -1  25.9 0.03630 0.03633 0.85276   2222       2605.6 0.0212
2 -1  25.9 0.03650 0.03652 0.95123   2222       2335.9 0.0212
2 -1  25.9 0.03670 0.03672 1.02268   2224       2174.7 0.0212
2 -1  25.9 0.03690 0.03691 1.02268   2258       2207.9 0.0210
2 -1  25.9 0.03710 0.03711 1.15021   2224       1933.6 0.0212
2 -1  25.9 0.03730 0.03730 1.21000   2102       1737.2 0.0218
2 -1  25.9 0.03750 0.03750 1.21000   2114       1747.1 0.0217
2 -1  25.9 0.03770 0.03770 1.21000   1906       1575.2 0.0229
2 -1  25.9 0.03790 0.03789 1.21000   1860       1537.2 0.0232
2 -1  25.9 0.03810 0.03809 1.21000   1754       1449.6 0.0239
2 -1  25.9 0.03830 0.03828 1.21000   1742       1439.7 0.0240
2 -1  25.9 0.03850 0.03848 1.21000   1632       1348.8 0.0248
2 -1  25.9 0.03870 0.03867 1.21000   1598       1320.7 0.0250
2 -1  25.9 0.03890 0.03887 1.21000   1544       1276.0 0.0254
2 -1  25.9 0.03910 0.03906 1.21000   1458       1205.0 0.0262
2 -1  25.9 0.03930 0.03926 1.21000   1438       1188.4 0.0264
2 -1  25.9 0.03950 0.03945 1.21000   1328       1097.5 0.0274
2 -1  25.9 0.03970 0.03975 1.21000   1280       1057.9 0.0280
2 -1  25.9 0.03990 0.03994 1.21000   1250       1033.1 0.0283
2  0  25.9 0.00010 0.00010 1.21000   4046       3343.8 0.0157
2  0  25.9 0.00030 0.00029 1.21000   9070       7495.9 0.0105
2  0  25.9 0.00050 0.00049 1.21000  20992      17348.8 0.0069
2  0  25.9 0.00070 0.00068 1.21000  47750      39462.8 0.0046
2  0  25.9 0.00090 0.00088 0.71546  71562     100022.5 0.0037
2  0  25.9 0.00110 0.00107 0.34377  72580     211127.3 0.0037
2  0  25.9 0.00130 0.00127 0.18884  77248     409058.5 0.0036
2  0  25.9 0.00150 0.00146 0.10374  76134     733918.1 0.0036
2  0  25.9 0.00170 0.00166 0.05698  72294    1268650.6 0.0037
2  0  25.9 0.00190 0.00186 0.03816  72498    1899722.8 0.0037
2  0  25.9 0.00210 0.00215 0.02520  72266    2867344.6 0.0037
2  0  25.9 0.00230 0.00234 0.02139  72152    3373834.9 0.0037
2  0  25.9 0.00250 0.00254 0.01910  71996    3769777.1 0.0037
2  0  25.9 0.00270 0.00273 0.01910  77378    4051583.6 0.0036
2  0  25.9 0.00290 0.00293 0.01702  71778    4216569.4 0.0037
2  0  25.9 0.00310 0.00313 0.01702  73858    4338758.2 0.0037
2  0  25.9 0.00330 0.00332 0.01702  75220    4418768.3 0.0036
2  0  25.9 0.00350 0.00352 0.01702  76106    4470816.0 0.0036
2  0  25.9 0.00370 0.00371 0.01702  76718    4506767.7 0.0036
2  0  25.9 0.00390 0.00391 0.01702  77092    4528738.2 0.0036
2  0  25.9 0.00410 0.00410 0.01702  77362    4544599.2 0.0036
2  0  25.9 0.00430 0.00430 0.01702  77526    4554233.3 0.0036
2  0  25.9 0.00450 0.00449 0.01702  77584    4557640.5 0.0036
2  0  25.9 0.00470 0.00469 0.01702  77540    4555055.7 0.0036
2  0  25.9 0.00490 0.00488 0.01702  77376    4545421.6 0.0036
2  0  25.9 0.00510 0.00508 0.01702  77110    4529795.6 0.0036
2  0  25.9 0.00530 0.00527 0.01702  76656    4503125.5 0.0036
2  0  25.9 0.00550 0.00547 0.01702  76028    4466233.9 0.0036
2  0  25.9 0.00570 0.00566 0.01702  75060    4409369.2 0.0037
2  0  25.9 0.00590 0.00586 0.01702  73638    4325834.3 0.0037
2  0  25.9 0.00610 0.00605 0.01702  71502    4200355.9 0.0037
2  0  25.9 0.00630 0.00635 0.01702  66256    3892181.8 0.0039
2  0  25.9 0.00650 0.00654 0.01702  60844    3574256.0 0.0041
2  0  25.9 0.00670 0.00674 0.01702  53498    3142718.2 0.0043
2  0  25.9 0.00690 0.00693 0.01702  45200    2655255.6 0.0047
2  0  25.9 0.00710 0.00713 0.01702  36784    2160861.1 0.0052
2  0  25.9 0.00730 0.00732 0.01702  29430    1728853.4 0.0058
2  0  25.9 0.00750 0.00752 0.01702  24288    1426788.7 0.0064
2  0  25.9 0.00770 0.00771 0.01702  21056    1236926.2 0.0069
2  0  25.9 0.00790 0.00791 0.01702  19092    1121551.8 0.0072
2  0  25.9 0.00810 0.00811 0.01702  18146    1065979.4 0.0074
2  0  26.0 0.00830 0.00830 0.01702  17794    1045301.3 0.0075
2  0  26.0 0.00850 0.00850 0.01702  17548    1030850.1 0.0075
2  0  26.0 0.00870 0.00869 0.01702  17570    1032142.5 0.0075
2  0  26.0 0.00890 0.00889 0.01702  17284    1015341.5 0.0076
2  0  26.0 0.00910 0.00908 0.01702  17208    1010877.0 0.0076
2  0  26.0 0.00930 0.00928 0.01702  17326    1017808.8 0.0076
2  0  26.0 0.00950 0.00947 0.01702  17326    1017808.8 0.0076
2  0  26.0 0.00970 0.00967 0.01702  17292    1015811.5 0.0076
2  0  26.0 0.00990 0.00986 0.01702  17384    1021216.0 0.0076
2  0  26.0 0.01010 0.01006 0.01702  17230    1012169.3 0.0076
2  0  26.0 0.01030 0.01025 0.01702  17116    1005472.5 0.0076
2  0  26.0 0.01050 0.01055 0.01702  17148    1007352.3 0.0076
2  0  26.0 0.01070 0.01074 0.01702  17270    1014519.1 0.0076
2  0  26.0 0.01090 0.01094 0.01702  16984     997718.2 0.0077
2  0  26.0 0.01110 0.01113 0.01702  17000     998658.1 0.0077
2  0  26.0 0.01130 0.01133 0.01702  16682     979977.3 0.0077
2  0  26.0 0.01150 0.01152 0.01702  16372     961766.5 0.0078
2  0  26.0 0.01170 0.01172 0.01702  15820     929339.5 0.0080
2  0  26.0 0.01190 0.01191 0.01702  15058     884576.1 0.0081
2  0  26.0 0.01210 0.01211 0.01702  13982     821366.9 0.0085
2  0  26.0 0.01230 0.01230 0.01702  12780     750755.9 0.0088
2  0  26.0 0.01250 0.01250 0.01702  11506     675915.3 0.0093
2  0  26.0 0.01270 0.01270 0.01702   9988     586741.0 0.0100
2  0  26.0 0.01290 0.01289 0.01702   8530     501091.4 0.0108
2  0  26.0 0.01310 0.01309 0.01702   7274     427308.2 0.0117
2  0  26.0 0.01330 0.01328 0.01702   6118     359399.4 0.0128
2  0  26.0 0.01350 0.01348 0.01702   5154     302769.6 0.0139
2  0  26.0 0.01370 0.01367 0.01702   4212     247432.2 0.0154
2  0  26.0 0.01390 0.01387 0.01702   3716     218294.9 0.0164
2  0  26.0 0.01410 0.01406 0.01702   3210     188570.1 0.0177
2  0  26.0 0.01430 0.01426 0.01702   2908     170829.3 0.0185
2  0  26.0 0.01450 0.01445 0.01702   2710     159197.8 0.0192
2  0  26.0 0.01470 0.01475 0.01702   2460     144511.7 0.0202
2  0  26.0 0.01490 0.01494 0.01702   2324     136522.4 0.0207
2  0  26.0 0.01510 0.01514 0.01702   2354     138284.8 0.0206
2  0  26.0 0.01530 0.01533 0.01702   2300     135112.6 0.0209
2  0  26.0 0.01550 0.01553 0.01702   2282     134055.2 0.0209
2  0  26.0 0.01570 0.01572 0.01733   2276     131295.8 0.0210
2  0  26.0 0.01590 0.01592 0.01738   2248     129330.4 0.0211
2  0  26.0 0.01610 0.01611 0.01794   2294     127862.2 0.0209
2  0  26.0 0.01630 0.01631 0.01875   2310     123191.3 0.0208
2  0  26.0 0.01650 0.01650 0.01903   2342     123099.1 0.0207
2  0  26.0 0.01670 0.01670 0.01903   2284     120050.5 0.0209
2  0  26.0 0.01690 0.01689 0.01937   2238     115515.1 0.0211
2  0  26.0 0.01710 0.01709 0.01997   2340     117192.4 0.0207
2  0  26.0 0.01730 0.01729 0.01997   2288     114588.1 0.0209
2  0  26.0 0.01750 0.01748 0.02015   2288     113559.4 0.0209
2  0  26.0 0.01770 0.01768 0.02044   2250     110065.1 0.0211
2  0  26.0 0.01790 0.01787 0.02078   2252     108378.1 0.0211
2  0  26.0 0.01810 0.01807 0.02130   2242     105274.7 0.0211
2  0  26.0 0.01830 0.01826 0.02234   2252     100794.9 0.0211
2  0  26.0 0.01850 0.01846 0.02387   2356      98710.8 0.0206
2  0  26.0 0.01870 0.01865 0.02387   2326      97453.9 0.0207
2  0  26.0 0.01890 0.01895 0.02578   2262      87738.6 0.0210
2  0  26.0 0.01910 0.01914 0.02719   2222      81718.5 0.0212
2  0  26.0 0.01930 0.01934 0.03012   2346      77891.7 0.0206
2  0  26.0 0.01950 0.01953 0.03132   2266      72350.0 0.0210
2  0  26.0 0.01970 0.01973 0.03418   2344      68575.6 0.0207
2  0  26.0 0.01990 0.01992 0.03797   2264      59623.5 0.0210
2  0  26.0 0.02010 0.02012 0.04210   2242      53251.3 0.0211
2  0  26.0 0.02030 0.02031 0.04788   2288      47789.4 0.0209
2  0  26.0 0.02050 0.02051 0.05599   2274      40614.0 0.0210
2  0  26.0 0.02070 0.02070 0.06214   2320      37333.0 0.0208
2  0  26.0 0.02090 0.02090 0.07254   2278      31403.5 0.0210
2  0  26.0 0.02110 0.02109 0.08219   2278      27717.0 0.0210
2  0  26.0 0.02130 0.02129 0.09139   2244      24555.0 0.0211
2  0  26.0 0.02150 0.02148 0.10346   2240      21649.9 0.0211
2  0  26.0 0.02170 0.02168 0.11506   2300      19988.8 0.0209
2  0  26.0 0.02190 0.02188 0.11506   2226      19345.7 0.0212
2  0  26.0 0.02210 0.02207 0.12917   2232      17279.8 0.0212
2  0  26.0 0.02230 0.02227 0.13680   2374      17353.5 0.0205
2  0  26.0 0.02250 0.02246 0.14352   2284      15914.2 0.0209
2  0  26.0 0.02270 0.02266 0.14764   2330      15781.7 0.0207
2  0  26.0 0.02290 0.02285 0.14764   2222      15050.2 0.0212
2  0  26.0 0.02310 0.02314 0.15824   2308      14585.9 0.0208
2  0  26.0 0.02330 0.02334 0.15824   2252      14232.0 0.0211
2  0  26.0 0.02350 0.02354 0.16727   2280      13630.8 0.0209
2  0  26.0 0.02370 0.02373 0.17465   2368      13558.5 0.0205
2  0  26.0 0.02390 0.02393 0.17465   2304      13192.1 0.0208
2  0  26.0 0.02410 0.02412 0.18375   2386      12985.3 0.0205
2  0  26.0 0.02430 0.02432 0.18375   2332      12691.4 0.0207
2  0  26.0 0.02450 0.02451 0.18375   2298      12506.3 0.0209
2  0  26.0 0.02470 0.02471 0.19591   2296      11719.4 0.0209
2  0  26.0 0.02490 0.02490 0.19591   2246      11464.2 0.0211
2  0  26.0 0.02510 0.02510 0.19896   2234      11228.5 0.0212
2  0  26.0 0.02530 0.02529 0.20242   2232      11026.6 0.0212
2  0  26.0 0.02550 0.02549 0.21057   2268      10770.7 0.0210
2  0  26.0 0.02570 0.02568 0.22536   2270      10072.7 0.0210
2  0  26.0 0.02590 0.02588 0.22824   2254       9875.6 0.0211
2  0  26.0 0.02610 0.02607 0.23328   2254       9662.3 0.0211
2  0  26.0 0.02630 0.02627 0.23328   2222       9525.1 0.0212
2  0  26.0 0.02650 0.02646 0.25585   2242       8763.1 0.0211
2  0  26.0 0.02670 0.02666 0.27436   2330       8492.3 0.0207
2  0  26.0 0.02690 0.02686 0.29086   2272       7811.4 0.0210
2  0  26.0 0.02710 0.02715 0.32384   2378       7343.1 0.0205
2  0  26.0 0.02730 0.02734 0.33581   2276       6777.6 0.0210
2  0  26.0 0.02750 0.02754 0.38622   2342       6063.9 0.0207
2  0  26.0 0.02770 0.02773 0.40328   2324       5762.7 0.0207
2  0  26.0 0.02790 0.02793 0.45591   2258       4952.8 0.0210
2  0  26.0 0.02810 0.02813 0.50509   2262       4478.4 0.0210
2  0  26.0 0.02830 0.02832 0.55286   2232       4037.2 0.0212
2  0  26.0 0.02850 0.02852 0.62422   2346       3758.3 0.0206
2  0  26.0 0.02870 0.02871 0.71210   2338       3283.2 0.0207
2  0  26.0 0.02890 0.02891 0.76851   2234       2906.9 0.0212
2  0  26.0 0.02910 0.02910 0.84135   2232       2652.9 0.0212
2  0  26.0 0.02930 0.02930 0.91819   2340       2548.5 0.0207
2  0  26.0 0.02950 0.02949 0.97711   2414       2470.5 0.0204
2  0  26.0 0.02970 0.02969 1.03290   2246       2174.5 0.0211
2  0  26.0 0.02990 0.02988 1.05862   2234       2110.3 0.0212
2  0  26.0 0.03010 0.03008 1.13198   2296       2028.3 0.0209
2  0  26.0 0.03030 0.03027 1.13198   2286       2019.5 0.0209
2  0  26.0 0.03050 0.03047 1.18533   2242       1891.5 0.0211
2  0  26.0 0.03070 0.03066 1.21000   2174       1796.7 0.0214
2  0  26.0 0.03090 0.03086 1.21000   2180       1801.7 0.0214
2  0  26.1 0.03110 0.03105 1.21000   2060       1702.5 0.0220
2  0  26.1 0.03130 0.03135 1.21000   1998       1651.2 0.0224
2  0  26.1 0.03150 0.03154 1.21000   1998       1651.2 0.0224
2  0  26.1 0.03170 0.03174 1.21000   1986       1641.3 0.0224
2  0  26.1 0.03190 0.03193 1.21000   1860       1537.2 0.0232
2  0  26.1 0.03210 0.03213 1.21000   1800       1487.6 0.0236
2  0  26.1 0.03230 0.03232 1.21000   1878       1552.1 0.0231
2  0  26.1 0.03250 0.03252 1.21000   1752       1447.9 0.0239
2  0  26.1 0.03270 0.03271 1.21000   1698       1403.3 0.0243
2  0  26.1 0.03290 0.03291 1.21000   1678       1386.8 0.0244
2  0  26.1 0.03310 0.03311 1.21000   1602       1324.0 0.0250
2  0  26.1 0.03330 0.03330 1.21000   1552       1282.6 0.0254
2  0  26.1 0.03350 0.03350 1.21000   1492       1233.1 0.0259
2  0  26.1 0.03370 0.03369 1.21000   1446       1195.0 0.0263
2  0  26.1 0.03390 0.03389 1.21000   1408       1163.6 0.0267
2  0  26.1 0.03410 0.03408 1.21000   1340       1107.4 0.0273
2  0  26.1 0.03430 0.03428 1.21000   1266       1046.3 0.0281
2  0  26.1 0.03450 0.03447 1.21000   1232       1018.2 0.0285
2  0  26.1 0.03470 0.03467 1.21000   1222       1009.9 0.0286
2  0  26.1 0.03490 0.03486 1.21000   1120        925.6 0.0299
2  0  26.1 0.03510 0.03506 1.21000   1058        874.4 0.0307
2  0  26.1 0.03530 0.03525 1.21000    968        800.0 0.0321
2  0  26.1 0.03550 0.03555 1.21000    906        748.8 0.0332
2  0  26.1 0.03570 0.03574 1.21000    798        659.5 0.0354
2  0  26.1 0.03590 0.03594 1.21000    780        644.6 0.0358
2  0  26.1 0.03610 0.03613 1.21000    678        560.3 0.0384
2  0  26.1 0.03630 0.03633 1.21000    686        566.9 0.0382
2  0  26.1 0.03650 0.03652 1.21000    596        492.6 0.0410
2  0  26.1 0.03670 0.03672 1.21000    576        476.0 0.0417
2  0  26.1 0.03690 0.03691 1.21000    576        476.0 0.0417
2  0  26.1 0.03710 0.03711 1.21000    528        436.4 0.0435
2  0  26.1 0.03730 0.03730 1.21000    512        423.1 0.0442
2  0  26.1 0.03750 0.03750 1.21000    490        405.0 0.0452
2  0  26.1 0.03770 0.03770 1.21000    510        421.5 0.0443
2  0  26.1 0.03790 0.03789 1.21000    468        386.8 0.0462
2  0  26.1 0.03810 0.03809 1.21000    456        376.9 0.0468
2  0  26.1 0.03830 0.03828 1.21000    404        333.9 0.0498
2  0  26.1 0.03850 0.03848 1.21000    434        358.7 0.0480
2  0  26.1 0.03870 0.03867 1.21000    430        355.4 0.0482
2  0  26.1 0.03890 0.03887 1.21000    444        366.9 0.0475
2  0  26.1 0.03910 0.03906 1.21000    432        357.0 0.0481
2  0  26.1 0.03930 0.03926 1.21000    434        358.7 0.0480
2  0  26.1 0.03950 0.03945 1.21000    376        310.7 0.0516
2  0  26.1 0.03970 0.03975 1.21000    392        324.0 0.0505
2  0  26.1 0.03990 0.03994 1.21000    366        302.5 0.0523
2  1  26.1 0.00010 0.00010 1.21000   3778       3122.3 0.0163
2  1  26.1 0.00030 0.00029 1.21000   8484       7011.6 0.0109
2  1  26.1 0.00050 0.00049 1.21000  19756      16327.3 0.0071
2  1  26.1 0.00070 0.00068 1.21000  44046      36401.7 0.0048
2  1  26.1 0.00090 0.00088 0.76292  72412      94914.1 0.0037
2  1  26.1 0.00110 0.00107 0.37190  72698     195476.4 0.0037
2  1  26.1 0.00130 0.00127 0.20429  76758     375721.8 0.0036
2  1  26.1 0.00150 0.00146 0.11222  77452     690154.3 0.0036
2  1  26.1 0.00170 0.00166 0.06165  73782    1196836.4 0.0037
2  1  26.1 0.00190 0.00186 0.03961  71506    1805056.1 0.0037
2  1  26.1 0.00210 0.00215 0.02578  71296    2765273.6 0.0037
2  1  26.1 0.00230 0.00234 0.02183  72016    3298846.0 0.0037
2  1  26.1 0.00250 0.00254 0.01941  71692    3692863.1 0.0037
2  1  26.1 0.00270 0.00273 0.01941  77360    3984822.4 0.0036
2  1  26.1 0.00290 0.00293 0.01728  72002    4167490.0 0.0037
2  1  26.1 0.00310 0.00313 0.01728  74206    4295058.0 0.0037
2  1  26.1 0.00330 0.00332 0.01728  75614    4376553.3 0.0036
2  1  26.1 0.00350 0.00352 0.01728  76584    4432697.1 0.0036
2  1  26.1 0.00370 0.00371 0.01728  77248    4471129.5 0.0036
2  1  26.1 0.00390 0.00391 0.01728  77656    4494744.7 0.0036
2  1  26.1 0.00410 0.00410 0.01728  77964    4512571.8 0.0036
2  1  26.1 0.00430 0.00430 0.01728  78144    4522990.2 0.0036
2  1  26.1 0.00450 0.00449 0.01728  78228    4527852.1 0.0036
2  1  26.1 0.00470 0.00469 0.01728  78196    4526000.0 0.0036
2  1  26.1 0.00490 0.00488 0.01728  78070    4518707.1 0.0036
2  1  26.1 0.00510 0.00508 0.01728  77832    4504931.6 0.0036
2  1  26.1 0.00530 0.00527 0.01728  77410    4480506.1 0.0036
2  1  26.1 0.00550 0.00547 0.01728  76838    4447398.7 0.0036
2  1  26.1 0.00570 0.00566 0.01728  75942    4395538.0 0.0036
2  1  26.1 0.00590 0.00586 0.01728  74576    4316473.7 0.0037
2  1  26.1 0.00610 0.00605 0.01728  72608    4202565.4 0.0037
2  1  26.1 0.00630 0.00635 0.01728  67850    3927171.4 0.0038
2  1  26.1 0.00650 0.00654 0.01728  63080    3651082.9 0.0040
2  1  26.1 0.00670 0.00674 0.01728  56424    3265832.3 0.0042
2  1  26.1 0.00690 0.00693 0.01728  48896    2830110.2 0.0045
2  1  26.1 0.00710 0.00713 0.01728  41356    2393693.5 0.0049
2  1  26.1 0.00730 0.00732 0.01728  34800    2014230.9 0.0054
2  1  26.1 0.00750 0.00752 0.01728  30052    1739415.7 0.0058
2  1  26.1 0.00770 0.00771 0.01728  26932    1558829.5 0.0061
2  1  26.1 0.00790 0.00791 0.01728  25312    1465063.6 0.0063
2  1  26.1 0.00810 0.00811 0.01728  24348    1409267.1 0.0064
2  1  26.1 0.00830 0.00830 0.01728  23812    1378243.3 0.0065
2  1  26.1 0.00850 0.00850 0.01728  23692    1371297.7 0.0065
2  1  26.1 0.00870 0.00869 0.01728  23516    1361110.7 0.0065
2  1  26.1 0.00890 0.00889 0.01728  23546    1362847.1 0.0065
2  1  26.1 0.00910 0.00908 0.01728  23478    1358911.3 0.0065
2  1  26.1 0.00930 0.00928 0.01728  23546    1362847.1 0.0065
2  1  26.1 0.00950 0.00947 0.01728  23340    1350923.8 0.0065
2  1  26.1 0.00970 0.00967 0.01728  23404    1354628.2 0.0065
2  1  26.1 0.00990 0.00986 0.01728  23382    1353354.8 0.0065
2  1  26.1 0.01010 0.01006 0.01728  23258    1346177.6 0.0066
2  1  26.1 0.01030 0.01025 0.01728  23564    1363889.0 0.0065
2  1  26.1 0.01050 0.01055 0.01728  23348    1351386.9 0.0065
2  1  26.2 0.01070 0.01074 0.01728  23228    1344441.2 0.0066
2  1  26.2 0.01090 0.01094 0.01728  23336    1350692.3 0.0065
2  1  26.2 0.01110 0.01113 0.01728  23392    1353933.6 0.0065
2  1  26.2 0.01130 0.01133 0.01728  23096    1336801.1 0.0066
2  1  26.2 0.01150 0.01152 0.01728  22570    1306356.1 0.0067
2  1  26.2 0.01170 0.01172 0.01728  22434    1298484.4 0.0067
2  1  26.2 0.01190 0.01191 0.01728  21884    1266650.3 0.0068
2  1  26.2 0.01210 0.01211 0.01728  21108    1221735.2 0.0069
2  1  26.2 0.01230 0.01230 0.01728  19872    1150195.3 0.0071
2  1  26.2 0.01250 0.01250 0.01728  18388    1064301.1 0.0074
2  1  26.2 0.01270 0.01270 0.01728  16826     973892.2 0.0077
2  1  26.2 0.01290 0.01289 0.01728  14998     868087.2 0.0082
2  1  26.2 0.01310 0.01309 0.01728  12990     751863.8 0.0088
2  1  26.2 0.01330 0.01328 0.01728  11126     643975.1 0.0095
2  1  26.2 0.01350 0.01348 0.01728   9300     538285.8 0.0104
2  1  26.2 0.01370 0.01367 0.01728   7666     443709.6 0.0114
2  1  26.2 0.01390 0.01387 0.01728   6476     374832.2 0.0124
2  1  26.2 0.01410 0.01406 0.01728   5406     312900.4 0.0136
2  1  26.2 0.01430 0.01426 0.01728   4544     263007.6 0.0148
2  1  26.2 0.01450 0.01445 0.01728   3950     228626.8 0.0159
2  1  26.2 0.01470 0.01475 0.01728   3480     201423.1 0.0170
2  1  26.2 0.01490 0.01494 0.01728   3226     186721.5 0.0176
2  1  26.2 0.01510 0.01514 0.01728   3092     178965.6 0.0180
2  1  26.2 0.01530 0.01533 0.01728   2994     173293.3 0.0183
2  1  26.2 0.01550 0.01553 0.01728   2862     165653.1 0.0187
2  1  26.2 0.01570 0.01572 0.01728   2734     158244.5 0.0191
2  1  26.2 0.01590 0.01592 0.01728   2744     158823.3 0.0191
2  1  26.2 0.01610 0.01611 0.01728   2666     154308.6 0.0194
2  1  26.2 0.01630 0.01631 0.01728   2594     150141.2 0.0196
2  1  26.2 0.01650 0.01650 0.01728   2552     147710.3 0.0198
2  1  26.2 0.01670 0.01670 0.01728   2608     150951.6 0.0196
2  1  26.2 0.01690 0.01689 0.01728   2482     143658.7 0.0201
2  1  26.2 0.01710 0.01709 0.01728   2412     139607.0 0.0204
2  1  26.2 0.01730 0.01729 0.01728   2354     136250.0 0.0206
2  1  26.2 0.01750 0.01748 0.01728   2302     133240.2 0.0208
2  1  26.2 0.01770 0.01768 0.01728   2366     136944.5 0.0206
2  1  26.2 0.01790 0.01787 0.01786   2304     129034.8 0.0208
2  1  26.2 0.01810 0.01807 0.01789   2240     125224.7 0.0211
2  1  26.2 0.01830 0.01826 0.01891   2282     120664.1 0.0209
2  1  26.2 0.01850 0.01846 0.01917   2312     120599.9 0.0208
2  1  26.2 0.01870 0.01865 0.02008   2286     113836.6 0.0209
2  1  26.2 0.01890 0.01895 0.02137   2312     108188.2 0.0208
2  1  26.2 0.01910 0.01914 0.02240   2272     101436.0 0.0210
2  1  26.2 0.01930 0.01934 0.02294   2246      97928.5 0.0211
2  1  26.2 0.01950 0.01953 0.02483   2366      95273.3 0.0206
2  1  26.2 0.01970 0.01973 0.02706   2288      84537.8 0.0209
2  1  26.2 0.01990 0.01992 0.02776   2282      82191.1 0.0209
2  1  26.2 0.02010 0.02012 0.03240   2298      70936.8 0.0209
2  1  26.2 0.02030 0.02031 0.03367   2250      66829.4 0.0211
2  1  26.2 0.02050 0.02051 0.03831   2290      59770.6 0.0209
2  1  26.2 0.02070 0.02070 0.04415   2306      52235.6 0.0208
2  1  26.2 0.02090 0.02090 0.04965   2354      47410.5 0.0206
2  1  26.2 0.02110 0.02109 0.05844   2290      39188.7 0.0209
2  1  26.2 0.02130 0.02129 0.06663   2296      34459.1 0.0209
2  1  26.2 0.02150 0.02148 0.07671   2242      29228.2 0.0211
2  1  26.2 0.02170 0.02168 0.08896   2252      25315.5 0.0211
2  1  26.2 0.02190 0.02188 0.10013   2244      22410.1 0.0211
2  1  26.2 0.02210 0.02207 0.11335   2270      20026.4 0.0210
2  1  26.2 0.02230 0.02227 0.13089   2274      17373.6 0.0210
2  1  26.2 0.02250 0.02246 0.13902   2282      16414.7 0.0209
2  1  26.2 0.02270 0.02266 0.14866   2256      15176.0 0.0211
2  1  26.2 0.02290 0.02285 0.15896   2236      14066.7 0.0211
2  1  26.2 0.02310 0.02314 0.17314   2370      13688.4 0.0205
2  1  26.2 0.02330 0.02334 0.17314   2224      12845.2 0.0212
2  1  26.2 0.02350 0.02354 0.18657   2320      12434.8 0.0208
2  1  26.2 0.02370 0.02373 0.18691   2222      11888.1 0.0212
2  1  26.2 0.02390 0.02393 0.18895   2226      11780.8 0.0212
2  1  26.2 0.02410 0.02412 0.20377   2324      11405.2 0.0207
2  1  26.2 0.02430 0.02432 0.21131   2244      10619.5 0.0211
2  1  26.2 0.02450 0.02451 0.21853   2240      10250.5 0.0211
2  1  26.2 0.02470 0.02471 0.22253   2308      10371.6 0.0208
2  1  26.2 0.02490 0.02490 0.23980   2340       9758.2 0.0207
2  1  26.2 0.02510 0.02510 0.24176   2320       9596.4 0.0208
2  1  26.2 0.02530 0.02529 0.24462   2224       9091.7 0.0212
2  1  26.2 0.02550 0.02549 0.25832   2224       8609.4 0.0212
2  1  26.2 0.02570 0.02568 0.27622   2292       8297.6 0.0209
2  1  26.2 0.02590 0.02588 0.27848   2284       8201.7 0.0209
2  1  26.2 0.02610 0.02607 0.27848   2240       8043.7 0.0211
2  1  26.2 0.02630 0.02627 0.31196   2394       7674.0 0.0204
2  1  26.2 0.02650 0.02646 0.31196   2294       7353.5 0.0209
2  1  26.2 0.02670 0.02666 0.31944   2228       6974.8 0.0212
2  1  26.2 0.02690 0.02686 0.34125   2232       6540.8 0.0212
2  1  26.2 0.02710 0.02715 0.39045   2280       5839.5 0.0209
2  1  26.2 0.02730 0.02734 0.39045   2238       5731.9 0.0211
2  1  26.2 0.02750 0.02754 0.43466   2292       5273.1 0.0209
2  1  26.2 0.02770 0.02773 0.47251   2292       4850.7 0.0209
2  1  26.2 0.02790 0.02793 0.50224   2242       4464.0 0.0211
2  1  26.2 0.02810 0.02813 0.54017   2276       4213.5 0.0210
2  1  26.2 0.02830 0.02832 0.60040   2254       3754.1 0.0211
2  1  26.2 0.02850 0.02852 0.65553   2236       3411.0 0.0211
2  1  26.2 0.02870 0.02871 0.74311   2288       3079.0 0.0209
2  1  26.2 0.02890 0.02891 0.82149   2282       2777.9 0.0209
2  1  26.2 0.02910 0.02910 0.89041   2232       2506.7 0.0212
2  1  26.2 0.02930 0.02930 1.03046   2242       2175.7 0.0211
2  1  26.2 0.02950 0.02949 1.15714   2270       1961.7 0.0210
2  1  26.2 0.02970 0.02969 1.21000   2040       1686.0 0.0221
2  1  26.2 0.02990 0.02988 1.21000   1830       1512.4 0.0234
2  1  26.2 0.03010 0.03008 1.21000   1776       1467.8 0.0237
2  1  26.2 0.03030 0.03027 1.21000   1584       1309.1 0.0251
2  1  26.2 0.03050 0.03047 1.21000   1526       1261.2 0.0256
2  1  26.2 0.03070 0.03066 1.21000   1382       1142.1 0.0269
2  1  26.2 0.03090 0.03086 1.21000   1276       1054.5 0.0280
2  1  26.2 0.03110 0.03105 1.21000   1294       1069.4 0.0278
2  1  26.2 0.03130 0.03135 1.21000   1194        986.8 0.0289
2  1  26.2 0.03150 0.03154 1.21000   1190        983.5 0.0290
2  1  26.2 0.03170 0.03174 1.21000   1172        968.6 0.0292
2  1  26.2 0.03190 0.03193 1.21000   1074        887.6 0.0305
2  1  26.2 0.03210 0.03213 1.21000   1052        869.4 0.0308
2  1  26.2 0.03230 0.03232 1.21000   1058        874.4 0.0307
2  1  26.2 0.03250 0.03252 1.21000    924        763.6 0.0329
2  1  26.2 0.03270 0.03271 1.21000    980        809.9 0.0319
2  1  26.2 0.03290 0.03291 1.21000    936        773.6 0.0327
2  1  26.2 0.03310 0.03311 1.21000    838        692.6 0.0345
2  1  26.2 0.03330 0.03330 1.21000    872        720.7 0.0339
2  1  26.2 0.03350 0.03350 1.21000    834        689.3 0.0346
2  1  26.2 0.03370 0.03369 1.21000    790        652.9 0.0356
2  1  26.2 0.03390 0.03389 1.21000    802        662.8 0.0353
2  1  26.2 0.03410 0.03408 1.21000    712        588.4 0.0375
2  1  26.2 0.03430 0.03428 1.21000    718        593.4 0.0373
2  1  26.2 0.03450 0.03447 1.21000    694        573.6 0.0380
2  1  26.2 0.03470 0.03467 1.21000    694        573.6 0.0380
2  1  26.2 0.03490 0.03486 1.21000    660        545.5 0.0389
2  1  26.2 0.03510 0.03506 1.21000    632        522.3 0.0398
2  1  26.2 0.03530 0.03525 1.21000    588        486.0 0.0412
2  1  26.2 0.03550 0.03555 1.21000    550        454.5 0.0426
2  1  26.2 0.03570 0.03574 1.21000    540        446.3 0.0430
2  1  26.2 0.03590 0.03594 1.21000    446        368.6 0.0474
2  1  26.3 0.03610 0.03613 1.21000    414        342.1 0.0491
2  1  26.3 0.03630 0.03633 1.21000    394        325.6 0.0504
2  1  26.3 0.03650 0.03652 1.21000    382        315.7 0.0512
2  1  26.3 0.03670 0.03672 1.21000    366        302.5 0.0523
2  1  26.3 0.03690 0.03691 1.21000    372        307.4 0.0518
2  1  26.3 0.03710 0.03711 1.21000    386        319.0 0.0509
2  1  26.3 0.03730 0.03730 1.21000    368        304.1 0.0521
2  1  26.3 0.03750 0.03750 1.21000    346        286.0 0.0538
2  1  26.3 0.03770 0.03770 1.21000    342        282.6 0.0541
2  1  26.3 0.03790 0.03789 1.21000    366        302.5 0.0523
2  1  26.3 0.03810 0.03809 1.21000    320        264.5 0.0559
2  1  26.3 0.03830 0.03828 1.21000    320        264.5 0.0559
2  1  26.3 0.03850 0.03848 1.21000    336        277.7 0.0546
2  1  26.3 0.03870 0.03867 1.21000    286        236.4 0.0591
2  1  26.3 0.03890 0.03887 1.21000    280        231.4 0.0598
2  1  26.3 0.03910 0.03906 1.21000    280        231.4 0.0598
2  1  26.3 0.03930 0.03926 1.21000    264        218.2 0.0615
2  1  26.3 0.03950 0.03945 1.21000    280        231.4 0.0598
2  1  26.3 0.03970 0.03975 1.21000    256        211.6 0.0625
2  1  26.3 0.03990 0.03994 1.21000    286        236.4 0.0591
2  2  26.3 0.00010 0.00010 1.21000   3696       3054.5 0.0164
2  2  26.3 0.00030 0.00029 1.21000   7972       6588.4 0.0112
2  2  26.3 0.00050 0.00049 1.21000  18398      15205.0 0.0074
2  2  26.3 0.00070 0.00068 1.21000  41876      34608.3 0.0049
2  2  26.3 0.00090 0.00088 0.80856  72618      89811.5 0.0037
2  2  26.3 0.00110 0.00107 0.38846  71732     184656.8 0.0037
2  2  26.3 0.00130 0.00127 0.21339  77784     364513.4 0.0036
2  2  26.3 0.00150 0.00146 0.11722  78632     670800.5 0.0036
2  2  26.3 0.00170 0.00166 0.06439  75948    1179454.5 0.0036
2  2  26.3 0.00190 0.00186 0.04079  72474    1776702.0 0.0037
2  2  26.3 0.00210 0.00215 0.02620  72180    2755250.5 0.0037
2  2  26.3 0.00230 0.00234 0.02191  72018    3286661.9 0.0037
2  2  26.3 0.00250 0.00254 0.01943  72092    3709427.6 0.0037
2  2  26.3 0.00270 0.00273 0.01943  77742    4000143.2 0.0036
2  2  26.3 0.00290 0.00293 0.01714  71964    4197993.7 0.0037
2  2  26.3 0.00310 0.00313 0.01714  74226    4329946.7 0.0037
2  2  26.3 0.00330 0.00332 0.01714  75686    4415115.2 0.0036
2  2  26.3 0.00350 0.00352 0.01714  76670    4472516.5 0.0036
2  2  26.3 0.00370 0.00371 0.01714  77324    4510667.4 0.0036
2  2  26.3 0.00390 0.00391 0.01714  77744    4535167.9 0.0036
2  2  26.3 0.00410 0.00410 0.01714  78048    4552901.6 0.0036
2  2  26.3 0.00430 0.00430 0.01714  78218    4562818.5 0.0036
2  2  26.3 0.00450 0.00449 0.01714  78294    4567251.9 0.0036
2  2  26.3 0.00470 0.00469 0.01714  78270    4565851.9 0.0036
2  2  26.3 0.00490 0.00488 0.01714  78138    4558151.7 0.0036
2  2  26.3 0.00510 0.00508 0.01714  77886    4543451.4 0.0036
2  2  26.3 0.00530 0.00527 0.01714  77480    4519767.6 0.0036
2  2  26.3 0.00550 0.00547 0.01714  76894    4485583.5 0.0036
2  2  26.3 0.00570 0.00566 0.01714  75992    4432965.6 0.0036
2  2  26.3 0.00590 0.00586 0.01714  74626    4353280.5 0.0037
2  2  26.3 0.00610 0.00605 0.01714  72598    4234977.9 0.0037
2  2  26.3 0.00630 0.00635 0.01714  67808    3955555.0 0.0038
2  2  26.3 0.00650 0.00654 0.01714  62826    3664931.8 0.0040
2  2  26.3 0.00670 0.00674 0.01714  55916    3261839.5 0.0042
2  2  26.3 0.00690 0.00693 0.01714  47578    2775445.3 0.0046
2  2  26.3 0.00710 0.00713 0.01714  39350    2295467.9 0.0050
2  2  26.3 0.00730 0.00732 0.01714  31968    1864841.6 0.0056
2  2  26.3 0.00750 0.00752 0.01714  26320    1535367.6 0.0062
2  2  26.3 0.00770 0.00771 0.01714  22716    1325129.6 0.0066
2  2  26.3 0.00790 0.00791 0.01714  20352    1187226.5 0.0070
2  2  26.3 0.00810 0.00811 0.01714  19628    1144992.2 0.0071
2  2  26.3 0.00830 0.00830 0.01714  19078    1112908.2 0.0072
2  2  26.3 0.00850 0.00850 0.01714  18766    1094707.8 0.0073
2  2  26.3 0.00870 0.00869 0.01714  18708    1091324.4 0.0073
2  2  26.3 0.00890 0.00889 0.01714  18496    1078957.4 0.0074
2  2  26.3 0.00910 0.00908 0.01714  18752    1093891.1 0.0073
2  2  26.3 0.00930 0.00928 0.01714  18554    1082340.8 0.0073
2  2  26.3 0.00950 0.00947 0.01714  18400    1073357.3 0.0074
2  2  26.3 0.00970 0.00967 0.01714  18540    1081524.1 0.0073
2  2  26.3 0.00990 0.00986 0.01714  18648    1087824.3 0.0073
2  2  26.3 0.01010 0.01006 0.01714  18548    1081990.8 0.0073
2  2  26.3 0.01030 0.01025 0.01714  18362    1071140.6 0.0074
2  2  26.3 0.01050 0.01055 0.01714  18422    1074640.7 0.0074
2  2  26.3 0.01070 0.01074 0.01714  18528    1080824.1 0.0073
2  2  26.3 0.01090 0.01094 0.01714  18474    1077674.1 0.0074
2  2  26.3 0.01110 0.01113 0.01714  18408    1073824.0 0.0074
2  2  26.3 0.01130 0.01133 0.01714  18552    1082224.2 0.0073
2  2  26.3 0.01150 0.01152 0.01714  18064    1053756.9 0.0074
2  2  26.3 0.01170 0.01172 0.01714  17994    1049673.4 0.0075
2  2  26.3 0.01190 0.01191 0.01714  17432    1016889.4 0.0076
2  2  26.3 0.01210 0.01211 0.01714  16894     985505.3 0.0077
2  2  26.3 0.01230 0.01230 0.01714  15986     932537.5 0.0079
2  2  26.3 0.01250 0.01250 0.01714  14962     872802.8 0.0082
2  2  26.3 0.01270 0.01270 0.01714  13444     784250.8 0.0086
2  2  26.3 0.01290 0.01289 0.01714  12020     701182.3 0.0091
2  2  26.3 0.01310 0.01309 0.01714  10490     611930.3 0.0098
2  2  26.3 0.01330 0.01328 0.01714   9030     526761.8 0.0105
2  2  26.3 0.01350 0.01348 0.01714   7644     445910.0 0.0114
2  2  26.3 0.01370 0.01367 0.01714   6332     369374.9 0.0126
2  2  26.3 0.01390 0.01387 0.01714   5126     299023.3 0.0140
2  2  26.3 0.01410 0.01406 0.01714   4278     249555.6 0.0153
2  2  26.3 0.01430 0.01426 0.01714   3780     220504.9 0.0163
2  2  26.3 0.01450 0.01445 0.01714   3174     185154.1 0.0177
2  2  26.3 0.01470 0.01475 0.01714   2762     161120.3 0.0190
2  2  26.3 0.01490 0.01494 0.01714   2522     147120.0 0.0199
2  2  26.3 0.01510 0.01514 0.01714   2376     138603.1 0.0205
2  2  26.3 0.01530 0.01533 0.01714   2284     133236.3 0.0209
2  2  26.3 0.01550 0.01553 0.01735   2232     128679.4 0.0212
2  2  26.3 0.01570 0.01572 0.01806   2222     123029.5 0.0212
2  2  26.3 0.01590 0.01592 0.01806   2268     125576.4 0.0210
2  2  26.3 0.01610 0.01611 0.01806   2284     126462.3 0.0209
2  2  26.3 0.01630 0.01631 0.01935   2292     118452.6 0.0209
2  2  26.3 0.01650 0.01650 0.01935   2342     121036.6 0.0207
2  2  26.3 0.01670 0.01670 0.01983   2244     113153.5 0.0211
2  2  26.3 0.01690 0.01689 0.01983   2272     114565.4 0.0210
2  2  26.3 0.01710 0.01709 0.02031   2284     112475.2 0.0209
2  2  26.3 0.01730 0.01729 0.02112   2278     107867.9 0.0210
2  2  26.3 0.01750 0.01748 0.02112   2230     105595.0 0.0212
2  2  26.3 0.01770 0.01768 0.02205   2276     103214.0 0.0210
2  2  26.3 0.01790 0.01787 0.02272   2316     101923.8 0.0208
2  2  26.3 0.01810 0.01807 0.02272   2236      98403.1 0.0211
2  2  26.3 0.01830 0.01826 0.02407   2362      98147.3 0.0206
2  2  26.3 0.01850 0.01846 0.02499   2262      90523.4 0.0210
2  2  26.3 0.01870 0.01865 0.02499   2262      90523.4 0.0210
2  2  26.3 0.01890 0.01895 0.02722   2286      83990.6 0.0209
2  2  26.3 0.01910 0.01914 0.02808   2296      81778.6 0.0209
2  2  26.3 0.01930 0.01934 0.02896   2280      78723.5 0.0209
2  2  26.3 0.01950 0.01953 0.03057   2282      74641.9 0.0209
2  2  26.3 0.01970 0.01973 0.03207   2300      71709.6 0.0209
2  2  26.3 0.01990 0.01992 0.03565   2338      65574.3 0.0207
2  2  26.3 0.02010 0.02012 0.03861   2320      60082.6 0.0208
2  2  26.3 0.02030 0.02031 0.04289   2368      55209.3 0.0205
2  2  26.3 0.02050 0.02051 0.04530   2240      49451.6 0.0211
2  2  26.3 0.02070 0.02070 0.05365   2340      43615.1 0.0207
2  2  26.3 0.02090 0.02090 0.05991   2312      38593.8 0.0208
2  2  26.3 0.02110 0.02109 0.06812   2264      33234.3 0.0210
2  2  26.3 0.02130 0.02129 0.08017   2262      28213.8 0.0210
2  2  26.3 0.02150 0.02148 0.08863   2238      25251.1 0.0211
2  2  26.3 0.02170 0.02168 0.10554   2290      21698.2 0.0209
2  2  26.3 0.02190 0.02188 0.12304   2282      18546.6 0.0209
2  2  26.3 0.02210 0.02207 0.13244   2254      17019.3 0.0211
2  2  26.3 0.02230 0.02227 0.15411   2278      14781.8 0.0210
2  2  26.3 0.02250 0.02246 0.16986   2306      13576.2 0.0208
2  2  26.3 0.02270 0.02266 0.18214   2362      12968.1 0.0206
2  2  26.3 0.02290 0.02285 0.19457   2262      11625.4 0.0210
2  2  26.3 0.02310 0.02314 0.20515   2258      11006.8 0.0210
2  2  26.3 0.02330 0.02334 0.21321   2268      10637.6 0.0210
2  2  26.3 0.02350 0.02354 0.22295   2338      10486.6 0.0207
2  2  26.3 0.02370 0.02373 0.22295   2286      10253.4 0.0209
2  2  26.3 0.02390 0.02393 0.23613   2330       9867.5 0.0207
2  2  26.3 0.02410 0.02412 0.24046   2286       9506.9 0.0209
2  2  26.3 0.02430 0.02432 0.24046   2276       9465.3 0.0210
2  2  26.3 0.02450 0.02451 0.26294   2250       8557.1 0.0211
2  2  26.3 0.02470 0.02471 0.26294   2234       8496.2 0.0212
2  2  26.3 0.02490 0.02490 0.27169   2226       8193.2 0.0212
2  2  26.3 0.02510 0.02510 0.28342   2244       7917.4 0.0211
2  2  26.3 0.02530 0.02529 0.28419   2226       7832.7 0.0212
2  2  26.3 0.02550 0.02549 0.29235   2266       7751.0 0.0210
2  2  26.3 0.02570 0.02568 0.31688   2256       7119.4 0.0211
2  2  26.3 0.02590 0.02588 0.32477   2252       6934.1 0.0211
2  2  26.3 0.02610 0.02607 0.34595   2380       6879.7 0.0205
2  2  26.3 0.02630 0.02627 0.34595   2234       6457.7 0.0212
2  2  26.3 0.02650 0.02646 0.37235   2352       6316.6 0.0206
2  2  26.3 0.02670 0.02666 0.38590   2246       5820.2 0.0211
2  2  26.3 0.02690 0.02686 0.41649   2332       5599.1 0.0207
2  2  26.3 0.02710 0.02715 0.42964   2274       5292.8 0.0210
2  2  26.3 0.02730 0.02734 0.45942   2250       4897.5 0.0211
2  2  26.3 0.02750 0.02754 0.50586   2292       4530.9 0.0209
2  2  26.3 0.02770 0.02773 0.53070   2252       4243.5 0.0211
2  2  26.3 0.02790 0.02793 0.54442   2234       4103.5 0.0212
2  2  26.3 0.02810 0.02813 0.62036   2242       3614.0 0.0211
2  2  26.3 0.02830 0.02832 0.69297   2408       3474.9 0.0204
2  2  26.3 0.02850 0.02852 0.70373   2274       3231.3 0.0210
2  2  26.3 0.02870 0.02871 0.79252   2308       2912.2 0.0208
2  2  26.3 0.02890 0.02891 0.89195   2290       2567.4 0.0209
2  2  26.3 0.02910 0.02910 0.98114   2230       2272.9 0.0212
2  2  26.3 0.02930 0.02930 1.09186   2232       2044.2 0.0212
2  2  26.3 0.02950 0.02949 1.21000   2178       1800.0 0.0214
2  2  26.3 0.02970 0.02969 1.21000   2128       1758.7 0.0217
2  2  26.3 0.02990 0.02988 1.21000   1782       1472.7 0.0237
2  2  26.3 0.03010 0.03008 1.21000   1602       1324.0 0.0250
2  2  26.3 0.03030 0.03027 1.21000   1524       1259.5 0.0256
2  2  26.3 0.03050 0.03047 1.21000   1416       1170.2 0.0266
2  2  26.3 0.03070 0.03066 1.21000   1442       1191.7 0.0263
2  2  26.3 0.03090 0.03086 1.21000   1334       1102.5 0.0274
2  2  26.3 0.03110 0.03105 1.21000   1204        995.0 0.0288
2  2  26.3 0.03130 0.03135 1.21000   1150        950.4 0.0295
2  2  26.3 0.03150 0.03154 1.21000   1106        914.0 0.0301
2  2  26.3 0.03170 0.03174 1.21000   1122        927.3 0.0299
2  2  26.3 0.03190 0.03193 1.21000   1038        857.9 0.0310
2  2  26.3 0.03210 0.03213 1.21000   1102        910.7 0.0301
2  2  26.3 0.03230 0.03232 1.21000   1006        831.4 0.0315
2  2  26.3 0.03250 0.03252 1.21000    956        790.1 0.0323
2  2  26.3 0.03270 0.03271 1.21000    990        818.2 0.0318
2  2  26.3 0.03290 0.03291 1.21000    868        717.4 0.0339
2  2  26.3 0.03310 0.03311 1.21000    860        710.7 0.0341
2  2  26.3 0.03330 0.03330 1.21000    868        717.4 0.0339
2  2  26.3 0.03350 0.03350 1.21000    822        679.3 0.0349
2  2  26.3 0.03370 0.03369 1.21000    842        695.9 0.0345
2  2  26.3 0.03390 0.03389 1.21000    760        628.1 0.0363
2  2  26.3 0.03410 0.03408 1.21000    772        638.0 0.0360
2  2  26.3 0.03430 0.03428 1.21000    782        646.3 0.0358
2  2  26.3 0.03450 0.03447 1.21000    750        619.8 0.0365
2  2  26.3 0.03470 0.03467 1.21000    644        532.2 0.0394
2  2  26.3 0.03490 0.03486 1.21000    646        533.9 0.0393
2  2  26.3 0.03510 0.03506 1.21000    636        525.6 0.0397
2  2  26.3 0.03530 0.03525 1.21000    632        522.3 0.0398
2  2  26.3 0.03550 0.03555 1.21000    586        484.3 0.0413
2  2  26.3 0.03570 0.03574 1.21000    540        446.3 0.0430
2  2  26.3 0.03590 0.03594 1.21000    534        441.3 0.0433
2  2  26.3 0.03610 0.03613 1.21000    492        406.6 0.0451
2  2  26.3 0.03630 0.03633 1.21000    470        388.4 0.0461
2  2  26.3 0.03650 0.03652 1.21000    496        409.9 0.0449
2  2  26.3 0.03670 0.03672 1.21000    456        376.9 0.0468
2  2  26.3 0.03690 0.03691 1.21000    408        337.2 0.0495
2  2  26.3 0.03710 0.03711 1.21000    420        347.1 0.0488
2  2  26.3 0.03730 0.03730 1.21000    342        282.6 0.0541
2  2  26.3 0.03750 0.03750 1.21000    364        300.8 0.0524
2  2  26.3 0.03770 0.03770 1.21000    364        300.8 0.0524
2  2  26.3 0.03790 0.03789 1.21000    346        286.0 0.0538
2  2  26.3 0.03810 0.03809 1.21000    310        256.2 0.0568
2  2  26.3 0.03830 0.03828 1.21000    344        284.3 0.0539
2  2  26.3 0.03850 0.03848 1.21000    316        261.2 0.0563
2  2  26.3 0.03870 0.03867 1.21000    318        262.8 0.0561
2  2  26.3 0.03890 0.03887 1.21000    306        252.9 0.0572
2  2  26.3 0.03910 0.03906 1.21000    298        246.3 0.0579
2  2  26.3 0.03930 0.03926 1.21000    290        239.7 0.0587
2  2  26.3 0.03950 0.03945 1.21000    290        239.7 0.0587
2  2  26.3 0.03970 0.03975 1.21000    308        254.5 0.0570
2  2  26.3 0.03990 0.03994 1.21000    238        196.7 0.0648
2  3  26.3 0.00010 0.00010 1.21000   3010       2487.6 0.0182
2  3  26.3 0.00030 0.00029 1.21000   6600       5454.5 0.0123
2  3  26.3 0.00050 0.00049 1.21000  15874      13119.0 0.0079
2  3  26.3 0.00070 0.00068 1.21000  36446      30120.7 0.0052
2  3  26.3 0.00090 0.00088 1.21000  78330      64735.5 0.0036
2  3  26.3 0.00110 0.00107 0.43614  71702     164402.9 0.0037
2  3  26.3 0.00130 0.00127 0.23958  79474     331721.9 0.0035
2  3  26.3 0.00150 0.00146 0.11581  71446     616944.4 0.0037
2  3  26.3 0.00170 0.00166 0.06601  71790    1087520.2 0.0037
2  3  26.3 0.00190 0.00186 0.04309  71900    1668543.0 0.0037
2  3  26.3 0.00210 0.00215 0.02708  72190    2666150.2 0.0037
2  3  26.3 0.00230 0.00234 0.02252  71936    3194322.4 0.0037
2  3  26.3 0.00250 0.00254 0.01982  72184    3641082.3 0.0037
2  3  26.3 0.00270 0.00273 0.01982  78316    3950390.7 0.0036
2  3  26.3 0.00290 0.00293 0.01734  72160    4161485.6 0.0037
2  3  26.3 0.00310 0.00313 0.01734  74622    4303469.7 0.0037
2  3  26.3 0.00330 0.00332 0.01734  76130    4390436.5 0.0036
2  3  26.3 0.00350 0.00352 0.01734  77194    4451797.6 0.0036
2  3  26.3 0.00370 0.00371 0.01734  77898    4492397.5 0.0036
2  3  26.3 0.00390 0.00391 0.01734  78368    4519502.5 0.0036
2  3  26.3 0.00410 0.00410 0.01734  78688    4537957.0 0.0036
2  3  26.3 0.00430 0.00430 0.01734  78900    4550183.1 0.0036
2  3  26.3 0.00450 0.00449 0.01734  78974    4554450.7 0.0036
2  3  26.3 0.00470 0.00469 0.01734  78972    4554335.3 0.0036
2  3  26.3 0.00490 0.00488 0.01734  78870    4548453.0 0.0036
2  3  26.3 0.00510 0.00508 0.01734  78632    4534727.4 0.0036
2  3  26.3 0.00530 0.00527 0.01734  78270    4513850.8 0.0036
2  3  26.3 0.00550 0.00547 0.01734  77712    4481670.8 0.0036
2  3  26.3 0.00570 0.00566 0.01734  76848    4431843.7 0.0036
2  3  26.3 0.00590 0.00586 0.01734  75560    4357564.4 0.0036
2  3  26.3 0.00610 0.00605 0.01734  73598    4244415.4 0.0037
2  3  26.3 0.00630 0.00635 0.01734  69032    3981093.0 0.0038
2  3  26.3 0.00650 0.00654 0.01734  64162    3700238.9 0.0039
2  3  26.3 0.00670 0.00674 0.01734  57740    3329880.5 0.0042
2  3  26.3 0.00690 0.00693 0.01734  49974    2882013.3 0.0045
2  3  26.3 0.00710 0.00713 0.01734  42338    2441643.2 0.0049
2  3  26.3 0.00730 0.00732 0.01734  35626    2054560.5 0.0053
2  3  26.3 0.00750 0.00752 0.01734  30514    1759750.1 0.0057
2  3  26.3 0.00770 0.00771 0.01734  27386    1579357.6 0.0060
2  3  26.3 0.00790 0.00791 0.01734  25484    1469668.8 0.0063
2  3  26.3 0.00810 0.00811 0.01734  24676    1423071.2 0.0064
2  3  26.3 0.00830 0.00830 0.01734  24156    1393082.7 0.0064
2  3  26.3 0.00850 0.00850 0.01734  23920    1379472.5 0.0065
2  3  26.3 0.00870 0.00869 0.01734  23734    1368745.8 0.0065
2  3  26.3 0.00890 0.00889 0.01734  23838    1374743.5 0.0065
2  3  26.3 0.00910 0.00908 0.01734  23636    1363094.1 0.0065
2  3  26.3 0.00930 0.00928 0.01734  23598    1360902.7 0.0065
2  3  26.3 0.00950 0.00947 0.01734  23518    1356289.0 0.0065
2  3  26.3 0.00970 0.00967 0.01734  23766    1370591.3 0.0065
2  3  26.3 0.00990 0.00986 0.01734  23536    1357327.1 0.0065
2  3  26.3 0.01010 0.01006 0.01734  23656    1364247.5 0.0065
2  3  26.3 0.01030 0.01025 0.01734  23300    1343716.9 0.0066
2  3  26.3 0.01050 0.01055 0.01734  23558    1358595.9 0.0065
2  3  26.3 0.01070 0.01074 0.01734  23256    1341179.4 0.0066
2  3  26.3 0.01090 0.01094 0.01734  23600    1361018.0 0.0065
2  3  26.3 0.01110 0.01113 0.01734  23416    1350406.7 0.0065
2  3  26.3 0.01130 0.01133 0.01734  23378    1348215.2 0.0065
2  3  26.3 0.01150 0.01152 0.01734  22966    1324455.1 0.0066
2  3  26.3 0.01170 0.01172 0.01734  22698    1308999.4 0.0066
2  3  26.3 0.01190 0.01191 0.01734  22168    1278434.2 0.0067
2  3  26.3 0.01210 0.01211 0.01734  21560    1243370.7 0.0068
2  3  26.3 0.01230 0.01230 0.01734  20304    1170936.8 0.0070
2  3  26.3 0.01250 0.01250 0.01734  19268    1111190.5 0.0072
2  3  26.3 0.01270 0.01270 0.01734  17514    1010036.8 0.0076
2  3  26.3 0.01290 0.01289 0.01734  15860     914650.2 0.0079
2  3  26.3 0.01310 0.01309 0.01734  13682     789044.4 0.0085
2  3  26.3 0.01330 0.01328 0.01734  12090     697233.4 0.0091
2  3  26.3 0.01350 0.01348 0.01734  10330     595733.7 0.0098
2  3  26.3 0.01370 0.01367 0.01734   8594     495618.2 0.0108
2  3  26.3 0.01390 0.01387 0.01734   7228     416840.6 0.0118
2  3  26.3 0.01410 0.01406 0.01734   6190     356978.9 0.0127
2  3  26.3 0.01430 0.01426 0.01734   5180     298731.9 0.0139
2  3  26.3 0.01450 0.01445 0.01734   4588     264591.1 0.0148
2  3  26.3 0.01470 0.01475 0.01734   3962     228489.5 0.0159
2  3  26.3 0.01490 0.01494 0.01734   3616     208535.6 0.0166
2  3  26.3 0.01510 0.01514 0.01734   3384     195156.1 0.0172
2  3  26.3 0.01530 0.01533 0.01734   3238     186736.3 0.0176
2  3  26.3 0.01550 0.01553 0.01734   3124     180161.9 0.0179
2  3  26.3 0.01570 0.01572 0.01734   2972     171396.0 0.0183
2  3  26.3 0.01590 0.01592 0.01734   2836     163552.8 0.0188
2  3  26.3 0.01610 0.01611 0.01734   2944     169781.2 0.0184
2  3  26.3 0.01630 0.01631 0.01734   2866     165282.9 0.0187
2  3  26.3 0.01650 0.01650 0.01734   2756     158939.2 0.0190
2  3  26.3 0.01670 0.01670 0.01734   2750     158593.2 0.0191
2  3  26.3 0.01690 0.01689 0.01734   2624     151326.7 0.0195
2  3  26.3 0.01710 0.01709 0.01734   2574     148443.2 0.0197
2  3  26.3 0.01730 0.01729 0.01734   2622     151211.4 0.0195
2  3  26.3 0.01750 0.01748 0.01734   2542     146597.8 0.0198
2  3  26.3 0.01770 0.01768 0.01734   2422     139677.4 0.0203
2  3  26.3 0.01790 0.01787 0.01734   2342     135063.7 0.0207
2  3  26.3 0.01810 0.01807 0.01734   2250     129758.1 0.0211
2  3  26.3 0.01830 0.01826 0.01734   2288     131949.5 0.0209
2  3  26.3 0.01850 0.01846 0.01840   2326     126413.7 0.0207
2  3  26.3 0.01870 0.01865 0.01916   2274     118693.1 0.0210
2  3  26.3 0.01890 0.01895 0.01971   2246     113963.3 0.0211
2  3  26.3 0.01910 0.01914 0.02062   2232     108258.0 0.0212
2  3  26.3 0.01930 0.01934 0.02184   2240     102583.0 0.0211
2  3  26.3 0.01950 0.01953 0.02234   2246     100543.2 0.0211
2  3  26.3 0.01970 0.01973 0.02410   2254      93544.9 0.0211
2  3  26.3 0.01990 0.01992 0.02522   2300      91206.4 0.0209
2  3  26.3 0.02010 0.02012 0.02707   2308      85262.8 0.0208
2  3  26.3 0.02030 0.02031 0.02978   2222      74623.4 0.0212
2  3  26.3 0.02050 0.02051 0.03352   2276      67905.7 0.0210
2  3  26.3 0.02070 0.02070 0.03513   2260      64333.1 0.0210
2  3  26.3 0.02090 0.02090 0.04261   2334      54778.3 0.0207
2  3  26.3 0.02110 0.02109 0.04714   2302      48836.4 0.0208
2  3  26.3 0.02130 0.02129 0.05336   2278      42692.2 0.0210
2  3  26.3 0.02150 0.02148 0.06156   2224      36127.9 0.0212
2  3  26.3 0.02170 0.02168 0.07065   2246      31789.9 0.0211
2  3  26.3 0.02190 0.02188 0.07955   2264      28461.1 0.0210
2  3  26.2 0.02210 0.02207 0.09222   2286      24788.5 0.0209
2  3  26.2 0.02230 0.02227 0.10508   2328      22153.7 0.0207
2  3  26.2 0.02250 0.02246 0.11721   2272      19384.3 0.0210
2  3  26.2 0.02270 0.02266 0.12594   2244      17818.5 0.0211
2  3  26.2 0.02290 0.02285 0.13047   2260      17322.3 0.0210
2  3  26.2 0.02310 0.02314 0.14846   2274      15317.1 0.0210
2  3  26.2 0.02330 0.02334 0.15694   2246      14311.4 0.0211
2  3  26.2 0.02350 0.02354 0.16273   2240      13765.5 0.0211
2  3  26.2 0.02370 0.02373 0.16936   2362      13946.8 0.0206
2  3  26.2 0.02390 0.02393 0.16951   2246      13249.9 0.0211
2  3  26.2 0.02410 0.02412 0.17616   2228      12647.7 0.0212
2  3  26.2 0.02430 0.02432 0.18274   2234      12225.1 0.0212
2  3  26.2 0.02450 0.02451 0.18274   2238      12247.0 0.0211
2  3  26.2 0.02470 0.02471 0.19409   2222      11448.1 0.0212
2  3  26.2 0.02490 0.02490 0.20191   2270      11242.7 0.0210
2  3  26.2 0.02510 0.02510 0.20770   2256      10861.6 0.0211
2  3  26.2 0.02530 0.02529 0.21560   2236      10370.9 0.0211
2  3  26.2 0.02550 0.02549 0.22881   2222       9711.2 0.0212
2  3  26.2 0.02570 0.02568 0.23771   2262       9515.7 0.0210
2  3  26.2 0.02590 0.02588 0.23771   2232       9389.5 0.0212
2  3  26.2 0.02610 0.02607 0.24812   2252       9076.3 0.0211
2  3  26.2 0.02630 0.02627 0.26506   2244       8466.1 0.0211
2  3  26.2 0.02650 0.02646 0.27461   2240       8156.9 0.0211
2  3  26.2 0.02670 0.02666 0.27461   2296       8360.8 0.0209
2  3  26.2 0.02690 0.02686 0.30359   2284       7523.2 0.0209
2  3  26.2 0.02710 0.02715 0.31730   2224       7009.1 0.0212
2  3  26.2 0.02730 0.02734 0.34060   2368       6952.4 0.0205
2  3  26.2 0.02750 0.02754 0.35465   2296       6474.0 0.0209
2  3  26.2 0.02770 0.02773 0.39018   2264       5802.4 0.0210
2  3  26.2 0.02790 0.02793 0.40536   2244       5535.8 0.0211
2  3  26.2 0.02810 0.02813 0.45297   2348       5183.6 0.0206
2  3  26.2 0.02830 0.02832 0.45297   2250       4967.2 0.0211
2  3  26.2 0.02850 0.02852 0.50629   2256       4456.0 0.0211
2  3  26.2 0.02870 0.02871 0.55560   2260       4067.7 0.0210
2  3  26.2 0.02890 0.02891 0.62178   2250       3618.7 0.0211
2  3  26.2 0.02910 0.02910 0.67876   2236       3294.2 0.0211
2  3  26.2 0.02930 0.02930 0.73787   2286       3098.1 0.0209
2  3  26.2 0.02950 0.02949 0.83282   2258       2711.3 0.0210
2  3  26.2 0.02970 0.02969 0.94996   2284       2404.3 0.0209
2  3  26.2 0.02990 0.02988 1.07540   2386       2218.7 0.0205
2  3  26.2 0.03010 0.03008 1.17480   2256       1920.3 0.0211
2  3  26.2 0.03030 0.03027 1.21000   2014       1664.5 0.0223
2  3  26.2 0.03050 0.03047 1.21000   1882       1555.4 0.0231
2  3  26.2 0.03070 0.03066 1.21000   1838       1519.0 0.0233
2  3  26.2 0.03090 0.03086 1.21000   1684       1391.7 0.0244
2  3  26.2 0.03110 0.03105 1.21000   1574       1300.8 0.0252
2  3  26.2 0.03130 0.03135 1.21000   1436       1186.8 0.0264
2  3  26.2 0.03150 0.03154 1.21000   1404       1160.3 0.0267
2  3  26.2 0.03170 0.03174 1.21000   1406       1162.0 0.0267
2  3  26.2 0.03190 0.03193 1.21000   1308       1081.0 0.0277
2  3  26.2 0.03210 0.03213 1.21000   1230       1016.5 0.0285
2  3  26.2 0.03230 0.03232 1.21000   1216       1005.0 0.0287
2  3  26.2 0.03250 0.03252 1.21000   1156        955.4 0.0294
2  3  26.2 0.03270 0.03271 1.21000   1146        947.1 0.0295
2  3  26.2 0.03290 0.03291 1.21000   1076        889.3 0.0305
2  3  26.2 0.03310 0.03311 1.21000   1090        900.8 0.0303
2  3  26.2 0.03330 0.03330 1.21000   1048        866.1 0.0309
2  3  26.2 0.03350 0.03350 1.21000    994        821.5 0.0317
2  3  26.2 0.03370 0.03369 1.21000    958        791.7 0.0323
2  3  26.2 0.03390 0.03389 1.21000    916        757.0 0.0330
2  3  26.2 0.03410 0.03408 1.21000    946        781.8 0.0325
2  3  26.2 0.03430 0.03428 1.21000    906        748.8 0.0332
2  3  26.2 0.03450 0.03447 1.21000    858        709.1 0.0341
2  3  26.2 0.03470 0.03467 1.21000    836        690.9 0.0346
2  3  26.2 0.03490 0.03486 1.21000    790        652.9 0.0356
2  3  26.2 0.03510 0.03506 1.21000    762        629.8 0.0362
2  3  26.2 0.03530 0.03525 1.21000    758        626.4 0.0363
2  3  26.1 0.03550 0.03555 1.21000    686        566.9 0.0382
2  3  26.1 0.03570 0.03574 1.21000    614        507.4 0.0404
2  3  26.1 0.03590 0.03594 1.21000    588        486.0 0.0412
2  3  26.1 0.03610 0.03613 1.21000    630        520.7 0.0398
2  3  26.1 0.03630 0.03633 1.21000    590        487.6 0.0412
2  3  26.1 0.03650 0.03652 1.21000    556        459.5 0.0424
2  3  26.1 0.03670 0.03672 1.21000    528        436.4 0.0435
2  3  26.1 0.03690 0.03691 1.21000    528        436.4 0.0435
2  3  26.1 0.03710 0.03711 1.21000    470        388.4 0.0461
2  3  26.1 0.03730 0.03730 1.21000    420        347.1 0.0488
2  3  26.1 0.03750 0.03750 1.21000    418        345.5 0.0489
2  3  26.1 0.03770 0.03770 1.21000    392        324.0 0.0505
2  3  26.1 0.03790 0.03789 1.21000    416        343.8 0.0490
2  3  26.1 0.03810 0.03809 1.21000    366        302.5 0.0523
2  3  26.1 0.03830 0.03828 1.21000    400        330.6 0.0500
2  3  26.1 0.03850 0.03848 1.21000    328        271.1 0.0552
2  3  26.1 0.03870 0.03867 1.21000    310        256.2 0.0568
2  3  26.1 0.03890 0.03887 1.21000    316        261.2 0.0563
2  3  26.1 0.03910 0.03906 1.21000    332        274.4 0.0549
2  3  26.1 0.03930 0.03926 1.21000    274        226.4 0.0604
2  3  26.1 0.03950 0.03945 1.21000    338        279.3 0.0544
2  3  26.1 0.03970 0.03975 1.21000    292        241.3 0.0585
2  3  26.1 0.03990 0.03994 1.21000    288        238.0 0.0589
