# Scan Time    : Fri, 18 Mar 2022 05:57:37 +0000 (GMT) +900714000 nsec
# Board Lane   : 5
# Board Loc    : BTOF - Southeast
# SiPM Biases  :  56.795  57.162  57.498  57.210
# SiPM Currents:   1.350   1.655   1.969   1.193
#
4 -1  25.8 0.00010 0.00010 1.21000      0          0.0 999.9990
4 -1  25.8 0.00030 0.00029 1.21000      0          0.0 999.9990
4 -1  25.8 0.00050 0.00049 1.21000      4          3.3 0.5000
4 -1  25.8 0.00070 0.00068 1.21000      4          3.3 0.5000
4 -1  25.8 0.00090 0.00088 1.21000      2          1.7 0.7071
4 -1  25.8 0.00110 0.00107 1.21000      6          5.0 0.4082
4 -1  25.8 0.00130 0.00127 1.21000      4          3.3 0.5000
4 -1  25.8 0.00150 0.00146 1.21000      8          6.6 0.3536
4 -1  25.8 0.00170 0.00166 1.21000      2          1.7 0.7071
4 -1  25.8 0.00190 0.00186 1.21000      6          5.0 0.4082
4 -1  25.8 0.00210 0.00215 1.21000     14         11.6 0.2673
4 -1  25.8 0.00230 0.00234 1.21000     14         11.6 0.2673
4 -1  25.8 0.00250 0.00254 1.21000     12          9.9 0.2887
4 -1  25.8 0.00270 0.00273 1.21000     18         14.9 0.2357
4 -1  25.8 0.00290 0.00293 1.21000     18         14.9 0.2357
4 -1  25.8 0.00310 0.00313 1.21000     24         19.8 0.2041
4 -1  25.8 0.00330 0.00332 1.21000     30         24.8 0.1826
4 -1  25.8 0.00350 0.00352 1.21000     32         26.4 0.1768
4 -1  25.8 0.00370 0.00371 1.21000     38         31.4 0.1622
4 -1  25.8 0.00390 0.00391 1.21000     44         36.4 0.1508
4 -1  25.8 0.00410 0.00410 1.21000     74         61.2 0.1162
4 -1  25.8 0.00430 0.00430 1.21000    142        117.4 0.0839
4 -1  25.8 0.00450 0.00449 1.21000    284        234.7 0.0593
4 -1  25.8 0.00470 0.00469 1.21000    538        444.6 0.0431
4 -1  25.8 0.00490 0.00488 1.21000   1466       1211.6 0.0261
4 -1  25.8 0.00510 0.00508 1.21000   3698       3056.2 0.0164
4 -1  25.8 0.00530 0.00527 1.21000   8800       7272.7 0.0107
4 -1  25.8 0.00550 0.00547 1.21000  20050      16570.2 0.0071
4 -1  25.8 0.00570 0.00566 1.21000  44872      37084.3 0.0047
4 -1  25.8 0.00590 0.00586 0.88757  72394      81564.6 0.0037
4 -1  25.8 0.00610 0.00605 0.42231  68982     163342.6 0.0038
4 -1  25.8 0.00630 0.00635 0.15838  72166     455657.9 0.0037
4 -1  25.8 0.00650 0.00654 0.08700  74532     856682.4 0.0037
4 -1  25.8 0.00670 0.00674 0.04798  73290    1527540.7 0.0037
4 -1  25.8 0.00690 0.00693 0.02885  70382    2439750.6 0.0038
4 -1  25.8 0.00710 0.00713 0.02000  72610    3630957.7 0.0037
4 -1  25.8 0.00730 0.00732 0.01348  71990    5338931.4 0.0037
4 -1  25.8 0.00750 0.00752 0.01036  71634    6911158.4 0.0037
4 -1  25.8 0.00770 0.00771 0.00859  71556    8325398.0 0.0037
4 -1  25.8 0.00790 0.00791 0.00750  72772    9701159.7 0.0037
4 -1  25.8 0.00810 0.00811 0.00750  79758   10632456.1 0.0035
4 -1  25.8 0.00830 0.00830 0.00633  72284   11424673.1 0.0037
4 -1  25.8 0.00850 0.00850 0.00633  75798   11980069.8 0.0036
4 -1  25.8 0.00870 0.00869 0.00633  78504   12407760.1 0.0036
4 -1  25.8 0.00890 0.00889 0.00565  72272   12784942.5 0.0037
4 -1  25.8 0.00910 0.00908 0.00565  73672   13032603.0 0.0037
4 -1  25.8 0.00930 0.00928 0.00565  74640   13203842.6 0.0037
4 -1  25.8 0.00950 0.00947 0.00565  75394   13337225.4 0.0036
4 -1  25.8 0.00970 0.00967 0.00565  75862   13420014.8 0.0036
4 -1  25.8 0.00990 0.00986 0.00565  75906   13427798.4 0.0036
4 -1  25.8 0.01010 0.01006 0.00565  75720   13394894.9 0.0036
4 -1  25.8 0.01030 0.01025 0.00565  75254   13312459.4 0.0036
4 -1  25.8 0.01050 0.01055 0.00565  73508   13003591.4 0.0037
4 -1  25.8 0.01070 0.01074 0.00565  71608   12667480.7 0.0037
4 -1  25.8 0.01090 0.01094 0.00565  69022   12210016.4 0.0038
4 -1  25.8 0.01110 0.01113 0.00565  65248   11542394.4 0.0039
4 -1  25.8 0.01130 0.01133 0.00565  60154   10641264.0 0.0041
4 -1  25.8 0.01150 0.01152 0.00565  54146    9578446.7 0.0043
4 -1  25.8 0.01170 0.01172 0.00565  47708    8439562.2 0.0046
4 -1  25.8 0.01190 0.01191 0.00565  42830    7576642.2 0.0048
4 -1  25.8 0.01210 0.01211 0.00565  37214    6583169.8 0.0052
4 -1  25.8 0.01230 0.01230 0.00565  33970    6009305.1 0.0054
4 -1  25.8 0.01250 0.01250 0.00565  31778    5621539.5 0.0056
4 -1  25.8 0.01270 0.01270 0.00565  30724    5435086.5 0.0057
4 -1  25.8 0.01290 0.01289 0.00565  29936    5295689.1 0.0058
4 -1  25.8 0.01310 0.01309 0.00565  29238    5172212.6 0.0058
4 -1  25.8 0.01330 0.01328 0.00565  28984    5127279.9 0.0059
4 -1  25.8 0.01350 0.01348 0.00565  28924    5116665.9 0.0059
4 -1  25.8 0.01370 0.01367 0.00565  28702    5077394.0 0.0059
4 -1  25.8 0.01390 0.01387 0.00565  28568    5053689.4 0.0059
4 -1  25.8 0.01410 0.01406 0.00565  28646    5067487.6 0.0059
4 -1  25.8 0.01430 0.01426 0.00565  28492    5040244.9 0.0059
4 -1  25.8 0.01450 0.01445 0.00565  28316    5009110.5 0.0059
4 -1  25.8 0.01470 0.01475 0.00565  28226    4993189.4 0.0060
4 -1  25.8 0.01490 0.01494 0.00565  28164    4982221.6 0.0060
4 -1  25.8 0.01510 0.01514 0.00565  28284    5003449.7 0.0059
4 -1  25.8 0.01530 0.01533 0.00565  28082    4967715.8 0.0060
4 -1  25.8 0.01550 0.01553 0.00565  28232    4994250.8 0.0060
4 -1  25.8 0.01570 0.01572 0.00565  28078    4967008.2 0.0060
4 -1  25.8 0.01590 0.01592 0.00565  27982    4950025.8 0.0060
4 -1  25.8 0.01610 0.01611 0.00565  27956    4945426.3 0.0060
4 -1  25.8 0.01630 0.01631 0.00565  27856    4927736.3 0.0060
4 -1  25.8 0.01650 0.01650 0.00565  27432    4852730.6 0.0060
4 -1  25.8 0.01670 0.01670 0.00565  27210    4813458.7 0.0061
4 -1  25.8 0.01690 0.01689 0.00565  26942    4766049.4 0.0061
4 -1  25.8 0.01710 0.01709 0.00565  26314    4654956.0 0.0062
4 -1  25.8 0.01730 0.01729 0.00565  25508    4512374.3 0.0063
4 -1  25.8 0.01750 0.01748 0.00565  24312    4300801.4 0.0064
4 -1  25.8 0.01770 0.01768 0.00565  22938    4057740.4 0.0066
4 -1  25.8 0.01790 0.01787 0.00565  21206    3751348.9 0.0069
4 -1  25.8 0.01810 0.01807 0.00565  19648    3475738.2 0.0071
4 -1  25.8 0.01830 0.01826 0.00565  17832    3154487.1 0.0075
4 -1  25.8 0.01850 0.01846 0.00565  15982    2827221.5 0.0079
4 -1  25.8 0.01870 0.01865 0.00565  14222    2515876.9 0.0084
4 -1  25.8 0.01890 0.01895 0.00565  12266    2169859.8 0.0090
4 -1  25.8 0.01910 0.01914 0.00565  10912    1930336.7 0.0096
4 -1  25.8 0.01930 0.01934 0.00565   9882    1748129.3 0.0101
4 -1  25.8 0.01950 0.01953 0.00565   9146    1617930.7 0.0105
4 -1  25.8 0.01970 0.01973 0.00565   8352    1477471.8 0.0109
4 -1  25.8 0.01990 0.01992 0.00565   7772    1374869.6 0.0113
4 -1  25.8 0.02010 0.02012 0.00565   7540    1333828.7 0.0115
4 -1  25.8 0.02030 0.02031 0.00565   7032    1243963.3 0.0119
4 -1  25.8 0.02050 0.02051 0.00565   6806    1203983.8 0.0121
4 -1  25.8 0.02070 0.02070 0.00565   6462    1143130.1 0.0124
4 -1  25.8 0.02090 0.02090 0.00565   6292    1113057.0 0.0126
4 -1  25.8 0.02110 0.02109 0.00565   6182    1093598.0 0.0127
4 -1  25.8 0.02130 0.02129 0.00565   6040    1068478.1 0.0129
4 -1  25.8 0.02150 0.02148 0.00565   5928    1048665.3 0.0130
4 -1  25.8 0.02170 0.02168 0.00565   5648     999133.2 0.0133
4 -1  25.8 0.02190 0.02188 0.00565   5644     998425.6 0.0133
4 -1  25.8 0.02210 0.02207 0.00565   5312     939694.7 0.0137
4 -1  25.8 0.02230 0.02227 0.00565   5196     919174.2 0.0139
4 -1  25.8 0.02250 0.02246 0.00565   5044     892285.4 0.0141
4 -1  25.8 0.02270 0.02266 0.00565   4800     849121.7 0.0144
4 -1  25.8 0.02290 0.02285 0.00565   4678     827539.9 0.0146
4 -1  25.8 0.02310 0.02314 0.00565   4590     811972.6 0.0148
4 -1  25.8 0.02330 0.02334 0.00565   4418     781545.8 0.0150
4 -1  25.8 0.02350 0.02354 0.00565   4286     758194.9 0.0153
4 -1  25.8 0.02370 0.02373 0.00565   4114     727768.1 0.0156
4 -1  25.8 0.02390 0.02393 0.00565   3878     686019.6 0.0161
4 -1  25.8 0.02410 0.02412 0.00565   3790     670452.3 0.0162
4 -1  25.8 0.02430 0.02432 0.00565   3588     634718.5 0.0167
4 -1  25.8 0.02450 0.02451 0.00565   3506     620212.6 0.0169
4 -1  25.8 0.02470 0.02471 0.00565   3238     572803.4 0.0176
4 -1  25.8 0.02490 0.02490 0.00565   3148     556882.3 0.0178
4 -1  25.8 0.02510 0.02510 0.00565   2896     512303.4 0.0186
4 -1  25.8 0.02530 0.02529 0.00565   2712     479753.8 0.0192
4 -1  25.8 0.02550 0.02549 0.00565   2620     463478.9 0.0195
4 -1  25.8 0.02570 0.02568 0.00565   2486     439774.3 0.0201
4 -1  25.8 0.02590 0.02588 0.00565   2274     402271.4 0.0210
4 -1  25.8 0.02610 0.02607 0.00633   2300     363154.9 0.0209
4 -1  25.8 0.02630 0.02627 0.00671   2300     342597.9 0.0209
4 -1  25.8 0.02650 0.02646 0.00734   2240     305129.7 0.0211
4 -1  25.8 0.02670 0.02666 0.00804   2260     281252.8 0.0210
4 -1  25.8 0.02690 0.02686 0.00888   2272     255960.5 0.0210
4 -1  25.8 0.02710 0.02715 0.00975   2360     241964.7 0.0206
4 -1  25.8 0.02730 0.02734 0.01071   2256     210734.5 0.0211
4 -1  25.8 0.02750 0.02754 0.01152   2262     196270.3 0.0210
4 -1  25.8 0.02770 0.02773 0.01265   2368     187158.8 0.0205
4 -1  25.8 0.02790 0.02793 0.01335   2268     169897.1 0.0210
4 -1  25.8 0.02810 0.02813 0.01400   2248     160586.2 0.0211
4 -1  25.8 0.02830 0.02832 0.01507   2310     153281.4 0.0208
4 -1  25.8 0.02850 0.02852 0.01507   2226     147707.5 0.0212
4 -1  25.8 0.02870 0.02871 0.01626   2272     139696.3 0.0210
4 -1  25.8 0.02890 0.02891 0.01734   2272     131027.7 0.0210
4 -1  25.8 0.02910 0.02910 0.01736   2250     129642.1 0.0211
4 -1  25.8 0.02930 0.02930 0.01847   2252     121932.2 0.0211
4 -1  25.8 0.02950 0.02949 0.01965   2290     116515.3 0.0209
4 -1  25.8 0.02970 0.02969 0.02043   2232     109271.1 0.0212
4 -1  25.8 0.02990 0.02988 0.02155   2336     108392.2 0.0207
4 -1  25.8 0.03010 0.03008 0.02246   2236      99549.8 0.0211
4 -1  25.8 0.03030 0.03027 0.02319   2286      98569.6 0.0209
4 -1  25.8 0.03050 0.03047 0.02501   2304      92135.0 0.0208
4 -1  25.8 0.03070 0.03066 0.02501   2234      89335.7 0.0212
4 -1  25.8 0.03090 0.03086 0.02665   2282      85631.3 0.0209
4 -1  25.8 0.03110 0.03105 0.02798   2288      81785.7 0.0209
4 -1  25.8 0.03130 0.03135 0.02974   2234      75111.6 0.0212
4 -1  25.8 0.03150 0.03154 0.03048   2226      73023.8 0.0212
4 -1  25.8 0.03170 0.03174 0.03301   2312      70042.3 0.0208
4 -1  25.8 0.03190 0.03193 0.03399   2222      65376.8 0.0212
4 -1  25.7 0.03210 0.03213 0.03593   2258      62848.1 0.0210
4 -1  25.7 0.03230 0.03232 0.03838   2266      59040.2 0.0210
4 -1  25.7 0.03250 0.03252 0.04023   2244      55783.1 0.0211
4 -1  25.7 0.03270 0.03271 0.04379   2346      53570.6 0.0206
4 -1  25.7 0.03290 0.03291 0.04509   2264      50211.6 0.0210
4 -1  25.7 0.03310 0.03311 0.04713   2290      48593.9 0.0209
4 -1  25.7 0.03330 0.03330 0.05005   2270      45351.3 0.0210
4 -1  25.7 0.03350 0.03350 0.05544   2358      42529.9 0.0206
4 -1  25.7 0.03370 0.03369 0.05757   2230      38737.0 0.0212
4 -1  25.7 0.03390 0.03389 0.06402   2270      35456.7 0.0210
4 -1  25.7 0.03410 0.03408 0.06794   2288      33676.7 0.0209
4 -1  25.7 0.03430 0.03428 0.07444   2338      31408.1 0.0207
4 -1  25.7 0.03450 0.03447 0.07899   2274      28787.4 0.0210
4 -1  25.7 0.03470 0.03467 0.08500   2246      26422.4 0.0211
4 -1  25.7 0.03490 0.03486 0.09025   2226      24663.6 0.0212
4 -1  25.7 0.03510 0.03506 0.09653   2364      24488.8 0.0206
4 -1  25.7 0.03530 0.03525 0.10445   2258      21617.0 0.0210
4 -1  25.7 0.03550 0.03555 0.11955   2318      19388.7 0.0208
4 -1  25.7 0.03570 0.03574 0.11955   2238      18719.6 0.0211
4 -1  25.7 0.03590 0.03594 0.13336   2228      16706.9 0.0212
4 -1  25.7 0.03610 0.03613 0.14550   2222      15271.9 0.0212
4 -1  25.7 0.03630 0.03633 0.15107   2264      14986.3 0.0210
4 -1  25.7 0.03650 0.03652 0.15541   2258      14529.6 0.0210
4 -1  25.7 0.03670 0.03672 0.16611   2302      13858.2 0.0208
4 -1  25.7 0.03690 0.03691 0.17935   2344      13069.5 0.0207
4 -1  25.7 0.03710 0.03711 0.17935   2230      12433.9 0.0212
4 -1  25.7 0.03730 0.03730 0.19986   2266      11338.2 0.0210
4 -1  25.7 0.03750 0.03750 0.19986   2236      11188.1 0.0211
4 -1  25.7 0.03770 0.03770 0.21769   2264      10400.3 0.0210
4 -1  25.7 0.03790 0.03789 0.22540   2254      10000.2 0.0211
4 -1  25.7 0.03810 0.03809 0.23144   2224       9609.6 0.0212
4 -1  25.7 0.03830 0.03828 0.24988   2246       8988.3 0.0211
4 -1  25.7 0.03850 0.03848 0.25801   2288       8868.0 0.0209
4 -1  25.7 0.03870 0.03867 0.27520   2292       8328.4 0.0209
4 -1  25.7 0.03890 0.03887 0.28154   2252       7998.9 0.0211
4 -1  25.7 0.03910 0.03906 0.29988   2252       7509.7 0.0211
4 -1  25.7 0.03930 0.03926 0.30594   2262       7393.7 0.0210
4 -1  25.7 0.03950 0.03945 0.33520   2296       6849.6 0.0209
4 -1  25.7 0.03970 0.03975 0.35523   2276       6407.1 0.0210
4 -1  25.7 0.03990 0.03994 0.37480   2284       6093.9 0.0209
4  0  25.7 0.00010 0.00010 1.21000    236        195.0 0.0651
4  0  25.7 0.00030 0.00029 1.21000     34         28.1 0.1715
4  0  25.7 0.00050 0.00049 1.21000     34         28.1 0.1715
4  0  25.7 0.00070 0.00068 1.21000     34         28.1 0.1715
4  0  25.7 0.00090 0.00088 1.21000     36         29.8 0.1667
4  0  25.7 0.00110 0.00107 1.21000     44         36.4 0.1508
4  0  25.7 0.00130 0.00127 1.21000     42         34.7 0.1543
4  0  25.7 0.00150 0.00146 1.21000     44         36.4 0.1508
4  0  25.7 0.00170 0.00166 1.21000     46         38.0 0.1474
4  0  25.7 0.00190 0.00186 1.21000     56         46.3 0.1336
4  0  25.7 0.00210 0.00215 1.21000     56         46.3 0.1336
4  0  25.7 0.00230 0.00234 1.21000     52         43.0 0.1387
4  0  25.7 0.00250 0.00254 1.21000     46         38.0 0.1474
4  0  25.7 0.00270 0.00273 1.21000     70         57.9 0.1195
4  0  25.7 0.00290 0.00293 1.21000     46         38.0 0.1474
4  0  25.7 0.00310 0.00313 1.21000     70         57.9 0.1195
4  0  25.7 0.00330 0.00332 1.21000     72         59.5 0.1179
4  0  25.7 0.00350 0.00352 1.21000     82         67.8 0.1104
4  0  25.7 0.00370 0.00371 1.21000     74         61.2 0.1162
4  0  25.7 0.00390 0.00391 1.21000     80         66.1 0.1118
4  0  25.7 0.00410 0.00410 1.21000    136        112.4 0.0857
4  0  25.7 0.00430 0.00430 1.21000    184        152.1 0.0737
4  0  25.7 0.00450 0.00449 1.21000    378        312.4 0.0514
4  0  25.7 0.00470 0.00469 1.21000    790        652.9 0.0356
4  0  25.7 0.00490 0.00488 1.21000   1858       1535.5 0.0232
4  0  25.7 0.00510 0.00508 1.21000   4620       3818.2 0.0147
4  0  25.7 0.00530 0.00527 1.21000  11148       9213.2 0.0095
4  0  25.7 0.00550 0.00547 1.21000  24254      20044.6 0.0064
4  0  25.7 0.00570 0.00566 1.21000  55186      45608.3 0.0043
4  0  25.7 0.00590 0.00586 0.59645  70988     119018.4 0.0038
4  0  25.7 0.00610 0.00605 0.32764  78060     238247.6 0.0036
4  0  25.7 0.00630 0.00635 0.12156  73064     601056.4 0.0037
4  0  25.7 0.00650 0.00654 0.07176  72402    1008898.0 0.0037
4  0  25.7 0.00670 0.00674 0.04576  72976    1594917.4 0.0037
4  0  25.7 0.00690 0.00693 0.03249  72160    2220971.6 0.0037
4  0  25.7 0.00710 0.00713 0.02529  71138    2813406.4 0.0037
4  0  25.7 0.00730 0.00732 0.02156  72640    3369245.6 0.0037
4  0  25.7 0.00750 0.00752 0.01910  72002    3770097.6 0.0037
4  0  25.7 0.00770 0.00771 0.01910  77150    4039652.1 0.0036
4  0  25.7 0.00790 0.00791 0.01703  71696    4209152.5 0.0037
4  0  25.7 0.00810 0.00811 0.01703  73788    4331970.3 0.0037
4  0  25.7 0.00830 0.00830 0.01703  75190    4414279.4 0.0036
4  0  25.7 0.00850 0.00850 0.01703  76080    4466529.8 0.0036
4  0  25.7 0.00870 0.00869 0.01703  76706    4503281.2 0.0036
4  0  25.7 0.00890 0.00889 0.01703  77124    4527821.3 0.0036
4  0  25.7 0.00910 0.00908 0.01703  77424    4545433.8 0.0036
4  0  25.7 0.00930 0.00928 0.01703  77582    4554709.7 0.0036
4  0  25.7 0.00950 0.00947 0.01703  77642    4558232.2 0.0036
4  0  25.7 0.00970 0.00967 0.01703  77600    4555766.5 0.0036
4  0  25.7 0.00990 0.00986 0.01703  77464    4547782.1 0.0036
4  0  25.7 0.01010 0.01006 0.01703  77198    4532165.7 0.0036
4  0  25.7 0.01030 0.01025 0.01703  76800    4508799.8 0.0036
4  0  25.7 0.01050 0.01055 0.01703  75684    4443281.3 0.0036
4  0  25.7 0.01070 0.01074 0.01703  74502    4373888.1 0.0037
4  0  25.7 0.01090 0.01094 0.01703  72874    4278310.9 0.0037
4  0  25.7 0.01110 0.01113 0.01703  70324    4128604.7 0.0038
4  0  25.7 0.01130 0.01133 0.01703  66452    3901286.0 0.0039
4  0  25.7 0.01150 0.01152 0.01703  61250    3595885.3 0.0040
4  0  25.7 0.01170 0.01172 0.01703  54412    3194437.7 0.0043
4  0  25.7 0.01190 0.01191 0.01703  46622    2737099.8 0.0046
4  0  25.7 0.01210 0.01211 0.01703  38680    2270838.2 0.0051
4  0  25.7 0.01230 0.01230 0.01703  32098    1884420.0 0.0056
4  0  25.7 0.01250 0.01250 0.01703  27442    1611074.0 0.0060
4  0  25.7 0.01270 0.01270 0.01703  24620    1445399.1 0.0064
4  0  25.7 0.01290 0.01289 0.01703  22650    1329743.7 0.0066
4  0  25.7 0.01310 0.01309 0.01703  21672    1272326.9 0.0068
4  0  25.7 0.01330 0.01328 0.01703  21022    1234166.5 0.0069
4  0  25.7 0.01350 0.01348 0.01703  21206    1244968.9 0.0069
4  0  25.7 0.01370 0.01367 0.01703  20774    1219606.9 0.0069
4  0  25.7 0.01390 0.01387 0.01703  20824    1222542.3 0.0069
4  0  25.7 0.01410 0.01406 0.01703  20866    1225008.0 0.0069
4  0  25.7 0.01430 0.01426 0.01703  20926    1228530.5 0.0069
4  0  25.7 0.01450 0.01445 0.01703  20736    1217375.9 0.0069
4  0  25.7 0.01470 0.01475 0.01703  20846    1223833.9 0.0069
4  0  25.7 0.01490 0.01494 0.01703  20680    1214088.3 0.0070
4  0  25.7 0.01510 0.01514 0.01703  20846    1223833.9 0.0069
4  0  25.6 0.01530 0.01533 0.01703  20628    1211035.4 0.0070
4  0  25.6 0.01550 0.01553 0.01703  20668    1213383.8 0.0070
4  0  25.6 0.01570 0.01572 0.01703  20574    1207865.2 0.0070
4  0  25.6 0.01590 0.01592 0.01703  20566    1207395.5 0.0070
4  0  25.6 0.01610 0.01611 0.01703  20668    1213383.8 0.0070
4  0  25.6 0.01630 0.01631 0.01703  20420    1198824.1 0.0070
4  0  25.6 0.01650 0.01650 0.01703  20392    1197180.3 0.0070
4  0  25.6 0.01670 0.01670 0.01703  19964    1172053.1 0.0071
4  0  25.6 0.01690 0.01689 0.01703  19630    1152444.5 0.0071
4  0  25.6 0.01710 0.01709 0.01703  18538    1088335.0 0.0073
4  0  25.6 0.01730 0.01729 0.01703  18002    1056867.4 0.0075
4  0  25.6 0.01750 0.01748 0.01703  16636     976671.8 0.0078
4  0  25.6 0.01770 0.01768 0.01703  15054     883795.2 0.0082
4  0  25.6 0.01790 0.01787 0.01703  13552     795615.3 0.0086
4  0  25.6 0.01810 0.01807 0.01703  11916     699568.5 0.0092
4  0  25.6 0.01830 0.01826 0.01703  10044     589666.5 0.0100
4  0  25.6 0.01850 0.01846 0.01703   8624     506300.6 0.0108
4  0  25.6 0.01870 0.01865 0.01703   7276     427161.8 0.0117
4  0  25.6 0.01890 0.01895 0.01703   5520     324070.0 0.0135
4  0  25.6 0.01910 0.01914 0.01703   4618     271115.1 0.0147
4  0  25.6 0.01930 0.01934 0.01703   4120     241878.3 0.0156
4  0  25.6 0.01950 0.01953 0.01703   3648     214168.0 0.0166
4  0  25.6 0.01970 0.01973 0.01703   3260     191389.2 0.0175
4  0  25.6 0.01990 0.01992 0.01703   2980     174950.8 0.0183
4  0  25.6 0.02010 0.02012 0.01703   2946     172954.7 0.0184
4  0  25.6 0.02030 0.02031 0.01703   2756     161800.2 0.0190
4  0  25.6 0.02050 0.02051 0.01703   2724     159921.5 0.0192
4  0  25.6 0.02070 0.02070 0.01703   2606     152993.9 0.0196
4  0  25.6 0.02090 0.02090 0.01703   2534     148766.9 0.0199
4  0  25.6 0.02110 0.02109 0.01703   2490     146183.7 0.0200
4  0  25.6 0.02130 0.02129 0.01703   2466     144774.7 0.0201
4  0  25.6 0.02150 0.02148 0.01703   2246     131858.9 0.0211
4  0  25.6 0.02170 0.02168 0.01703   2340     137377.5 0.0207
4  0  25.6 0.02190 0.02188 0.01703   2278     133737.6 0.0210
4  0  25.6 0.02210 0.02207 0.01703   2300     135029.2 0.0209
4  0  25.6 0.02230 0.02227 0.01779   2348     132015.6 0.0206
4  0  25.6 0.02250 0.02246 0.01779   2264     127292.8 0.0210
4  0  25.6 0.02270 0.02266 0.01833   2386     130167.5 0.0205
4  0  25.6 0.02290 0.02285 0.01884   2310     122618.4 0.0208
4  0  25.6 0.02310 0.02314 0.02001   2360     117943.3 0.0206
4  0  25.6 0.02330 0.02334 0.02040   2262     110908.9 0.0210
4  0  25.6 0.02350 0.02354 0.02125   2354     110795.8 0.0206
4  0  25.6 0.02370 0.02373 0.02191   2248     102593.1 0.0211
4  0  25.6 0.02390 0.02393 0.02294   2234      97369.8 0.0212
4  0  25.6 0.02410 0.02412 0.02453   2238      91225.7 0.0211
4  0  25.6 0.02430 0.02432 0.02528   2286      90441.3 0.0209
4  0  25.6 0.02450 0.02451 0.02695   2296      85195.4 0.0209
4  0  25.6 0.02470 0.02471 0.02847   2236      78540.6 0.0211
4  0  25.6 0.02490 0.02490 0.02956   2236      75642.2 0.0211
4  0  25.6 0.02510 0.02510 0.03317   2284      68850.9 0.0209
4  0  25.6 0.02530 0.02529 0.03547   2260      63712.3 0.0210
4  0  25.6 0.02550 0.02549 0.04039   2248      55659.4 0.0211
4  0  25.6 0.02570 0.02568 0.04588   2256      49170.6 0.0211
4  0  25.6 0.02590 0.02588 0.05144   2256      43859.7 0.0211
4  0  25.6 0.02610 0.02607 0.05885   2310      39250.3 0.0208
4  0  25.6 0.02630 0.02627 0.06926   2310      33350.4 0.0208
4  0  25.6 0.02650 0.02646 0.07711   2260      29309.9 0.0210
4  0  25.6 0.02670 0.02666 0.09046   2330      25757.1 0.0207
4  0  25.6 0.02690 0.02686 0.09970   2310      23168.6 0.0208
4  0  25.6 0.02710 0.02715 0.12285   2312      18820.0 0.0208
4  0  25.6 0.02730 0.02734 0.13174   2242      17018.2 0.0211
4  0  25.6 0.02750 0.02754 0.14486   2248      15518.3 0.0211
4  0  25.6 0.02770 0.02773 0.15590   2288      14676.3 0.0209
4  0  25.6 0.02790 0.02793 0.16355   2286      13977.1 0.0209
4  0  25.6 0.02810 0.02813 0.17355   2234      12872.4 0.0212
4  0  25.6 0.02830 0.02832 0.18311   2338      12768.3 0.0207
4  0  25.6 0.02850 0.02852 0.18784   2284      12159.1 0.0209
4  0  25.6 0.02870 0.02871 0.19373   2272      11727.7 0.0210
4  0  25.6 0.02890 0.02891 0.19373   2238      11552.2 0.0211
4  0  25.6 0.02910 0.02910 0.20134   2238      11115.5 0.0211
4  0  25.6 0.02930 0.02930 0.21613   2322      10743.8 0.0208
4  0  25.6 0.02950 0.02949 0.22631   2322      10260.2 0.0208
4  0  25.6 0.02970 0.02969 0.23131   2274       9831.1 0.0210
4  0  25.6 0.02990 0.02988 0.23131   2238       9675.4 0.0211
4  0  25.6 0.03010 0.03008 0.25293   2364       9346.6 0.0206
4  0  25.6 0.03030 0.03027 0.26067   2280       8746.7 0.0209
4  0  25.6 0.03050 0.03047 0.26840   2280       8494.8 0.0209
4  0  25.6 0.03070 0.03066 0.27506   2244       8158.3 0.0211
4  0  25.6 0.03090 0.03086 0.28528   2238       7844.9 0.0211
4  0  25.6 0.03110 0.03105 0.29844   2276       7626.2 0.0210
4  0  25.6 0.03130 0.03135 0.31575   2240       7094.3 0.0211
4  0  25.6 0.03150 0.03154 0.33860   2288       6757.1 0.0209
4  0  25.6 0.03170 0.03174 0.33860   2230       6585.8 0.0212
4  0  25.6 0.03190 0.03193 0.36338   2268       6241.4 0.0210
4  0  25.6 0.03210 0.03213 0.39039   2250       5763.5 0.0211
4  0  25.6 0.03230 0.03232 0.40840   2230       5460.3 0.0212
4  0  25.6 0.03250 0.03252 0.44440   2240       5040.5 0.0211
4  0  25.6 0.03270 0.03271 0.47291   2256       4770.5 0.0211
4  0  25.6 0.03290 0.03291 0.51320   2300       4481.7 0.0209
4  0  25.6 0.03310 0.03311 0.54726   2240       4093.1 0.0211
4  0  25.6 0.03330 0.03330 0.60810   2284       3756.0 0.0209
4  0  25.6 0.03350 0.03350 0.66680   2296       3443.3 0.0209
4  0  25.6 0.03370 0.03369 0.71381   2278       3191.3 0.0210
4  0  25.6 0.03390 0.03389 0.78988   2270       2873.8 0.0210
4  0  25.6 0.03410 0.03408 0.90275   2244       2485.7 0.0211
4  0  25.6 0.03430 0.03428 1.01926   2224       2182.0 0.0212
4  0  25.6 0.03450 0.03447 1.13809   2330       2047.3 0.0207
4  0  25.6 0.03470 0.03467 1.21000   2048       1692.6 0.0221
4  0  25.6 0.03490 0.03486 1.21000   1946       1608.3 0.0227
4  0  25.6 0.03510 0.03506 1.21000   1804       1490.9 0.0235
4  0  25.6 0.03530 0.03525 1.21000   1512       1249.6 0.0257
4  0  25.6 0.03550 0.03555 1.21000   1448       1196.7 0.0263
4  0  25.6 0.03570 0.03574 1.21000   1440       1190.1 0.0264
4  0  25.6 0.03590 0.03594 1.21000   1202        993.4 0.0288
4  0  25.6 0.03610 0.03613 1.21000   1298       1072.7 0.0278
4  0  25.6 0.03630 0.03633 1.21000   1146        947.1 0.0295
4  0  25.6 0.03650 0.03652 1.21000   1182        976.9 0.0291
4  0  25.5 0.03670 0.03672 1.21000   1064        879.3 0.0307
4  0  25.5 0.03690 0.03691 1.21000   1094        904.1 0.0302
4  0  25.5 0.03710 0.03711 1.21000   1070        884.3 0.0306
4  0  25.5 0.03730 0.03730 1.21000    978        808.3 0.0320
4  0  25.5 0.03750 0.03750 1.21000    996        823.1 0.0317
4  0  25.5 0.03770 0.03770 1.21000    954        788.4 0.0324
4  0  25.5 0.03790 0.03789 1.21000    928        766.9 0.0328
4  0  25.5 0.03810 0.03809 1.21000    910        752.1 0.0331
4  0  25.5 0.03830 0.03828 1.21000    856        707.4 0.0342
4  0  25.5 0.03850 0.03848 1.21000    812        671.1 0.0351
4  0  25.5 0.03870 0.03867 1.21000    768        634.7 0.0361
4  0  25.5 0.03890 0.03887 1.21000    766        633.1 0.0361
4  0  25.5 0.03910 0.03906 1.21000    764        631.4 0.0362
4  0  25.5 0.03930 0.03926 1.21000    708        585.1 0.0376
4  0  25.5 0.03950 0.03945 1.21000    710        586.8 0.0375
4  0  25.5 0.03970 0.03975 1.21000    642        530.6 0.0395
4  0  25.5 0.03990 0.03994 1.21000    618        510.7 0.0402
4  1  25.5 0.00010 0.00010 1.21000     28         23.1 0.1890
4  1  25.5 0.00030 0.00029 1.21000     26         21.5 0.1961
4  1  25.5 0.00050 0.00049 1.21000     28         23.1 0.1890
4  1  25.5 0.00070 0.00068 1.21000     28         23.1 0.1890
4  1  25.5 0.00090 0.00088 1.21000     40         33.1 0.1581
4  1  25.5 0.00110 0.00107 1.21000     42         34.7 0.1543
4  1  25.5 0.00130 0.00127 1.21000     36         29.8 0.1667
4  1  25.5 0.00150 0.00146 1.21000     30         24.8 0.1826
4  1  25.5 0.00170 0.00166 1.21000     38         31.4 0.1622
4  1  25.5 0.00190 0.00186 1.21000     36         29.8 0.1667
4  1  25.5 0.00210 0.00215 1.21000     46         38.0 0.1474
4  1  25.5 0.00230 0.00234 1.21000     44         36.4 0.1508
4  1  25.5 0.00250 0.00254 1.21000     44         36.4 0.1508
4  1  25.5 0.00270 0.00273 1.21000     46         38.0 0.1474
4  1  25.5 0.00290 0.00293 1.21000     54         44.6 0.1361
4  1  25.5 0.00310 0.00313 1.21000     50         41.3 0.1414
4  1  25.5 0.00330 0.00332 1.21000     50         41.3 0.1414
4  1  25.5 0.00350 0.00352 1.21000     62         51.2 0.1270
4  1  25.5 0.00370 0.00371 1.21000     68         56.2 0.1213
4  1  25.5 0.00390 0.00391 1.21000     80         66.1 0.1118
4  1  25.5 0.00410 0.00410 1.21000    108         89.3 0.0962
4  1  25.5 0.00430 0.00430 1.21000    184        152.1 0.0737
4  1  25.5 0.00450 0.00449 1.21000    368        304.1 0.0521
4  1  25.5 0.00470 0.00469 1.21000    812        671.1 0.0351
4  1  25.5 0.00490 0.00488 1.21000   1852       1530.6 0.0232
4  1  25.5 0.00510 0.00508 1.21000   4632       3828.1 0.0147
4  1  25.5 0.00530 0.00527 1.21000  11244       9292.6 0.0094
4  1  25.5 0.00550 0.00547 1.21000  25374      20970.2 0.0063
4  1  25.5 0.00570 0.00566 1.21000  56202      46447.9 0.0042
4  1  25.5 0.00590 0.00586 0.60400  72796     120523.6 0.0037
4  1  25.5 0.00610 0.00605 0.29304  71546     244153.5 0.0037
4  1  25.5 0.00630 0.00635 0.12013  72538     603835.7 0.0037
4  1  25.5 0.00650 0.00654 0.07018  71150    1013755.4 0.0037
4  1  25.5 0.00670 0.00674 0.04474  71678    1602187.3 0.0037
4  1  25.5 0.00690 0.00693 0.03189  71572    2244189.0 0.0037
4  1  25.5 0.00710 0.00713 0.02519  72018    2858659.7 0.0037
4  1  25.5 0.00730 0.00732 0.02133  71730    3362497.1 0.0037
4  1  25.5 0.00750 0.00752 0.01915  72156    3767410.2 0.0037
4  1  25.5 0.00770 0.00771 0.01915  77292    4035571.2 0.0036
4  1  25.5 0.00790 0.00791 0.01709  71698    4195212.5 0.0037
4  1  25.5 0.00810 0.00811 0.01709  73736    4314460.5 0.0037
4  1  25.5 0.00830 0.00830 0.01709  75064    4392164.8 0.0036
4  1  25.5 0.00850 0.00850 0.01709  76032    4448804.6 0.0036
4  1  25.5 0.00870 0.00869 0.01709  76648    4484848.2 0.0036
4  1  25.5 0.00890 0.00889 0.01709  77094    4510944.7 0.0036
4  1  25.5 0.00910 0.00908 0.01709  77366    4526860.0 0.0036
4  1  25.5 0.00930 0.00928 0.01709  77542    4537158.2 0.0036
4  1  25.5 0.00950 0.00947 0.01709  77596    4540317.8 0.0036
4  1  25.5 0.00970 0.00967 0.01709  77566    4538562.4 0.0036
4  1  25.5 0.00990 0.00986 0.01709  77430    4530604.8 0.0036
4  1  25.5 0.01010 0.01006 0.01709  77168    4515274.6 0.0036
4  1  25.5 0.01030 0.01025 0.01709  76776    4492337.8 0.0036
4  1  25.5 0.01050 0.01055 0.01709  75674    4427857.2 0.0036
4  1  25.5 0.01070 0.01074 0.01709  74482    4358110.6 0.0037
4  1  25.5 0.01090 0.01094 0.01709  72858    4263086.7 0.0037
4  1  25.5 0.01110 0.01113 0.01709  70302    4113529.3 0.0038
4  1  25.5 0.01130 0.01133 0.01709  66706    3903119.2 0.0039
4  1  25.5 0.01150 0.01152 0.01709  61390    3592068.0 0.0040
4  1  25.5 0.01170 0.01172 0.01709  54748    3203429.6 0.0043
4  1  25.5 0.01190 0.01191 0.01709  47306    2767981.3 0.0046
4  1  25.5 0.01210 0.01211 0.01709  39548    2314043.1 0.0050
4  1  25.5 0.01230 0.01230 0.01709  33330    1950213.8 0.0055
4  1  25.5 0.01250 0.01250 0.01709  29134    1704696.4 0.0059
4  1  25.5 0.01270 0.01270 0.01709  26370    1542968.5 0.0062
4  1  25.5 0.01290 0.01289 0.01709  24698    1445136.0 0.0064
4  1  25.5 0.01310 0.01309 0.01709  23954    1401602.8 0.0065
4  1  25.5 0.01330 0.01328 0.01709  23572    1379251.1 0.0065
4  1  25.5 0.01350 0.01348 0.01709  23136    1353739.8 0.0066
4  1  25.5 0.01370 0.01367 0.01709  23068    1349761.0 0.0066
4  1  25.5 0.01390 0.01387 0.01709  23252    1360527.2 0.0066
4  1  25.5 0.01410 0.01406 0.01709  22830    1335835.0 0.0066
4  1  25.5 0.01430 0.01426 0.01709  23022    1347069.4 0.0066
4  1  25.5 0.01450 0.01445 0.01709  23098    1351516.3 0.0066
4  1  25.5 0.01470 0.01475 0.01709  23084    1350697.2 0.0066
4  1  25.5 0.01490 0.01494 0.01709  23066    1349643.9 0.0066
4  1  25.5 0.01510 0.01514 0.01709  22994    1345431.1 0.0066
4  1  25.5 0.01530 0.01533 0.01709  23110    1352218.5 0.0066
4  1  25.5 0.01550 0.01553 0.01709  23230    1359239.9 0.0066
4  1  25.5 0.01570 0.01572 0.01709  23100    1351633.4 0.0066
4  1  25.5 0.01590 0.01592 0.01709  22660    1325888.0 0.0066
4  1  25.5 0.01610 0.01611 0.01709  22922    1341218.2 0.0066
4  1  25.5 0.01630 0.01631 0.01709  22788    1333377.5 0.0066
4  1  25.5 0.01650 0.01650 0.01709  22776    1332675.4 0.0066
4  1  25.5 0.01670 0.01670 0.01709  22474    1315004.7 0.0067
4  1  25.5 0.01690 0.01689 0.01709  22178    1297685.0 0.0067
4  1  25.5 0.01710 0.01709 0.01709  21554    1261173.4 0.0068
4  1  25.5 0.01730 0.01729 0.01709  20618    1206405.9 0.0070
4  1  25.5 0.01750 0.01748 0.01709  19492    1140521.1 0.0072
4  1  25.5 0.01770 0.01768 0.01709  18218    1065976.5 0.0074
4  1  25.5 0.01790 0.01787 0.01709  16724     978559.1 0.0077
4  1  25.5 0.01810 0.01807 0.01709  15224     890790.7 0.0081
4  1  25.5 0.01830 0.01826 0.01709  13150     769436.3 0.0087
4  1  25.5 0.01850 0.01846 0.01709  11078     648198.9 0.0095
4  1  25.5 0.01870 0.01865 0.01709   9724     568973.3 0.0101
4  1  25.5 0.01890 0.01895 0.01709   7468     436969.6 0.0116
4  1  25.5 0.01910 0.01914 0.01709   6312     369329.4 0.0126
4  1  25.5 0.01930 0.01934 0.01709   5470     320062.1 0.0135
4  1  25.5 0.01950 0.01953 0.01709   4558     266698.9 0.0148
4  1  25.5 0.01970 0.01973 0.01709   4356     254879.4 0.0152
4  1  25.5 0.01990 0.01992 0.01709   4026     235570.4 0.0158
4  1  25.5 0.02010 0.02012 0.01709   3648     213452.7 0.0166
4  1  25.5 0.02030 0.02031 0.01709   3636     212750.6 0.0166
4  1  25.5 0.02050 0.02051 0.01709   3352     196133.1 0.0173
4  1  25.5 0.02070 0.02070 0.01709   3278     191803.2 0.0175
4  1  25.5 0.02090 0.02090 0.01709   3240     189579.7 0.0176
4  1  25.5 0.02110 0.02109 0.01709   3098     181271.0 0.0180
4  1  25.5 0.02130 0.02129 0.01709   2920     170855.8 0.0185
4  1  25.5 0.02150 0.02148 0.01709   2942     172143.1 0.0184
4  1  25.5 0.02170 0.02168 0.01709   2872     168047.2 0.0187
4  1  25.5 0.02190 0.02188 0.01709   2816     164770.5 0.0188
4  1  25.5 0.02210 0.02207 0.01709   2860     167345.1 0.0187
4  1  25.5 0.02230 0.02227 0.01709   2686     157163.9 0.0193
4  1  25.5 0.02250 0.02246 0.01709   2678     156695.8 0.0193
4  1  25.5 0.02270 0.02266 0.01709   2550     149206.3 0.0198
4  1  25.5 0.02290 0.02285 0.01709   2534     148270.1 0.0199
4  1  25.5 0.02310 0.02314 0.01709   2314     135397.4 0.0208
4  1  25.5 0.02330 0.02334 0.01709   2348     137386.8 0.0206
4  1  25.5 0.02350 0.02354 0.01709   2296     134344.2 0.0209
4  1  25.5 0.02370 0.02373 0.01761   2234     126833.7 0.0212
4  1  25.5 0.02390 0.02393 0.01839   2248     122229.3 0.0211
4  1  25.5 0.02410 0.02412 0.01839   2258     122773.1 0.0210
4  1  25.5 0.02430 0.02432 0.02056   2388     116167.8 0.0205
4  1  25.5 0.02450 0.02451 0.02056   2266     110232.9 0.0210
4  1  25.5 0.02470 0.02471 0.02255   2260     100243.3 0.0210
4  1  25.5 0.02490 0.02490 0.02294   2228      97133.9 0.0212
4  1  25.5 0.02510 0.02510 0.02590   2420      93444.1 0.0203
4  1  25.5 0.02530 0.02529 0.02597   2244      86414.3 0.0211
4  1  25.5 0.02550 0.02549 0.02985   2404      80523.7 0.0204
4  1  25.5 0.02570 0.02568 0.03210   2254      70209.6 0.0211
4  1  25.5 0.02590 0.02588 0.03553   2342      65924.9 0.0207
4  1  25.5 0.02610 0.02607 0.03875   2244      57907.8 0.0211
4  1  25.5 0.02630 0.02627 0.04643   2390      51475.3 0.0205
4  1  25.5 0.02650 0.02646 0.05041   2234      44314.8 0.0212
4  1  25.5 0.02670 0.02666 0.05858   2284      38991.4 0.0209
4  1  25.5 0.02690 0.02686 0.06424   2286      35583.1 0.0209
4  1  25.5 0.02710 0.02715 0.07887   2266      28731.8 0.0210
4  1  25.5 0.02730 0.02734 0.08860   2296      25915.3 0.0209
4  1  25.5 0.02750 0.02754 0.09641   2254      23380.3 0.0211
4  1  25.5 0.02770 0.02773 0.11016   2296      20842.6 0.0209
4  1  25.5 0.02790 0.02793 0.11723   2290      19534.5 0.0209
4  1  25.5 0.02810 0.02813 0.12680   2246      17713.3 0.0211
4  1  25.5 0.02830 0.02832 0.12960   2270      17515.8 0.0210
4  1  25.5 0.02850 0.02852 0.13992   2276      16265.9 0.0210
4  1  25.5 0.02870 0.02871 0.14313   2238      15635.9 0.0211
4  1  25.5 0.02890 0.02891 0.15100   2256      14940.2 0.0211
4  1  25.5 0.02910 0.02910 0.15100   2254      14927.0 0.0211
4  1  25.5 0.02930 0.02930 0.16693   2364      14161.8 0.0206
4  1  25.5 0.02950 0.02949 0.16693   2298      13766.4 0.0209
4  1  25.5 0.02970 0.02969 0.17109   2266      13244.8 0.0210
4  1  25.5 0.02990 0.02988 0.17109   2224      12999.3 0.0212
4  1  25.5 0.03010 0.03008 0.18672   2248      12039.7 0.0211
4  1  25.5 0.03030 0.03027 0.18672   2224      11911.2 0.0212
4  1  25.5 0.03050 0.03047 0.20554   2292      11151.1 0.0209
4  1  25.5 0.03070 0.03066 0.20554   2240      10898.2 0.0211
4  1  25.5 0.03090 0.03086 0.21665   2292      10579.0 0.0209
4  1  25.5 0.03110 0.03105 0.22469   2320      10325.5 0.0208
4  1  25.5 0.03130 0.03135 0.24409   2278       9332.6 0.0210
4  1  25.5 0.03150 0.03154 0.24453   2288       9356.7 0.0209
4  1  25.5 0.03170 0.03174 0.26087   2222       8517.6 0.0212
4  1  25.5 0.03190 0.03193 0.28166   2346       8329.1 0.0206
4  1  25.5 0.03210 0.03213 0.28894   2240       7752.4 0.0211
4  1  25.5 0.03230 0.03232 0.31396   2370       7548.6 0.0205
4  1  25.5 0.03250 0.03252 0.31396   2316       7376.6 0.0208
4  1  25.5 0.03270 0.03271 0.35021   2308       6590.2 0.0208
4  1  25.5 0.03290 0.03291 0.35892   2310       6436.0 0.0208
4  1  25.5 0.03310 0.03311 0.39364   2328       5914.0 0.0207
4  1  25.5 0.03330 0.03330 0.42295   2420       5721.7 0.0203
4  1  25.5 0.03350 0.03350 0.43752   2226       5087.7 0.0212
4  1  25.5 0.03370 0.03369 0.47285   2238       4733.0 0.0211
4  1  25.5 0.03390 0.03389 0.52299   2266       4332.8 0.0210
4  1  25.5 0.03410 0.03408 0.56522   2234       3952.5 0.0212
4  1  25.5 0.03430 0.03428 0.62297   2224       3570.0 0.0212
4  1  25.5 0.03450 0.03447 0.69420   2318       3339.1 0.0208
4  1  25.5 0.03470 0.03467 0.76979   2330       3026.8 0.0207
4  1  25.5 0.03490 0.03486 0.82155   2238       2724.1 0.0211
4  1  25.5 0.03510 0.03506 0.94595   2238       2365.9 0.0211
4  1  25.5 0.03530 0.03525 1.02233   2230       2181.3 0.0212
4  1  25.5 0.03550 0.03555 1.17594   2258       1920.2 0.0210
4  1  25.5 0.03570 0.03574 1.21000   2048       1692.6 0.0221
4  1  25.5 0.03590 0.03594 1.21000   2016       1666.1 0.0223
4  1  25.5 0.03610 0.03613 1.21000   1922       1588.4 0.0228
4  1  25.4 0.03630 0.03633 1.21000   1694       1400.0 0.0243
4  1  25.4 0.03650 0.03652 1.21000   1668       1378.5 0.0245
4  1  25.4 0.03670 0.03672 1.21000   1536       1269.4 0.0255
4  1  25.5 0.03690 0.03691 1.21000   1472       1216.5 0.0261
4  1  25.5 0.03710 0.03711 1.21000   1404       1160.3 0.0267
4  1  25.5 0.03730 0.03730 1.21000   1366       1128.9 0.0271
4  1  25.5 0.03750 0.03750 1.21000   1364       1127.3 0.0271
4  1  25.5 0.03770 0.03770 1.21000   1298       1072.7 0.0278
4  1  25.5 0.03790 0.03789 1.21000   1330       1099.2 0.0274
4  1  25.5 0.03810 0.03809 1.21000   1240       1024.8 0.0284
4  1  25.5 0.03830 0.03828 1.21000   1200        991.7 0.0289
4  1  25.5 0.03850 0.03848 1.21000   1094        904.1 0.0302
4  1  25.5 0.03870 0.03867 1.21000   1090        900.8 0.0303
4  1  25.5 0.03890 0.03887 1.21000   1078        890.9 0.0305
4  1  25.5 0.03910 0.03906 1.21000   1046        864.5 0.0309
4  1  25.5 0.03930 0.03926 1.21000    942        778.5 0.0326
4  1  25.5 0.03950 0.03945 1.21000    972        803.3 0.0321
4  1  25.5 0.03970 0.03975 1.21000    864        714.0 0.0340
4  1  25.5 0.03990 0.03994 1.21000    878        725.6 0.0337
4  2  25.5 0.00010 0.00010 1.21000      4          3.3 0.5000
4  2  25.5 0.00030 0.00029 1.21000      6          5.0 0.4082
4  2  25.5 0.00050 0.00049 1.21000      6          5.0 0.4082
4  2  25.5 0.00070 0.00068 1.21000      4          3.3 0.5000
4  2  25.5 0.00090 0.00088 1.21000      6          5.0 0.4082
4  2  25.5 0.00110 0.00107 1.21000      6          5.0 0.4082
4  2  25.5 0.00130 0.00127 1.21000      6          5.0 0.4082
4  2  25.5 0.00150 0.00146 1.21000      2          1.7 0.7071
4  2  25.5 0.00170 0.00166 1.21000      8          6.6 0.3536
4  2  25.5 0.00190 0.00186 1.21000     16         13.2 0.2500
4  2  25.5 0.00210 0.00215 1.21000     12          9.9 0.2887
4  2  25.5 0.00230 0.00234 1.21000     14         11.6 0.2673
4  2  25.5 0.00250 0.00254 1.21000     10          8.3 0.3162
4  2  25.5 0.00270 0.00273 1.21000     20         16.5 0.2236
4  2  25.5 0.00290 0.00293 1.21000     16         13.2 0.2500
4  2  25.5 0.00310 0.00313 1.21000     14         11.6 0.2673
4  2  25.5 0.00330 0.00332 1.21000     16         13.2 0.2500
4  2  25.5 0.00350 0.00352 1.21000     16         13.2 0.2500
4  2  25.5 0.00370 0.00371 1.21000     22         18.2 0.2132
4  2  25.5 0.00390 0.00391 1.21000     44         36.4 0.1508
4  2  25.5 0.00410 0.00410 1.21000     46         38.0 0.1474
4  2  25.5 0.00430 0.00430 1.21000    104         86.0 0.0981
4  2  25.5 0.00450 0.00449 1.21000    264        218.2 0.0615
4  2  25.5 0.00470 0.00469 1.21000    588        486.0 0.0412
4  2  25.5 0.00490 0.00488 1.21000   1628       1345.5 0.0248
4  2  25.5 0.00510 0.00508 1.21000   4034       3333.9 0.0157
4  2  25.5 0.00530 0.00527 1.21000   9566       7905.8 0.0102
4  2  25.5 0.00550 0.00547 1.21000  21906      18104.1 0.0068
4  2  25.5 0.00570 0.00566 1.21000  49082      40563.6 0.0045
4  2  25.5 0.00590 0.00586 0.67121  71896     107114.7 0.0037
4  2  25.5 0.00610 0.00605 0.33083  71328     215603.2 0.0037
4  2  25.5 0.00630 0.00635 0.13014  71500     549419.9 0.0037
4  2  25.5 0.00650 0.00654 0.07644  72714     951315.8 0.0037
4  2  25.5 0.00670 0.00674 0.04799  72102    1502534.1 0.0037
4  2  25.5 0.00690 0.00693 0.03357  71288    2123335.1 0.0037
4  2  25.5 0.00710 0.00713 0.02633  72782    2764289.9 0.0037
4  2  25.5 0.00730 0.00732 0.02185  71720    3281684.4 0.0037
4  2  25.5 0.00750 0.00752 0.01945  72422    3724349.5 0.0037
4  2  25.5 0.00770 0.00771 0.01945  77908    4006470.7 0.0036
4  2  25.5 0.00790 0.00791 0.01717  71974    4191323.2 0.0037
4  2  25.5 0.00810 0.00811 0.01717  74128    4316758.9 0.0037
4  2  25.5 0.00830 0.00830 0.01717  75628    4404109.7 0.0036
4  2  25.5 0.00850 0.00850 0.01717  76590    4460130.7 0.0036
4  2  25.5 0.00870 0.00869 0.01717  77266    4499496.8 0.0036
4  2  25.5 0.00890 0.00889 0.01717  77714    4525585.5 0.0036
4  2  25.5 0.00910 0.00908 0.01717  78034    4544220.4 0.0036
4  2  25.5 0.00930 0.00928 0.01717  78216    4554818.9 0.0036
4  2  25.5 0.00950 0.00947 0.01717  78296    4559477.6 0.0036
4  2  25.5 0.00970 0.00967 0.01717  78278    4558429.4 0.0036
4  2  25.5 0.00990 0.00986 0.01717  78160    4551557.8 0.0036
4  2  25.5 0.01010 0.01006 0.01717  77930    4538164.0 0.0036
4  2  25.5 0.01030 0.01025 0.01717  77530    4514870.5 0.0036
4  2  25.5 0.01050 0.01055 0.01717  76492    4454423.8 0.0036
4  2  25.5 0.01070 0.01074 0.01717  75402    4390948.9 0.0036
4  2  25.5 0.01090 0.01094 0.01717  73856    4300919.3 0.0037
4  2  25.5 0.01110 0.01113 0.01717  71392    4157431.1 0.0037
4  2  25.5 0.01130 0.01133 0.01717  67700    3942431.7 0.0038
4  2  25.5 0.01150 0.01152 0.01717  62590    3644856.8 0.0040
4  2  25.5 0.01170 0.01172 0.01717  56228    3274373.0 0.0042
4  2  25.5 0.01190 0.01191 0.01717  48676    2834590.9 0.0045
4  2  25.5 0.01210 0.01211 0.01717  43254    2518847.0 0.0048
4  2  25.5 0.01230 0.01230 0.01717  35058    2041562.4 0.0053
4  2  25.5 0.01250 0.01250 0.01717  30724    1789176.8 0.0057
4  2  25.5 0.01270 0.01270 0.01717  27440    1597936.9 0.0060
4  2  25.5 0.01290 0.01289 0.01717  25878    1506975.6 0.0062
4  2  25.5 0.01310 0.01309 0.01717  25160    1465163.7 0.0063
4  2  25.5 0.01330 0.01328 0.01717  24786    1443384.2 0.0064
4  2  25.5 0.01350 0.01348 0.01717  24254    1412403.8 0.0064
4  2  25.5 0.01370 0.01367 0.01717  24288    1414383.8 0.0064
4  2  25.5 0.01390 0.01387 0.01717  24128    1405066.4 0.0064
4  2  25.5 0.01410 0.01406 0.01717  24080    1402271.1 0.0064
4  2  25.5 0.01430 0.01426 0.01717  23962    1395399.5 0.0065
4  2  25.5 0.01450 0.01445 0.01717  23940    1394118.4 0.0065
4  2  25.5 0.01470 0.01475 0.01717  24160    1406929.8 0.0064
4  2  25.5 0.01490 0.01494 0.01717  23964    1395516.0 0.0065
4  2  25.5 0.01510 0.01514 0.01717  24036    1399708.9 0.0065
4  2  25.5 0.01530 0.01533 0.01717  24024    1399010.0 0.0065
4  2  25.5 0.01550 0.01553 0.01717  24244    1411821.5 0.0064
4  2  25.5 0.01570 0.01572 0.01717  23970    1395865.4 0.0065
4  2  25.5 0.01590 0.01592 0.01717  24002    1397728.9 0.0065
4  2  25.5 0.01610 0.01611 0.01717  23770    1384218.6 0.0065
4  2  25.5 0.01630 0.01631 0.01717  23844    1388528.0 0.0065
4  2  25.5 0.01650 0.01650 0.01717  23746    1382821.0 0.0065
4  2  25.5 0.01670 0.01670 0.01717  23678    1378861.1 0.0065
4  2  25.5 0.01690 0.01689 0.01717  23534    1370475.5 0.0065
4  2  25.5 0.01710 0.01709 0.01717  23268    1354985.3 0.0066
4  2  25.5 0.01730 0.01729 0.01717  22826    1329245.9 0.0066
4  2  25.5 0.01750 0.01748 0.01717  22116    1287899.9 0.0067
4  2  25.5 0.01770 0.01768 0.01717  21278    1239099.9 0.0069
4  2  25.5 0.01790 0.01787 0.01717  20318    1183195.4 0.0070
4  2  25.5 0.01810 0.01807 0.01717  18898    1100503.3 0.0073
4  2  25.5 0.01830 0.01826 0.01717  17312    1008144.4 0.0076
4  2  25.5 0.01850 0.01846 0.01717  15424     898198.9 0.0081
4  2  25.5 0.01870 0.01865 0.01717  13736     799900.2 0.0085
4  2  25.5 0.01890 0.01895 0.01717  11014     641387.6 0.0095
4  2  25.5 0.01910 0.01914 0.01717   9750     567780.1 0.0101
4  2  25.5 0.01930 0.01934 0.01717   8372     487533.8 0.0109
4  2  25.5 0.01950 0.01953 0.01717   7240     421613.1 0.0118
4  2  25.5 0.01970 0.01973 0.01717   6408     373162.5 0.0125
4  2  25.5 0.01990 0.01992 0.01717   5700     331933.0 0.0132
4  2  25.5 0.02010 0.02012 0.01717   5306     308988.8 0.0137
4  2  25.5 0.02030 0.02031 0.01717   4938     287558.8 0.0142
4  2  25.5 0.02050 0.02051 0.01717   4612     268574.5 0.0147
4  2  25.5 0.02070 0.02070 0.01717   4340     252734.9 0.0152
4  2  25.5 0.02090 0.02090 0.01717   4156     242019.9 0.0155
4  2  25.5 0.02110 0.02109 0.01717   4296     250172.6 0.0153
4  2  25.5 0.02130 0.02129 0.01717   4094     238409.4 0.0156
4  2  25.5 0.02150 0.02148 0.01717   3928     228742.6 0.0160
4  2  25.5 0.02170 0.02168 0.01717   3842     223734.5 0.0161
4  2  25.5 0.02190 0.02188 0.01717   3680     214300.6 0.0165
4  2  25.5 0.02210 0.02207 0.01717   3694     215115.8 0.0165
4  2  25.5 0.02230 0.02227 0.01717   3516     204750.2 0.0169
4  2  25.5 0.02250 0.02246 0.01717   3494     203469.1 0.0169
4  2  25.5 0.02270 0.02266 0.01717   3298     192055.2 0.0174
4  2  25.5 0.02290 0.02285 0.01717   3320     193336.4 0.0174
4  2  25.5 0.02310 0.02314 0.01717   3086     179709.7 0.0180
4  2  25.5 0.02330 0.02334 0.01717   3066     178545.0 0.0181
4  2  25.5 0.02350 0.02354 0.01717   2990     174119.2 0.0183
4  2  25.5 0.02370 0.02373 0.01717   2892     168412.3 0.0186
4  2  25.5 0.02390 0.02393 0.01717   2744     159793.7 0.0191
4  2  25.5 0.02410 0.02412 0.01717   2678     155950.3 0.0193
4  2  25.5 0.02430 0.02432 0.01717   2500     145584.6 0.0200
4  2  25.5 0.02450 0.02451 0.01717   2490     145002.3 0.0200
4  2  25.5 0.02470 0.02471 0.01717   2368     137897.8 0.0205
4  2  25.5 0.02490 0.02490 0.01717   2262     131725.0 0.0210
4  2  25.5 0.02510 0.02510 0.01771   2248     126903.5 0.0211
4  2  25.5 0.02530 0.02529 0.01876   2346     125045.1 0.0206
4  2  25.5 0.02550 0.02549 0.01926   2266     117628.3 0.0210
4  2  25.5 0.02570 0.02568 0.02069   2282     110313.0 0.0209
4  2  25.5 0.02590 0.02588 0.02185   2250     102990.1 0.0211
4  2  25.5 0.02610 0.02607 0.02338   2342     100157.4 0.0207
4  2  25.5 0.02630 0.02627 0.02505   2298      91729.9 0.0209
4  2  25.5 0.02650 0.02646 0.02760   2310      83699.1 0.0208
4  2  25.5 0.02670 0.02666 0.03076   2278      74055.7 0.0210
4  2  25.5 0.02690 0.02686 0.03243   2270      69993.4 0.0210
4  2  25.5 0.02710 0.02715 0.03846   2318      60270.0 0.0208
4  2  25.5 0.02730 0.02734 0.04273   2234      52282.6 0.0212
4  2  25.5 0.02750 0.02754 0.04979   2356      47318.1 0.0206
4  2  25.5 0.02770 0.02773 0.05441   2340      43007.6 0.0207
4  2  25.5 0.02790 0.02793 0.06216   2292      36873.8 0.0209
4  2  25.5 0.02810 0.02813 0.06685   2254      33716.6 0.0211
4  2  25.5 0.02830 0.02832 0.07303   2350      32178.4 0.0206
4  2  25.5 0.02850 0.02852 0.07989   2308      28888.9 0.0208
4  2  25.5 0.02870 0.02871 0.08173   2222      27186.6 0.0212
4  2  25.5 0.02890 0.02891 0.08782   2246      25575.7 0.0211
4  2  25.5 0.02910 0.02910 0.09631   2314      24025.7 0.0208
4  2  25.5 0.02930 0.02930 0.09997   2244      22447.8 0.0211
4  2  25.5 0.02950 0.02949 0.10409   2336      22442.6 0.0207
4  2  25.5 0.02970 0.02969 0.10930   2262      20695.0 0.0210
4  2  25.5 0.02990 0.02988 0.10930   2236      20457.1 0.0211
4  2  25.5 0.03010 0.03008 0.11521   2300      19963.0 0.0209
4  2  25.5 0.03030 0.03027 0.12191   2408      19752.9 0.0204
4  2  25.5 0.03050 0.03047 0.12517   2272      18151.2 0.0210
4  2  25.5 0.03070 0.03066 0.13437   2342      17429.8 0.0207
4  2  25.5 0.03090 0.03086 0.13437   2252      16760.0 0.0211
4  2  25.5 0.03110 0.03105 0.14368   2296      15980.1 0.0209
4  2  25.5 0.03130 0.03135 0.14751   2264      15348.2 0.0210
4  2  25.5 0.03150 0.03154 0.15381   2252      14641.3 0.0211
4  2  25.5 0.03170 0.03174 0.16557   2280      13770.8 0.0209
4  2  25.5 0.03190 0.03193 0.16557   2286      13807.0 0.0209
4  2  25.5 0.03210 0.03213 0.17898   2246      12549.1 0.0211
4  2  25.5 0.03230 0.03232 0.17898   2242      12526.7 0.0211
4  2  25.5 0.03250 0.03252 0.19083   2312      12115.6 0.0208
4  2  25.5 0.03270 0.03271 0.19917   2228      11186.5 0.0212
4  2  25.5 0.03290 0.03291 0.20622   2248      10900.9 0.0211
4  2  25.5 0.03310 0.03311 0.21898   2294      10475.7 0.0209
4  2  25.5 0.03330 0.03330 0.23341   2236       9579.6 0.0211
4  2  25.5 0.03350 0.03350 0.24911   2294       9208.9 0.0209
4  2  25.5 0.03370 0.03369 0.25666   2234       8704.2 0.0212
4  2  25.5 0.03390 0.03389 0.27325   2284       8358.5 0.0209
4  2  25.5 0.03410 0.03408 0.29458   2314       7855.3 0.0208
4  2  25.5 0.03430 0.03428 0.31898   2384       7473.8 0.0205
4  2  25.5 0.03450 0.03447 0.33623   2234       6644.2 0.0212
4  2  25.5 0.03470 0.03467 0.35279   2290       6491.2 0.0209
4  2  25.5 0.03490 0.03486 0.37999   2272       5979.2 0.0210
4  2  25.5 0.03510 0.03506 0.40828   2238       5481.5 0.0211
4  2  25.5 0.03530 0.03525 0.42793   2234       5220.5 0.0212
4  2  25.5 0.03550 0.03555 0.52073   2250       4320.9 0.0211
4  2  25.5 0.03570 0.03574 0.54018   2236       4139.4 0.0211
4  2  25.5 0.03590 0.03594 0.58209   2266       3892.8 0.0210
4  2  25.5 0.03610 0.03613 0.64085   2302       3592.1 0.0208
4  2  25.5 0.03630 0.03633 0.71198   2326       3266.9 0.0207
4  2  25.5 0.03650 0.03652 0.75985   2232       2937.4 0.0212
4  2  25.5 0.03670 0.03672 0.81473   2334       2864.8 0.0207
4  2  25.5 0.03690 0.03691 0.89927   2304       2562.1 0.0208
4  2  25.5 0.03710 0.03711 0.97336   2312       2375.3 0.0208
4  2  25.5 0.03730 0.03730 1.02212   2330       2279.6 0.0207
4  2  25.5 0.03750 0.03750 1.04565   2226       2128.8 0.0212
4  2  25.5 0.03770 0.03770 1.16872   2408       2060.4 0.0204
4  2  25.5 0.03790 0.03789 1.16872   2272       1944.0 0.0210
4  2  25.5 0.03810 0.03809 1.21000   2110       1743.8 0.0218
4  2  25.5 0.03830 0.03828 1.21000   2120       1752.1 0.0217
4  2  25.5 0.03850 0.03848 1.21000   1976       1633.1 0.0225
4  2  25.5 0.03870 0.03867 1.21000   1880       1553.7 0.0231
4  2  25.5 0.03890 0.03887 1.21000   1922       1588.4 0.0228
4  2  25.5 0.03910 0.03906 1.21000   1766       1459.5 0.0238
4  2  25.5 0.03930 0.03926 1.21000   1734       1433.1 0.0240
4  2  25.5 0.03950 0.03945 1.21000   1674       1383.5 0.0244
4  2  25.5 0.03970 0.03975 1.21000   1578       1304.1 0.0252
4  2  25.5 0.03990 0.03994 1.21000   1394       1152.1 0.0268
4  3  25.5 0.00010 0.00010 1.21000     20         16.5 0.2236
4  3  25.5 0.00030 0.00029 1.21000     10          8.3 0.3162
4  3  25.5 0.00050 0.00049 1.21000     22         18.2 0.2132
4  3  25.5 0.00070 0.00068 1.21000     20         16.5 0.2236
4  3  25.5 0.00090 0.00088 1.21000     22         18.2 0.2132
4  3  25.5 0.00110 0.00107 1.21000     26         21.5 0.1961
4  3  25.5 0.00130 0.00127 1.21000     26         21.5 0.1961
4  3  25.5 0.00150 0.00146 1.21000     22         18.2 0.2132
4  3  25.5 0.00170 0.00166 1.21000     36         29.8 0.1667
4  3  25.5 0.00190 0.00186 1.21000     28         23.1 0.1890
4  3  25.5 0.00210 0.00215 1.21000     24         19.8 0.2041
4  3  25.5 0.00230 0.00234 1.21000     30         24.8 0.1826
4  3  25.5 0.00250 0.00254 1.21000     50         41.3 0.1414
4  3  25.5 0.00270 0.00273 1.21000     54         44.6 0.1361
4  3  25.5 0.00290 0.00293 1.21000     42         34.7 0.1543
4  3  25.5 0.00310 0.00313 1.21000     32         26.4 0.1768
4  3  25.5 0.00330 0.00332 1.21000     46         38.0 0.1474
4  3  25.5 0.00350 0.00352 1.21000     50         41.3 0.1414
4  3  25.5 0.00370 0.00371 1.21000     58         47.9 0.1313
4  3  25.5 0.00390 0.00391 1.21000     68         56.2 0.1213
4  3  25.5 0.00410 0.00410 1.21000     96         79.3 0.1021
4  3  25.5 0.00430 0.00430 1.21000    160        132.2 0.0791
4  3  25.5 0.00450 0.00449 1.21000    346        286.0 0.0538
4  3  25.5 0.00470 0.00469 1.21000    716        591.7 0.0374
4  3  25.5 0.00490 0.00488 1.21000   1784       1474.4 0.0237
4  3  25.6 0.00510 0.00508 1.21000   4382       3621.5 0.0151
4  3  25.6 0.00530 0.00527 1.21000  10284       8499.2 0.0099
4  3  25.6 0.00550 0.00547 1.21000  23870      19727.3 0.0065
4  3  25.6 0.00570 0.00566 1.21000  52722      43571.9 0.0044
4  3  25.6 0.00590 0.00586 0.63297  71774     113393.3 0.0037
4  3  25.6 0.00610 0.00605 0.31029  71630     230850.1 0.0037
4  3  25.6 0.00630 0.00635 0.12429  72358     582174.4 0.0037
4  3  25.6 0.00650 0.00654 0.07222  71230     986239.4 0.0037
4  3  25.6 0.00670 0.00674 0.04565  71768    1572097.9 0.0037
4  3  25.6 0.00690 0.00693 0.03245  70948    2186193.9 0.0038
4  3  25.6 0.00710 0.00713 0.02537  72058    2840073.3 0.0037
4  3  25.6 0.00730 0.00732 0.02142  71916    3357122.6 0.0037
4  3  25.6 0.00750 0.00752 0.01914  71964    3760713.9 0.0037
4  3  25.6 0.00770 0.00771 0.01914  77174    4032979.4 0.0036
4  3  25.6 0.00790 0.00791 0.01706  71722    4203769.9 0.0037
4  3  25.6 0.00810 0.00811 0.01706  73848    4328379.0 0.0037
4  3  25.6 0.00830 0.00830 0.01706  75220    4408794.7 0.0036
4  3  25.6 0.00850 0.00850 0.01706  76136    4462483.3 0.0036
4  3  25.6 0.00870 0.00869 0.01706  76764    4499291.6 0.0036
4  3  25.6 0.00890 0.00889 0.01706  77176    4523439.8 0.0036
4  3  25.6 0.00910 0.00908 0.01706  77484    4541492.2 0.0036
4  3  25.6 0.00930 0.00928 0.01706  77628    4549932.4 0.0036
4  3  25.6 0.00950 0.00947 0.01706  77692    4553683.5 0.0036
4  3  25.6 0.00970 0.00967 0.01706  77660    4551808.0 0.0036
4  3  25.6 0.00990 0.00986 0.01706  77518    4543485.1 0.0036
4  3  25.6 0.01010 0.01006 0.01706  77260    4528363.2 0.0036
4  3  25.6 0.01030 0.01025 0.01706  76836    4503511.7 0.0036
4  3  25.6 0.01050 0.01055 0.01706  75744    4439507.4 0.0036
4  3  25.6 0.01070 0.01074 0.01706  74572    4370814.1 0.0037
4  3  25.6 0.01090 0.01094 0.01706  72940    4275159.3 0.0037
4  3  25.6 0.01110 0.01113 0.01706  70372    4124643.7 0.0038
4  3  25.6 0.01130 0.01133 0.01706  66436    3893946.9 0.0039
4  3  25.6 0.01150 0.01152 0.01706  61166    3585061.6 0.0040
4  3  25.6 0.01170 0.01172 0.01706  54098    3170792.0 0.0043
4  3  25.6 0.01190 0.01191 0.01706  46104    2702247.7 0.0047
4  3  25.6 0.01210 0.01211 0.01706  37680    2208500.2 0.0052
4  3  25.6 0.01230 0.01230 0.01706  30586    1792706.6 0.0057
4  3  25.6 0.01250 0.01250 0.01706  25544    1497184.9 0.0063
4  3  25.6 0.01270 0.01270 0.01706  22696    1330258.0 0.0066
4  3  25.6 0.01290 0.01289 0.01706  20450    1198615.4 0.0070
4  3  25.6 0.01310 0.01309 0.01706  19400    1137072.8 0.0072
4  3  25.6 0.01330 0.01328 0.01706  18804    1102140.1 0.0073
4  3  25.6 0.01350 0.01348 0.01706  18722    1097333.9 0.0073
4  3  25.6 0.01370 0.01367 0.01706  18642    1092644.9 0.0073
4  3  25.6 0.01390 0.01387 0.01706  18616    1091121.0 0.0073
4  3  25.6 0.01410 0.01406 0.01706  18500    1084322.0 0.0074
4  3  25.6 0.01430 0.01426 0.01706  18412    1079164.2 0.0074
4  3  25.6 0.01450 0.01445 0.01706  18566    1088190.4 0.0073
4  3  25.6 0.01470 0.01475 0.01706  18382    1077405.8 0.0074
4  3  25.6 0.01490 0.01494 0.01706  18748    1098857.8 0.0073
4  3  25.6 0.01510 0.01514 0.01706  18532    1086197.6 0.0073
4  3  25.6 0.01530 0.01533 0.01706  18622    1091472.7 0.0073
4  3  25.6 0.01550 0.01553 0.01706  18424    1079867.5 0.0074
4  3  25.6 0.01570 0.01572 0.01706  18524    1085728.7 0.0073
4  3  25.6 0.01590 0.01592 0.01706  18522    1085611.5 0.0073
4  3  25.6 0.01610 0.01611 0.01706  18532    1086197.6 0.0073
4  3  25.6 0.01630 0.01631 0.01706  18112    1061580.6 0.0074
4  3  25.6 0.01650 0.01650 0.01706  18172    1065097.3 0.0074
4  3  25.6 0.01670 0.01670 0.01706  17920    1050327.0 0.0075
4  3  25.6 0.01690 0.01689 0.01706  17430    1021607.2 0.0076
4  3  25.6 0.01710 0.01709 0.01706  16674     977296.5 0.0077
4  3  25.6 0.01730 0.01729 0.01706  15726     921732.3 0.0080
4  3  25.6 0.01750 0.01748 0.01706  14846     870153.8 0.0082
4  3  25.6 0.01770 0.01768 0.01706  13104     768051.7 0.0087
4  3  25.6 0.01790 0.01787 0.01706  11820     692793.8 0.0092
4  3  25.6 0.01810 0.01807 0.01706  10198     597725.2 0.0099
4  3  25.6 0.01830 0.01826 0.01706   8732     511800.0 0.0107
4  3  25.6 0.01850 0.01846 0.01706   7512     440293.3 0.0115
4  3  25.6 0.01870 0.01865 0.01706   6156     360815.5 0.0127
4  3  25.6 0.01890 0.01895 0.01706   4788     280634.3 0.0145
4  3  25.6 0.01910 0.01914 0.01706   3940     230931.3 0.0159
4  3  25.6 0.01930 0.01934 0.01706   3364     197170.8 0.0172
4  3  25.6 0.01950 0.01953 0.01706   2968     173960.4 0.0184
4  3  25.6 0.01970 0.01973 0.01706   2706     158604.1 0.0192
4  3  25.6 0.01990 0.01992 0.01706   2584     151453.4 0.0197
4  3  25.6 0.02010 0.02012 0.01706   2322     136097.1 0.0208
4  3  25.6 0.02030 0.02031 0.01706   2298     134690.4 0.0209
4  3  25.6 0.02050 0.02051 0.01706   2270     133049.2 0.0210
4  3  25.6 0.02070 0.02070 0.01789   2276     127214.6 0.0210
4  3  25.6 0.02090 0.02090 0.01789   2248     125649.6 0.0211
4  3  25.6 0.02110 0.02109 0.01789   2226     124419.9 0.0212
4  3  25.6 0.02130 0.02129 0.01866   2236     119804.2 0.0211
4  3  25.6 0.02150 0.02148 0.01932   2260     116948.4 0.0210
4  3  25.6 0.02170 0.02168 0.01950   2270     116408.6 0.0210
4  3  25.6 0.02190 0.02188 0.02038   2310     113341.9 0.0208
4  3  25.6 0.02210 0.02207 0.02038   2224     109122.2 0.0212
4  3  25.6 0.02230 0.02227 0.02137   2338     109401.8 0.0207
4  3  25.6 0.02250 0.02246 0.02184   2338     107038.5 0.0207
4  3  25.6 0.02270 0.02266 0.02188   2248     102732.8 0.0211
4  3  25.6 0.02290 0.02285 0.02188   2280     104195.2 0.0209
4  3  25.6 0.02310 0.02314 0.02270   2246      98946.0 0.0211
4  3  25.6 0.02330 0.02334 0.02421   2228      92040.4 0.0212
4  3  25.6 0.02350 0.02354 0.02421   2248      92866.6 0.0211
4  3  25.6 0.02370 0.02373 0.02603   2242      86116.2 0.0211
4  3  25.6 0.02390 0.02393 0.02634   2244      85184.5 0.0211
4  3  25.6 0.02410 0.02412 0.02717   2282      83976.0 0.0209
4  3  25.6 0.02430 0.02432 0.02885   2222      77007.6 0.0212
4  3  25.6 0.02450 0.02451 0.02885   2226      77146.2 0.0212
4  3  25.6 0.02470 0.02471 0.03152   2228      70682.4 0.0212
4  3  25.6 0.02490 0.02490 0.03467   2308      66564.0 0.0208
4  3  25.6 0.02510 0.02510 0.03639   2240      61550.8 0.0211
4  3  25.6 0.02530 0.02529 0.04021   2232      55513.4 0.0212
4  3  25.6 0.02550 0.02549 0.04558   2266      49713.6 0.0210
4  3  25.6 0.02570 0.02568 0.05019   2270      45229.1 0.0210
4  3  25.6 0.02590 0.02588 0.05714   2266      39659.8 0.0210
4  3  25.6 0.02610 0.02607 0.06564   2268      34549.9 0.0210
4  3  25.6 0.02630 0.02627 0.07686   2282      29691.5 0.0209
4  3  25.6 0.02650 0.02646 0.08830   2350      26612.8 0.0206
4  3  25.6 0.02670 0.02666 0.10072   2314      22974.7 0.0208
4  3  25.6 0.02690 0.02686 0.11904   2282      19169.8 0.0209
4  3  25.6 0.02710 0.02715 0.14235   2318      16283.5 0.0208
4  3  25.6 0.02730 0.02734 0.15784   2400      15205.4 0.0204
4  3  25.6 0.02750 0.02754 0.16536   2260      13667.4 0.0210
4  3  25.6 0.02770 0.02773 0.18100   2300      12707.4 0.0209
4  3  25.6 0.02790 0.02793 0.19358   2350      12139.7 0.0206
4  3  25.6 0.02810 0.02813 0.20223   2268      11215.1 0.0210
4  3  25.6 0.02830 0.02832 0.21603   2300      10646.5 0.0209
4  3  25.6 0.02850 0.02852 0.22324   2368      10607.4 0.0205
4  3  25.6 0.02870 0.02871 0.22836   2300      10071.9 0.0209
4  3  25.6 0.02890 0.02891 0.23361   2254       9648.4 0.0211
4  3  25.6 0.02910 0.02910 0.23361   2254       9648.4 0.0211
4  3  25.6 0.02930 0.02930 0.23833   2246       9423.8 0.0211
4  3  25.6 0.02950 0.02949 0.25436   2280       8963.7 0.0209
4  3  25.6 0.02970 0.02969 0.25436   2298       9034.5 0.0209
4  3  25.6 0.02990 0.02988 0.26330   2232       8477.1 0.0212
4  3  25.6 0.03010 0.03008 0.27571   2314       8393.0 0.0208
4  3  25.6 0.03030 0.03027 0.27571   2234       8102.8 0.0212
4  3  25.6 0.03050 0.03047 0.30692   2382       7761.0 0.0205
4  3  25.6 0.03070 0.03066 0.30692   2284       7441.7 0.0209
4  3  25.6 0.03090 0.03086 0.31398   2232       7108.7 0.0212
4  3  25.6 0.03110 0.03105 0.33382   2294       6871.9 0.0209
4  3  25.6 0.03130 0.03135 0.34459   2256       6546.9 0.0211
4  3  25.6 0.03150 0.03154 0.37905   2424       6394.9 0.0203
4  3  25.6 0.03170 0.03174 0.37905   2290       6041.4 0.0209
4  3  25.6 0.03190 0.03193 0.39756   2268       5704.9 0.0210
4  3  25.6 0.03210 0.03213 0.42730   2342       5480.9 0.0207
4  3  25.6 0.03230 0.03232 0.42730   2226       5209.4 0.0212
4  3  25.6 0.03250 0.03252 0.47096   2252       4781.7 0.0211
4  3  25.6 0.03270 0.03271 0.50227   2246       4471.7 0.0211
4  3  25.6 0.03290 0.03291 0.54867   2272       4140.9 0.0210
4  3  25.6 0.03310 0.03311 0.59710   2286       3828.5 0.0209
4  3  25.6 0.03330 0.03330 0.62664   2276       3632.1 0.0210
4  3  25.6 0.03350 0.03350 0.69482   2330       3353.4 0.0207
4  3  25.6 0.03370 0.03369 0.76582   2226       2906.7 0.0212
4  3  25.6 0.03390 0.03389 0.86061   2304       2677.2 0.0208
4  3  25.6 0.03410 0.03408 0.97342   2336       2399.8 0.0207
4  3  25.6 0.03430 0.03428 1.03726   2280       2198.1 0.0209
4  3  25.6 0.03450 0.03447 1.15979   2234       1926.2 0.0212
4  3  25.6 0.03470 0.03467 1.21000   2000       1652.9 0.0224
4  3  25.6 0.03490 0.03486 1.21000   1858       1535.5 0.0232
4  3  25.6 0.03510 0.03506 1.21000   1634       1350.4 0.0247
4  3  25.6 0.03530 0.03525 1.21000   1540       1272.7 0.0255
4  3  25.6 0.03550 0.03555 1.21000   1374       1135.5 0.0270
4  3  25.6 0.03570 0.03574 1.21000   1268       1047.9 0.0281
4  3  25.6 0.03590 0.03594 1.21000   1234       1019.8 0.0285
4  3  25.6 0.03610 0.03613 1.21000   1186        980.2 0.0290
4  3  25.6 0.03630 0.03633 1.21000   1162        960.3 0.0293
4  3  25.6 0.03650 0.03652 1.21000   1114        920.7 0.0300
4  3  25.6 0.03670 0.03672 1.21000   1058        874.4 0.0307
4  3  25.6 0.03690 0.03691 1.21000   1054        871.1 0.0308
4  3  25.6 0.03710 0.03711 1.21000   1018        841.3 0.0313
4  3  25.6 0.03730 0.03730 1.21000    994        821.5 0.0317
4  3  25.6 0.03750 0.03750 1.21000    938        775.2 0.0327
4  3  25.6 0.03770 0.03770 1.21000    910        752.1 0.0331
4  3  25.6 0.03790 0.03789 1.21000    902        745.5 0.0333
4  3  25.6 0.03810 0.03809 1.21000    876        724.0 0.0338
4  3  25.6 0.03830 0.03828 1.21000    818        676.0 0.0350
4  3  25.7 0.03850 0.03848 1.21000    772        638.0 0.0360
4  3  25.7 0.03870 0.03867 1.21000    844        697.5 0.0344
4  3  25.7 0.03890 0.03887 1.21000    766        633.1 0.0361
4  3  25.7 0.03910 0.03906 1.21000    782        646.3 0.0358
4  3  25.7 0.03930 0.03926 1.21000    726        600.0 0.0371
4  3  25.7 0.03950 0.03945 1.21000    678        560.3 0.0384
4  3  25.7 0.03970 0.03975 1.21000    648        535.5 0.0393
4  3  25.7 0.03990 0.03994 1.21000    700        578.5 0.0378
