# Scan Time    : Fri, 18 Mar 2022 12:34:12 +0000 (GMT) +332373000 nsec
# Board Lane   : 7
# Board Loc    : BTOF - Northwest
# SiPM Biases  :  57.009  56.661  56.810  56.943
# SiPM Currents:   1.073   1.404   1.033   1.415
#
3 -1  25.7 0.00010 0.00010 1.21000      8          6.6 0.3536
3 -1  25.7 0.00030 0.00029 1.21000     12          9.9 0.2887
3 -1  25.7 0.00050 0.00049 1.21000     12          9.9 0.2887
3 -1  25.7 0.00070 0.00068 1.21000     10          8.3 0.3162
3 -1  25.7 0.00090 0.00088 1.21000     22         18.2 0.2132
3 -1  25.7 0.00110 0.00107 1.21000     22         18.2 0.2132
3 -1  25.7 0.00130 0.00127 1.21000     20         16.5 0.2236
3 -1  25.7 0.00150 0.00146 1.21000     22         18.2 0.2132
3 -1  25.7 0.00170 0.00166 1.21000     20         16.5 0.2236
3 -1  25.7 0.00190 0.00186 1.21000     20         16.5 0.2236
3 -1  25.7 0.00210 0.00215 1.21000     38         31.4 0.1622
3 -1  25.7 0.00230 0.00234 1.21000     38         31.4 0.1622
3 -1  25.7 0.00250 0.00254 1.21000     36         29.8 0.1667
3 -1  25.7 0.00270 0.00273 1.21000     38         31.4 0.1622
3 -1  25.7 0.00290 0.00293 1.21000     34         28.1 0.1715
3 -1  25.7 0.00310 0.00313 1.21000     40         33.1 0.1581
3 -1  25.7 0.00330 0.00332 1.21000     42         34.7 0.1543
3 -1  25.7 0.00350 0.00352 1.21000     38         31.4 0.1622
3 -1  25.7 0.00370 0.00371 1.21000     44         36.4 0.1508
3 -1  25.7 0.00390 0.00391 1.21000     60         49.6 0.1291
3 -1  25.7 0.00410 0.00410 1.21000     60         49.6 0.1291
3 -1  25.7 0.00430 0.00430 1.21000     62         51.2 0.1270
3 -1  25.7 0.00450 0.00449 1.21000     66         54.5 0.1231
3 -1  25.7 0.00470 0.00469 1.21000     96         79.3 0.1021
3 -1  25.7 0.00490 0.00488 1.21000     90         74.4 0.1054
3 -1  25.7 0.00510 0.00508 1.21000    108         89.3 0.0962
3 -1  25.7 0.00530 0.00527 1.21000    174        143.8 0.0758
3 -1  25.7 0.00550 0.00547 1.21000    374        309.1 0.0517
3 -1  25.7 0.00570 0.00566 1.21000    718        593.4 0.0373
3 -1  25.7 0.00590 0.00586 1.21000   1742       1439.7 0.0240
3 -1  25.7 0.00610 0.00605 1.21000   4314       3565.3 0.0152
3 -1  25.7 0.00630 0.00635 1.21000  15200      12562.0 0.0081
3 -1  25.7 0.00650 0.00654 1.21000  34224      28284.3 0.0054
3 -1  25.7 0.00670 0.00674 1.21000  76738      63419.8 0.0036
3 -1  25.7 0.00690 0.00693 0.53981  72274     133888.5 0.0037
3 -1  25.7 0.00710 0.00713 0.25153  72156     286864.8 0.0037
3 -1  25.7 0.00730 0.00732 0.13817  77158     558414.3 0.0036
3 -1  25.7 0.00750 0.00752 0.07590  78246    1030880.9 0.0036
3 -1  25.7 0.00770 0.00771 0.04169  73814    1770336.8 0.0037
3 -1  25.7 0.00790 0.00791 0.02437  71456    2931616.4 0.0037
3 -1  25.7 0.00810 0.00811 0.01657  72530    4376480.3 0.0037
3 -1  25.7 0.00830 0.00830 0.01208  72220    5976082.9 0.0037
3 -1  25.7 0.00850 0.00850 0.00954  71776    7524817.2 0.0037
3 -1  25.7 0.00870 0.00869 0.00796  73034    9175282.2 0.0037
3 -1  25.7 0.00890 0.00889 0.00703  71582   10184421.9 0.0037
3 -1  25.7 0.00910 0.00908 0.00703  77632   11045193.5 0.0036
3 -1  25.7 0.00930 0.00928 0.00615  72662   11814128.4 0.0037
3 -1  25.7 0.00950 0.00947 0.00615  75744   12315231.4 0.0036
3 -1  25.7 0.00970 0.00967 0.00615  78034   12687562.9 0.0036
3 -1  25.7 0.00990 0.00986 0.00615  79730   12963315.9 0.0035
3 -1  25.7 0.01010 0.01006 0.00547  70312   12865492.4 0.0038
3 -1  25.7 0.01030 0.01025 0.00547  71192   13026512.4 0.0037
3 -1  25.7 0.01050 0.01055 0.00547  71682   13116171.2 0.0037
3 -1  25.7 0.01070 0.01074 0.00547  71800   13137762.5 0.0037
3 -1  25.7 0.01090 0.01094 0.00547  71546   13091286.3 0.0037
3 -1  25.7 0.01110 0.01113 0.00547  70972   12986257.4 0.0038
3 -1  25.7 0.01130 0.01133 0.00547  70016   12811331.2 0.0038
3 -1  25.7 0.01150 0.01152 0.00547  68540   12541256.9 0.0038
3 -1  25.7 0.01170 0.01172 0.00547  66146   12103209.5 0.0039
3 -1  25.7 0.01190 0.01191 0.00547  62988   11525367.5 0.0040
3 -1  25.7 0.01210 0.01211 0.00547  58822   10763084.5 0.0041
3 -1  25.7 0.01230 0.01230 0.00547  53490    9787450.1 0.0043
3 -1  25.7 0.01250 0.01250 0.00547  47282    8651527.7 0.0046
3 -1  25.7 0.01270 0.01270 0.00547  41190    7536830.6 0.0049
3 -1  25.7 0.01290 0.01289 0.00547  35700    6532285.8 0.0053
3 -1  25.7 0.01310 0.01309 0.00547  31434    5751705.1 0.0056
3 -1  25.7 0.01330 0.01328 0.00547  27988    5121165.7 0.0060
3 -1  25.7 0.01350 0.01348 0.00547  26700    4885491.1 0.0061
3 -1  25.7 0.01370 0.01367 0.00547  25556    4676165.2 0.0063
3 -1  25.7 0.01390 0.01387 0.00547  24798    4537468.4 0.0064
3 -1  25.7 0.01410 0.01406 0.00547  24294    4445247.9 0.0064
3 -1  25.7 0.01430 0.01426 0.00547  24342    4454030.8 0.0064
3 -1  25.7 0.01450 0.01445 0.00547  24118    4413044.0 0.0064
3 -1  25.7 0.01470 0.01475 0.00547  24012    4393648.4 0.0065
3 -1  25.7 0.01490 0.01494 0.00547  23832    4360712.5 0.0065
3 -1  25.7 0.01510 0.01514 0.00547  23990    4389622.9 0.0065
3 -1  25.7 0.01530 0.01533 0.00547  23736    4343146.7 0.0065
3 -1  25.7 0.01550 0.01553 0.00547  23588    4316066.0 0.0065
3 -1  25.7 0.01570 0.01572 0.00547  23558    4310576.7 0.0065
3 -1  25.7 0.01590 0.01592 0.00547  23520    4303623.6 0.0065
3 -1  25.7 0.01610 0.01611 0.00547  23704    4337291.4 0.0065
3 -1  25.7 0.01630 0.01631 0.00547  23564    4311674.6 0.0065
3 -1  25.7 0.01650 0.01650 0.00547  23598    4317895.8 0.0065
3 -1  25.7 0.01670 0.01670 0.00547  23568    4312406.5 0.0065
3 -1  25.7 0.01690 0.01689 0.00547  23332    4269223.9 0.0065
3 -1  25.7 0.01710 0.01709 0.00547  23348    4272151.5 0.0065
3 -1  25.7 0.01730 0.01729 0.00547  23228    4250194.3 0.0066
3 -1  25.7 0.01750 0.01748 0.00547  23070    4221283.9 0.0066
3 -1  25.7 0.01770 0.01768 0.00547  22664    4146995.1 0.0066
3 -1  25.7 0.01790 0.01787 0.00547  22204    4062825.6 0.0067
3 -1  25.7 0.01810 0.01807 0.00547  21370    3910222.6 0.0068
3 -1  25.7 0.01830 0.01826 0.00547  20522    3755058.0 0.0070
3 -1  25.7 0.01850 0.01846 0.00547  19058    3487179.4 0.0072
3 -1  25.7 0.01870 0.01865 0.00547  17470    3196611.6 0.0076
3 -1  25.7 0.01890 0.01895 0.00547  15122    2766981.1 0.0081
3 -1  25.7 0.01910 0.01914 0.00547  13356    2443843.4 0.0087
3 -1  25.7 0.01930 0.01934 0.00547  11922    2181454.1 0.0092
3 -1  25.7 0.01950 0.01953 0.00547  10328    1889788.5 0.0098
3 -1  25.7 0.01970 0.01973 0.00547   9066    1658871.2 0.0105
3 -1  25.7 0.01990 0.01992 0.00547   7950    1454668.7 0.0112
3 -1  25.7 0.02010 0.02012 0.00547   7168    1311580.5 0.0118
3 -1  25.7 0.02030 0.02031 0.00547   6360    1163735.0 0.0125
3 -1  25.7 0.02050 0.02051 0.00547   5952    1089080.3 0.0130
3 -1  25.7 0.02070 0.02070 0.00547   5626    1029429.7 0.0133
3 -1  25.7 0.02090 0.02090 0.00547   5126     937941.1 0.0140
3 -1  25.7 0.02110 0.02109 0.00547   4782     874996.9 0.0145
3 -1  25.7 0.02130 0.02129 0.00547   4716     862920.4 0.0146
3 -1  25.7 0.02150 0.02148 0.00547   4666     853771.6 0.0146
3 -1  25.7 0.02170 0.02168 0.00547   4476     819005.9 0.0149
3 -1  25.7 0.02190 0.02188 0.00547   4262     779848.8 0.0153
3 -1  25.7 0.02210 0.02207 0.00547   4290     784972.2 0.0153
3 -1  25.7 0.02230 0.02227 0.00547   4116     753134.1 0.0156
3 -1  25.7 0.02250 0.02246 0.00547   3988     729713.0 0.0158
3 -1  25.7 0.02270 0.02266 0.00547   3872     708487.7 0.0161
3 -1  25.7 0.02290 0.02285 0.00547   3856     705560.1 0.0161
3 -1  25.7 0.02310 0.02314 0.00547   3586     656156.2 0.0167
3 -1  25.7 0.02330 0.02334 0.00547   3610     660547.7 0.0166
3 -1  25.7 0.02350 0.02354 0.00547   3330     609314.1 0.0173
3 -1  25.7 0.02370 0.02373 0.00547   3384     619194.8 0.0172
3 -1  25.7 0.02390 0.02393 0.00547   3266     597603.5 0.0175
3 -1  25.7 0.02410 0.02412 0.00547   3158     577842.0 0.0178
3 -1  25.7 0.02430 0.02432 0.00547   3086     564667.6 0.0180
3 -1  25.7 0.02450 0.02451 0.00547   2872     525510.5 0.0187
3 -1  25.7 0.02470 0.02471 0.00547   2798     511970.2 0.0189
3 -1  25.7 0.02490 0.02490 0.00547   2712     496234.1 0.0192
3 -1  25.7 0.02510 0.02510 0.00547   2556     467689.7 0.0198
3 -1  25.7 0.02530 0.02529 0.00547   2502     457808.9 0.0200
3 -1  25.7 0.02550 0.02549 0.00547   2374     434387.9 0.0205
3 -1  25.7 0.02570 0.02568 0.00547   2244     410600.8 0.0211
3 -1  25.7 0.02590 0.02588 0.00585   2262     386698.8 0.0210
3 -1  25.7 0.02610 0.02607 0.00629   2258     359013.2 0.0210
3 -1  25.7 0.02630 0.02627 0.00706   2286     323987.8 0.0209
3 -1  25.7 0.02650 0.02646 0.00706   2238     317184.9 0.0211
3 -1  25.7 0.02670 0.02666 0.00828   2292     276660.0 0.0209
3 -1  25.7 0.02690 0.02686 0.00919   2276     247677.4 0.0210
3 -1  25.7 0.02710 0.02715 0.01056   2252     213302.0 0.0211
3 -1  25.7 0.02730 0.02734 0.01214   2288     188400.9 0.0209
3 -1  25.7 0.02750 0.02754 0.01300   2258     173713.7 0.0210
3 -1  25.7 0.02770 0.02773 0.01464   2292     156587.7 0.0209
3 -1  25.7 0.02790 0.02793 0.01646   2286     138887.2 0.0209
3 -1  25.7 0.02810 0.02813 0.01750   2266     129493.6 0.0210
3 -1  25.7 0.02830 0.02832 0.01912   2242     117281.8 0.0211
3 -1  25.7 0.02850 0.02852 0.01992   2274     114156.9 0.0210
3 -1  25.7 0.02870 0.02871 0.02098   2262     107820.5 0.0210
3 -1  25.7 0.02890 0.02891 0.02276   2232      98076.5 0.0212
3 -1  25.7 0.02910 0.02910 0.02382   2310      96979.0 0.0208
3 -1  25.7 0.02930 0.02930 0.02583   2390      92526.6 0.0205
3 -1  25.7 0.02950 0.02949 0.02655   2272      85583.2 0.0210
3 -1  25.7 0.02970 0.02969 0.02681   2224      82947.6 0.0212
3 -1  25.7 0.02990 0.02988 0.02779   2222      79963.8 0.0212
3 -1  25.7 0.03010 0.03008 0.02868   2224      77532.3 0.0212
3 -1  25.7 0.03030 0.03027 0.03015   2228      73896.6 0.0212
3 -1  25.7 0.03050 0.03047 0.03162   2244      70960.3 0.0211
3 -1  25.7 0.03070 0.03066 0.03406   2226      65350.9 0.0212
3 -1  25.7 0.03090 0.03086 0.03406   2280      66936.3 0.0209
3 -1  25.7 0.03110 0.03105 0.03728   2314      62064.3 0.0208
3 -1  25.7 0.03130 0.03135 0.03793   2262      59636.2 0.0210
3 -1  25.7 0.03150 0.03154 0.04081   2264      55480.8 0.0210
3 -1  25.7 0.03170 0.03174 0.04081   2272      55676.8 0.0210
3 -1  25.7 0.03190 0.03193 0.04326   2274      52565.9 0.0210
3 -1  25.7 0.03210 0.03213 0.04538   2262      49845.4 0.0210
3 -1  25.7 0.03230 0.03232 0.04779   2244      46956.2 0.0211
3 -1  25.7 0.03250 0.03252 0.05103   2284      44762.2 0.0209
3 -1  25.7 0.03270 0.03271 0.05302   2258      42590.8 0.0210
3 -1  25.7 0.03290 0.03291 0.05642   2278      40374.9 0.0210
3 -1  25.7 0.03310 0.03311 0.06142   2278      37088.9 0.0210
3 -1  25.7 0.03330 0.03330 0.06468   2360      36487.3 0.0206
3 -1  25.7 0.03350 0.03350 0.06833   2248      32899.9 0.0211
3 -1  25.7 0.03370 0.03369 0.07189   2322      32300.6 0.0208
3 -1  25.7 0.03390 0.03389 0.07766   2238      28818.0 0.0211
3 -1  25.7 0.03410 0.03408 0.08412   2272      27009.6 0.0210
3 -1  25.7 0.03430 0.03428 0.09047   2226      24604.9 0.0212
3 -1  25.7 0.03450 0.03447 0.09963   2274      22824.9 0.0210
3 -1  25.7 0.03470 0.03467 0.10592   2312      21827.7 0.0208
3 -1  25.7 0.03490 0.03486 0.11827   2250      19024.5 0.0211
3 -1  25.7 0.03510 0.03506 0.12720   2250      17688.8 0.0211
3 -1  25.7 0.03530 0.03525 0.13937   2368      16991.1 0.0205
3 -1  25.7 0.03550 0.03555 0.16029   2282      14237.0 0.0209
3 -1  25.7 0.03570 0.03574 0.17222   2272      13192.2 0.0210
3 -1  25.7 0.03590 0.03594 0.18291   2260      12355.9 0.0210
3 -1  25.7 0.03610 0.03613 0.19225   2282      11869.8 0.0209
3 -1  25.7 0.03630 0.03633 0.21106   2282      10812.1 0.0209
3 -1  25.7 0.03650 0.03652 0.22582   2276      10078.6 0.0210
3 -1  25.7 0.03670 0.03672 0.23804   2266       9519.5 0.0210
3 -1  25.7 0.03690 0.03691 0.25576   2242       8765.9 0.0211
3 -1  25.7 0.03710 0.03711 0.27352   2378       8693.9 0.0205
3 -1  25.7 0.03730 0.03730 0.28314   2322       8200.9 0.0208
3 -1  25.7 0.03750 0.03750 0.29930   2364       7898.3 0.0206
3 -1  25.7 0.03770 0.03770 0.30284   2242       7403.3 0.0211
3 -1  25.7 0.03790 0.03789 0.30895   2222       7192.0 0.0212
3 -1  25.7 0.03810 0.03809 0.33005   2268       6871.8 0.0210
3 -1  25.7 0.03830 0.03828 0.35292   2276       6449.1 0.0210
3 -1  25.7 0.03850 0.03848 0.37342   2342       6271.7 0.0207
3 -1  25.7 0.03870 0.03867 0.38450   2264       5888.2 0.0210
3 -1  25.7 0.03890 0.03887 0.40921   2320       5669.5 0.0208
3 -1  25.7 0.03910 0.03906 0.42252   2294       5429.4 0.0209
3 -1  25.7 0.03930 0.03926 0.43185   2286       5293.6 0.0209
3 -1  25.7 0.03950 0.03945 0.46177   2276       4928.9 0.0210
3 -1  25.7 0.03970 0.03975 0.49857   2330       4673.4 0.0207
3 -1  25.7 0.03990 0.03994 0.52277   2314       4426.4 0.0208
3  0  25.7 0.00010 0.00010 1.21000    198        163.6 0.0711
3  0  25.7 0.00030 0.00029 1.21000      8          6.6 0.3536
3  0  25.7 0.00050 0.00049 1.21000     16         13.2 0.2500
3  0  25.7 0.00070 0.00068 1.21000     16         13.2 0.2500
3  0  25.7 0.00090 0.00088 1.21000     22         18.2 0.2132
3  0  25.7 0.00110 0.00107 1.21000     16         13.2 0.2500
3  0  25.7 0.00130 0.00127 1.21000     24         19.8 0.2041
3  0  25.7 0.00150 0.00146 1.21000     18         14.9 0.2357
3  0  25.7 0.00170 0.00166 1.21000     28         23.1 0.1890
3  0  25.7 0.00190 0.00186 1.21000     20         16.5 0.2236
3  0  25.7 0.00210 0.00215 1.21000     24         19.8 0.2041
3  0  25.7 0.00230 0.00234 1.21000     28         23.1 0.1890
3  0  25.7 0.00250 0.00254 1.21000     22         18.2 0.2132
3  0  25.7 0.00270 0.00273 1.21000     26         21.5 0.1961
3  0  25.7 0.00290 0.00293 1.21000     32         26.4 0.1768
3  0  25.7 0.00310 0.00313 1.21000     26         21.5 0.1961
3  0  25.7 0.00330 0.00332 1.21000     32         26.4 0.1768
3  0  25.7 0.00350 0.00352 1.21000     30         24.8 0.1826
3  0  25.7 0.00370 0.00371 1.21000     32         26.4 0.1768
3  0  25.7 0.00390 0.00391 1.21000     42         34.7 0.1543
3  0  25.8 0.00410 0.00410 1.21000     48         39.7 0.1443
3  0  25.8 0.00430 0.00430 1.21000     40         33.1 0.1581
3  0  25.7 0.00450 0.00449 1.21000     54         44.6 0.1361
3  0  25.7 0.00470 0.00469 1.21000     60         49.6 0.1291
3  0  25.8 0.00490 0.00488 1.21000     62         51.2 0.1270
3  0  25.8 0.00510 0.00508 1.21000     98         81.0 0.1010
3  0  25.8 0.00530 0.00527 1.21000    148        122.3 0.0822
3  0  25.8 0.00550 0.00547 1.21000    316        261.2 0.0563
3  0  25.8 0.00570 0.00566 1.21000    786        649.6 0.0357
3  0  25.8 0.00590 0.00586 1.21000   1784       1474.4 0.0237
3  0  25.8 0.00610 0.00605 1.21000   4252       3514.0 0.0153
3  0  25.8 0.00630 0.00635 1.21000  14976      12376.9 0.0082
3  0  25.8 0.00650 0.00654 1.21000  33936      28046.3 0.0054
3  0  25.8 0.00670 0.00674 1.21000  74238      61353.7 0.0037
3  0  25.8 0.00690 0.00693 0.46562  72354     155393.4 0.0037
3  0  25.8 0.00710 0.00713 0.21911  71900     328144.1 0.0037
3  0  25.8 0.00730 0.00732 0.12036  72590     603091.6 0.0037
3  0  25.8 0.00750 0.00752 0.07009  72860    1039528.0 0.0037
3  0  25.8 0.00770 0.00771 0.04495  71456    1589536.7 0.0037
3  0  25.8 0.00790 0.00791 0.03170  72518    2287686.1 0.0037
3  0  25.8 0.00810 0.00811 0.02511  71850    2861976.8 0.0037
3  0  25.8 0.00830 0.00830 0.02130  72340    3396802.1 0.0037
3  0  25.8 0.00850 0.00850 0.01911  72096    3772966.8 0.0037
3  0  25.8 0.00870 0.00869 0.01911  77524    4057027.8 0.0036
3  0  25.8 0.00890 0.00889 0.01703  71718    4210656.6 0.0037
3  0  25.8 0.00910 0.00908 0.01703  73700    4327022.4 0.0037
3  0  25.8 0.00930 0.00928 0.01703  74930    4399237.3 0.0037
3  0  25.8 0.00950 0.00947 0.01703  75786    4449494.2 0.0036
3  0  25.8 0.00970 0.00967 0.01703  76372    4483899.0 0.0036
3  0  25.8 0.00990 0.00986 0.01703  76770    4507266.1 0.0036
3  0  25.8 0.01010 0.01006 0.01703  77008    4521239.4 0.0036
3  0  25.8 0.01030 0.01025 0.01703  77164    4530398.3 0.0036
3  0  25.8 0.01050 0.01055 0.01703  77192    4532042.3 0.0036
3  0  25.8 0.01070 0.01074 0.01703  77086    4525818.9 0.0036
3  0  25.8 0.01090 0.01094 0.01703  76878    4513606.9 0.0036
3  0  25.8 0.01110 0.01113 0.01703  76526    4492940.5 0.0036
3  0  25.8 0.01130 0.01133 0.01703  76002    4462175.8 0.0036
3  0  25.8 0.01150 0.01152 0.01703  75208    4415559.0 0.0036
3  0  25.8 0.01170 0.01172 0.01703  73900    4338764.7 0.0037
3  0  25.8 0.01190 0.01191 0.01703  72108    4233554.0 0.0037
3  0  25.8 0.01210 0.01211 0.01703  69344    4071276.0 0.0038
3  0  25.8 0.01230 0.01230 0.01703  65558    3848995.1 0.0039
3  0  25.8 0.01250 0.01250 0.01703  60142    3531014.7 0.0041
3  0  25.8 0.01270 0.01270 0.01703  52584    3087274.7 0.0044
3  0  25.8 0.01290 0.01289 0.01703  44472    2611008.7 0.0047
3  0  25.8 0.01310 0.01309 0.01703  36352    2134273.0 0.0052
3  0  25.8 0.01330 0.01328 0.01703  29650    1740789.9 0.0058
3  0  25.8 0.01350 0.01348 0.01703  24202    1420930.8 0.0064
3  0  25.8 0.01370 0.01367 0.01703  21032    1234815.9 0.0069
3  0  25.8 0.01390 0.01387 0.01703  19628    1152385.3 0.0071
3  0  25.8 0.01410 0.01406 0.01703  18550    1089094.5 0.0073
3  0  25.8 0.01430 0.01426 0.01703  18174    1067019.1 0.0074
3  0  25.8 0.01450 0.01445 0.01703  18200    1068545.6 0.0074
3  0  25.8 0.01470 0.01475 0.01703  18098    1062557.0 0.0074
3  0  25.8 0.01490 0.01494 0.01703  17884    1049992.8 0.0075
3  0  25.8 0.01510 0.01514 0.01703  17994    1056451.0 0.0075
3  0  25.8 0.01530 0.01533 0.01703  18014    1057625.3 0.0075
3  0  25.8 0.01550 0.01553 0.01703  17790    1044473.9 0.0075
3  0  25.8 0.01570 0.01572 0.01703  17916    1051871.6 0.0075
3  0  25.8 0.01590 0.01592 0.01703  18042    1059269.2 0.0074
3  0  25.8 0.01610 0.01611 0.01703  17876    1049523.1 0.0075
3  0  25.8 0.01630 0.01631 0.01703  17730    1040951.3 0.0075
3  0  25.8 0.01650 0.01650 0.01703  17968    1054924.5 0.0075
3  0  25.8 0.01670 0.01670 0.01703  17720    1040364.1 0.0075
3  0  25.8 0.01690 0.01689 0.01703  17724    1040599.0 0.0075
3  0  25.8 0.01710 0.01709 0.01703  17666    1037193.7 0.0075
3  0  25.8 0.01730 0.01729 0.01703  17650    1036254.4 0.0075
3  0  25.8 0.01750 0.01748 0.01703  17550    1030383.2 0.0075
3  0  25.8 0.01770 0.01768 0.01703  17074    1002436.6 0.0077
3  0  25.8 0.01790 0.01787 0.01703  16624     976016.6 0.0078
3  0  25.8 0.01810 0.01807 0.01703  15974     937854.2 0.0079
3  0  25.8 0.01830 0.01826 0.01703  14962     878438.4 0.0082
3  0  25.8 0.01850 0.01846 0.01703  13812     810920.4 0.0085
3  0  25.8 0.01870 0.01865 0.01703  12522     735182.8 0.0089
3  0  25.8 0.01890 0.01895 0.01703  10226     600381.7 0.0099
3  0  25.8 0.01910 0.01914 0.01703   8642     507383.0 0.0108
3  0  25.8 0.01930 0.01934 0.01703   7152     419903.2 0.0118
3  0  25.8 0.01950 0.01953 0.01703   5774     338999.0 0.0132
3  0  25.8 0.01970 0.01973 0.01703   4772     280170.3 0.0145
3  0  25.8 0.01990 0.01992 0.01703   4026     236371.7 0.0158
3  0  25.8 0.02010 0.02012 0.01703   3406     199970.7 0.0171
3  0  25.8 0.02030 0.02031 0.01703   2734     160516.7 0.0191
3  0  25.8 0.02050 0.02051 0.01703   2580     151475.1 0.0197
3  0  25.8 0.02070 0.02070 0.01703   2326     136562.5 0.0207
3  0  25.8 0.02090 0.02090 0.01796   2248     125178.9 0.0211
3  0  25.8 0.02110 0.02109 0.01814   2320     127909.1 0.0208
3  0  25.8 0.02130 0.02129 0.01923   2228     115857.7 0.0212
3  0  25.8 0.02150 0.02148 0.02016   2290     113572.5 0.0209
3  0  25.8 0.02170 0.02168 0.02031   2250     110785.2 0.0211
3  0  25.8 0.02190 0.02188 0.02031   2320     114231.9 0.0208
3  0  25.8 0.02210 0.02207 0.02031   2278     112163.9 0.0210
3  0  25.8 0.02230 0.02227 0.02074   2226     107334.5 0.0212
3  0  25.8 0.02250 0.02246 0.02074   2236     107816.7 0.0211
3  0  25.8 0.02270 0.02266 0.02126   2242     105478.8 0.0211
3  0  25.8 0.02290 0.02285 0.02217   2302     103817.4 0.0208
3  0  25.8 0.02310 0.02314 0.02217   2236     100840.9 0.0211
3  0  25.8 0.02330 0.02334 0.02302   2252      97814.5 0.0211
3  0  25.8 0.02350 0.02354 0.02421   2284      94348.4 0.0209
3  0  25.8 0.02370 0.02373 0.02421   2226      91952.5 0.0212
3  0  25.8 0.02390 0.02393 0.02421   2228      92035.1 0.0212
3  0  25.8 0.02410 0.02412 0.02576   2340      90832.4 0.0207
3  0  25.8 0.02430 0.02432 0.02576   2238      86873.0 0.0211
3  0  25.8 0.02450 0.02451 0.02742   2256      82290.6 0.0211
3  0  25.8 0.02470 0.02471 0.02880   2358      81879.7 0.0206
3  0  25.8 0.02490 0.02490 0.03004   2330      77557.5 0.0207
3  0  25.8 0.02510 0.02510 0.03045   2244      73686.4 0.0211
3  0  25.8 0.02530 0.02529 0.03340   2260      67668.0 0.0210
3  0  25.8 0.02550 0.02549 0.03386   2244      66281.8 0.0211
3  0  25.8 0.02570 0.02568 0.03576   2228      62303.1 0.0212
3  0  25.8 0.02590 0.02588 0.04001   2338      58435.1 0.0207
3  0  25.8 0.02610 0.02607 0.04364   2322      53203.2 0.0208
3  0  25.8 0.02630 0.02627 0.04653   2300      49426.2 0.0209
3  0  25.8 0.02650 0.02646 0.05319   2354      44257.3 0.0206
3  0  25.8 0.02670 0.02666 0.05909   2258      38211.0 0.0210
3  0  25.8 0.02690 0.02686 0.06469   2266      35030.1 0.0210
3  0  25.8 0.02710 0.02715 0.08208   2248      27389.5 0.0211
3  0  25.8 0.02730 0.02734 0.09735   2262      23235.5 0.0210
3  0  25.8 0.02750 0.02754 0.11132   2278      20464.0 0.0210
3  0  25.8 0.02770 0.02773 0.13092   2258      17246.9 0.0210
3  0  25.8 0.02790 0.02793 0.14502   2234      15404.9 0.0212
3  0  25.8 0.02810 0.02813 0.17136   2286      13340.4 0.0209
3  0  25.8 0.02830 0.02832 0.18168   2234      12296.4 0.0212
3  0  25.8 0.02850 0.02852 0.19886   2294      11535.6 0.0209
3  0  25.8 0.02870 0.02871 0.21326   2324      10897.6 0.0207
3  0  25.8 0.02890 0.02891 0.22664   2366      10439.6 0.0206
3  0  25.8 0.02910 0.02910 0.24177   2298       9505.0 0.0209
3  0  25.8 0.02930 0.02930 0.24198   2238       9248.5 0.0211
3  0  25.8 0.02950 0.02949 0.25725   2260       8785.2 0.0210
3  0  25.8 0.02970 0.02969 0.26076   2256       8651.7 0.0211
3  0  25.8 0.02990 0.02988 0.27937   2244       8032.5 0.0211
3  0  25.8 0.03010 0.03008 0.27937   2252       8061.1 0.0211
3  0  25.8 0.03030 0.03027 0.29335   2236       7622.3 0.0211
3  0  25.8 0.03050 0.03047 0.29655   2326       7843.5 0.0207
3  0  25.8 0.03070 0.03066 0.29655   2236       7540.0 0.0211
3  0  25.8 0.03090 0.03086 0.31502   2274       7218.5 0.0210
3  0  25.8 0.03110 0.03105 0.32832   2240       6822.5 0.0211
3  0  25.8 0.03130 0.03135 0.33557   2254       6716.9 0.0211
3  0  25.8 0.03150 0.03154 0.35675   2244       6290.2 0.0211
3  0  25.8 0.03170 0.03174 0.37146   2260       6084.1 0.0210
3  0  25.8 0.03190 0.03193 0.39080   2296       5875.1 0.0209
3  0  25.8 0.03210 0.03213 0.39080   2290       5859.7 0.0209
3  0  25.8 0.03230 0.03232 0.41628   2246       5395.4 0.0211
3  0  25.8 0.03250 0.03252 0.46435   2356       5073.8 0.0206
3  0  25.8 0.03270 0.03271 0.46942   2284       4865.6 0.0209
3  0  25.8 0.03290 0.03291 0.48379   2226       4601.2 0.0212
3  0  25.8 0.03310 0.03311 0.52234   2228       4265.4 0.0212
3  0  25.8 0.03330 0.03330 0.52234   2232       4273.1 0.0212
3  0  25.8 0.03350 0.03350 0.59043   2330       3946.3 0.0207
3  0  25.8 0.03370 0.03369 0.59043   2230       3776.9 0.0212
3  0  25.8 0.03390 0.03389 0.66421   2286       3441.7 0.0209
3  0  25.8 0.03410 0.03408 0.71284   2334       3274.2 0.0207
3  0  25.8 0.03430 0.03428 0.75714   2274       3003.4 0.0210
3  0  25.8 0.03450 0.03447 0.83783   2246       2680.7 0.0211
3  0  25.8 0.03470 0.03467 0.92805   2280       2456.8 0.0209
3  0  25.8 0.03490 0.03486 1.04593   2368       2264.0 0.0205
3  0  25.8 0.03510 0.03506 1.14825   2250       1959.5 0.0211
3  0  25.8 0.03530 0.03525 1.21000   2018       1667.8 0.0223
3  0  25.8 0.03550 0.03555 1.21000   1674       1383.5 0.0244
3  0  25.8 0.03570 0.03574 1.21000   1564       1292.6 0.0253
3  0  25.8 0.03590 0.03594 1.21000   1408       1163.6 0.0267
3  0  25.8 0.03610 0.03613 1.21000   1316       1087.6 0.0276
3  0  25.8 0.03630 0.03633 1.21000   1228       1014.9 0.0285
3  0  25.8 0.03650 0.03652 1.21000   1200        991.7 0.0289
3  0  25.8 0.03670 0.03672 1.21000   1054        871.1 0.0308
3  0  25.8 0.03690 0.03691 1.21000   1000        826.4 0.0316
3  0  25.8 0.03710 0.03711 1.21000    976        806.6 0.0320
3  0  25.8 0.03730 0.03730 1.21000    946        781.8 0.0325
3  0  25.8 0.03750 0.03750 1.21000    888        733.9 0.0336
3  0  25.8 0.03770 0.03770 1.21000    862        712.4 0.0341
3  0  25.8 0.03790 0.03789 1.21000    884        730.6 0.0336
3  0  25.8 0.03810 0.03809 1.21000    834        689.3 0.0346
3  0  25.8 0.03830 0.03828 1.21000    814        672.7 0.0350
3  0  25.8 0.03850 0.03848 1.21000    792        654.5 0.0355
3  0  25.8 0.03870 0.03867 1.21000    756        624.8 0.0364
3  0  25.8 0.03890 0.03887 1.21000    800        661.2 0.0354
3  0  25.8 0.03910 0.03906 1.21000    716        591.7 0.0374
3  0  25.8 0.03930 0.03926 1.21000    690        570.2 0.0381
3  0  25.8 0.03950 0.03945 1.21000    716        591.7 0.0374
3  0  25.8 0.03970 0.03975 1.21000    670        553.7 0.0386
3  0  25.8 0.03990 0.03994 1.21000    648        535.5 0.0393
3  1  25.8 0.00010 0.00010 1.21000     34         28.1 0.1715
3  1  25.9 0.00030 0.00029 1.21000     34         28.1 0.1715
3  1  25.9 0.00050 0.00049 1.21000     32         26.4 0.1768
3  1  25.9 0.00070 0.00068 1.21000     36         29.8 0.1667
3  1  25.9 0.00090 0.00088 1.21000     36         29.8 0.1667
3  1  25.9 0.00110 0.00107 1.21000     42         34.7 0.1543
3  1  25.9 0.00130 0.00127 1.21000     28         23.1 0.1890
3  1  25.9 0.00150 0.00146 1.21000     46         38.0 0.1474
3  1  25.9 0.00170 0.00166 1.21000     52         43.0 0.1387
3  1  25.9 0.00190 0.00186 1.21000     52         43.0 0.1387
3  1  25.9 0.00210 0.00215 1.21000     52         43.0 0.1387
3  1  25.9 0.00230 0.00234 1.21000     54         44.6 0.1361
3  1  25.9 0.00250 0.00254 1.21000     62         51.2 0.1270
3  1  25.9 0.00270 0.00273 1.21000     72         59.5 0.1179
3  1  25.9 0.00290 0.00293 1.21000     46         38.0 0.1474
3  1  25.9 0.00310 0.00313 1.21000     68         56.2 0.1213
3  1  25.9 0.00330 0.00332 1.21000     70         57.9 0.1195
3  1  25.9 0.00350 0.00352 1.21000     66         54.5 0.1231
3  1  25.9 0.00370 0.00371 1.21000     70         57.9 0.1195
3  1  25.9 0.00390 0.00391 1.21000     64         52.9 0.1250
3  1  25.9 0.00410 0.00410 1.21000     76         62.8 0.1147
3  1  25.9 0.00430 0.00430 1.21000     86         71.1 0.1078
3  1  25.9 0.00450 0.00449 1.21000     88         72.7 0.1066
3  1  25.9 0.00470 0.00469 1.21000     82         67.8 0.1104
3  1  25.9 0.00490 0.00488 1.21000     96         79.3 0.1021
3  1  25.9 0.00510 0.00508 1.21000    120         99.2 0.0913
3  1  25.9 0.00530 0.00527 1.21000    206        170.2 0.0697
3  1  25.9 0.00550 0.00547 1.21000    400        330.6 0.0500
3  1  25.9 0.00570 0.00566 1.21000    816        674.4 0.0350
3  1  25.9 0.00590 0.00586 1.21000   1868       1543.8 0.0231
3  1  25.9 0.00610 0.00605 1.21000   4506       3724.0 0.0149
3  1  25.9 0.00630 0.00635 1.21000  15340      12677.7 0.0081
3  1  25.9 0.00650 0.00654 1.21000  34718      28692.6 0.0054
3  1  25.9 0.00670 0.00674 1.21000  76270      63033.1 0.0036
3  1  25.9 0.00690 0.00693 0.46426  73174     157613.2 0.0037
3  1  25.9 0.00710 0.00713 0.21807  71682     328713.0 0.0037
3  1  25.9 0.00730 0.00732 0.11979  71630     597960.6 0.0037
3  1  25.9 0.00750 0.00752 0.07051  71978    1020753.9 0.0037
3  1  25.9 0.00770 0.00771 0.04531  71772    1584143.2 0.0037
3  1  25.9 0.00790 0.00791 0.03185  71456    2243566.0 0.0037
3  1  25.9 0.00810 0.00811 0.02534  72524    2861807.4 0.0037
3  1  25.9 0.00830 0.00830 0.02128  71558    3362778.1 0.0037
3  1  25.9 0.00850 0.00850 0.02128  79572    3739386.0 0.0035
3  1  25.9 0.00870 0.00869 0.01790  71878    4016504.9 0.0037
3  1  25.9 0.00890 0.00889 0.01790  74934    4187272.5 0.0037
3  1  25.9 0.00910 0.00908 0.01790  76966    4300819.6 0.0036
3  1  25.9 0.00930 0.00928 0.01790  78310    4375921.6 0.0036
3  1  25.9 0.00950 0.00947 0.01790  79242    4428001.3 0.0036
3  1  25.9 0.00970 0.00967 0.01790  79902    4464881.8 0.0035
3  1  25.9 0.00990 0.00986 0.01604  72190    4500083.3 0.0037
3  1  25.9 0.01010 0.01006 0.01604  72460    4516914.2 0.0037
3  1  25.9 0.01030 0.01025 0.01604  72604    4525890.7 0.0037
3  1  25.9 0.01050 0.01055 0.01604  72666    4529755.6 0.0037
3  1  25.9 0.01070 0.01074 0.01604  72578    4524270.0 0.0037
3  1  25.9 0.01090 0.01094 0.01604  72376    4511678.0 0.0037
3  1  25.9 0.01110 0.01113 0.01604  72078    4493101.6 0.0037
3  1  25.9 0.01130 0.01133 0.01604  71606    4463678.7 0.0037
3  1  25.9 0.01150 0.01152 0.01604  70880    4418422.3 0.0038
3  1  25.9 0.01170 0.01172 0.01604  69690    4344241.7 0.0038
3  1  25.9 0.01190 0.01191 0.01604  68194    4250986.1 0.0038
3  1  25.9 0.01210 0.01211 0.01604  65806    4102126.1 0.0039
3  1  25.9 0.01230 0.01230 0.01604  62430    3891677.6 0.0040
3  1  25.9 0.01250 0.01250 0.01604  57718    3597947.2 0.0042
3  1  25.9 0.01270 0.01270 0.01604  51634    3218691.0 0.0044
3  1  25.9 0.01290 0.01289 0.01604  44420    2768994.4 0.0047
3  1  25.9 0.01310 0.01309 0.01604  37156    2316180.9 0.0052
3  1  25.9 0.01330 0.01328 0.01604  31056    1935927.3 0.0057
3  1  25.9 0.01350 0.01348 0.01604  26388    1644939.7 0.0062
3  1  25.9 0.01370 0.01367 0.01604  23956    1493337.0 0.0065
3  1  25.9 0.01390 0.01387 0.01604  22558    1406190.3 0.0067
3  1  25.9 0.01410 0.01406 0.01604  22036    1373650.6 0.0067
3  1  25.9 0.01430 0.01426 0.01604  21528    1341983.6 0.0068
3  1  25.9 0.01450 0.01445 0.01604  21294    1327396.8 0.0069
3  1  25.9 0.01470 0.01475 0.01604  21000    1309069.8 0.0069
3  1  25.9 0.01490 0.01494 0.01604  20958    1306451.7 0.0069
3  1  25.9 0.01510 0.01514 0.01604  20968    1307075.0 0.0069
3  1  25.9 0.01530 0.01533 0.01604  21022    1310441.2 0.0069
3  1  25.9 0.01550 0.01553 0.01604  20994    1308695.8 0.0069
3  1  25.9 0.01570 0.01572 0.01604  20920    1304082.9 0.0069
3  1  25.9 0.01590 0.01592 0.01604  21092    1314804.8 0.0069
3  1  25.9 0.01610 0.01611 0.01604  21116    1316300.9 0.0069
3  1  25.9 0.01630 0.01631 0.01604  20990    1308446.5 0.0069
3  1  25.9 0.01650 0.01650 0.01604  20958    1306451.7 0.0069
3  1  25.9 0.01670 0.01670 0.01604  20788    1295854.4 0.0069
3  1  25.9 0.01690 0.01689 0.01604  21104    1315552.8 0.0069
3  1  25.9 0.01710 0.01709 0.01604  20702    1290493.5 0.0070
3  1  25.9 0.01730 0.01729 0.01604  20790    1295979.1 0.0069
3  1  25.9 0.01750 0.01748 0.01604  20566    1282015.7 0.0070
3  1  25.9 0.01770 0.01768 0.01604  20186    1258327.8 0.0070
3  1  25.9 0.01790 0.01787 0.01604  19820    1235512.6 0.0071
3  1  25.9 0.01810 0.01807 0.01604  19230    1198733.9 0.0072
3  1  25.9 0.01830 0.01826 0.01604  18048    1125052.0 0.0074
3  1  25.9 0.01850 0.01846 0.01604  16924    1054985.6 0.0077
3  1  25.9 0.01870 0.01865 0.01604  15444     962727.3 0.0080
3  1  25.9 0.01890 0.01895 0.01604  12796     797659.9 0.0088
3  1  25.9 0.01910 0.01914 0.01604  10952     682711.1 0.0096
3  1  25.9 0.01930 0.01934 0.01604   9424     587460.7 0.0103
3  1  25.9 0.01950 0.01953 0.01604   7776     484729.9 0.0113
3  1  25.9 0.01970 0.01973 0.01604   6724     419151.7 0.0122
3  1  25.9 0.01990 0.01992 0.01604   5472     341106.2 0.0135
3  1  25.9 0.02010 0.02012 0.01604   4618     287870.7 0.0147
3  1  25.9 0.02030 0.02031 0.01604   3980     248099.9 0.0159
3  1  25.9 0.02050 0.02051 0.01604   3414     212817.4 0.0171
3  1  25.9 0.02070 0.02070 0.01604   3280     204464.2 0.0175
3  1  25.9 0.02090 0.02090 0.01604   2922     182147.7 0.0185
3  1  25.9 0.02110 0.02109 0.01604   2864     178532.2 0.0187
3  1  25.9 0.02130 0.02129 0.01604   2810     175166.0 0.0189
3  1  25.9 0.02150 0.02148 0.01604   2728     170054.4 0.0191
3  1  25.9 0.02170 0.02168 0.01604   2632     164070.1 0.0195
3  1  25.9 0.02190 0.02188 0.01604   2544     158584.5 0.0198
3  1  25.9 0.02210 0.02207 0.01604   2554     159207.8 0.0198
3  1  25.9 0.02230 0.02227 0.01604   2550     158958.5 0.0198
3  1  25.9 0.02250 0.02246 0.01604   2452     152849.5 0.0202
3  1  25.9 0.02270 0.02266 0.01604   2376     148111.9 0.0205
3  1  25.9 0.02290 0.02285 0.01604   2366     147488.5 0.0206
3  1  25.9 0.02310 0.02314 0.01604   2286     142501.6 0.0209
3  1  25.9 0.02330 0.02334 0.01604   2258     140756.2 0.0210
3  1  25.9 0.02350 0.02354 0.01650   2288     138646.6 0.0209
3  1  25.9 0.02370 0.02373 0.01682   2298     136620.4 0.0209
3  1  25.9 0.02390 0.02393 0.01682   2236     132934.4 0.0211
3  1  25.9 0.02410 0.02412 0.01780   2264     127161.0 0.0210
3  1  25.9 0.02430 0.02432 0.01836   2262     123177.9 0.0210
3  1  25.9 0.02450 0.02451 0.01903   2274     119484.4 0.0210
3  1  25.9 0.02470 0.02471 0.01947   2228     114433.1 0.0212
3  1  25.9 0.02490 0.02490 0.02008   2234     111229.8 0.0212
3  1  25.9 0.02510 0.02510 0.02175   2260     103930.2 0.0210
3  1  25.9 0.02530 0.02529 0.02198   2224     101170.0 0.0212
3  1  25.9 0.02550 0.02549 0.02399   2252      93857.8 0.0211
3  1  25.9 0.02570 0.02568 0.02568   2352      91584.6 0.0206
3  1  25.9 0.02590 0.02588 0.02701   2236      82789.1 0.0211
3  1  25.9 0.02610 0.02607 0.02980   2296      77052.9 0.0209
3  1  25.9 0.02630 0.02627 0.03343   2236      66876.1 0.0211
3  1  25.9 0.02650 0.02646 0.03596   2266      63015.2 0.0210
3  1  25.9 0.02670 0.02666 0.04093   2296      56090.9 0.0209
3  1  25.9 0.02690 0.02686 0.04723   2254      47727.5 0.0211
3  1  25.9 0.02710 0.02715 0.05770   2244      38888.0 0.0211
3  1  25.9 0.02730 0.02734 0.06748   2318      34349.2 0.0208
3  1  25.9 0.02750 0.02754 0.07566   2234      29528.8 0.0212
3  1  25.9 0.02770 0.02773 0.08811   2230      25310.5 0.0212
3  1  25.9 0.02790 0.02793 0.10050   2252      22408.3 0.0211
3  1  25.9 0.02810 0.02813 0.11143   2272      20389.4 0.0210
3  1  25.9 0.02830 0.02832 0.12492   2262      18107.9 0.0210
3  1  25.9 0.02850 0.02852 0.13130   2224      16938.4 0.0212
3  1  25.9 0.02870 0.02871 0.14538   2296      15792.6 0.0209
3  1  25.9 0.02890 0.02891 0.15252   2260      14817.4 0.0210
3  1  25.9 0.02910 0.02910 0.15964   2296      14382.6 0.0209
3  1  25.9 0.02930 0.02930 0.15964   2252      14107.0 0.0211
3  1  25.9 0.02950 0.02949 0.16865   2294      13602.5 0.0209
3  1  25.9 0.02970 0.02969 0.17732   2276      12835.7 0.0210
3  1  25.9 0.02990 0.02988 0.17732   2240      12632.7 0.0211
3  1  25.9 0.03010 0.03008 0.18190   2334      12831.1 0.0207
3  1  25.9 0.03030 0.03027 0.19199   2236      11646.5 0.0211
3  1  25.9 0.03050 0.03047 0.19409   2254      11613.5 0.0211
3  1  25.9 0.03070 0.03066 0.20794   2226      10705.3 0.0212
3  1  25.9 0.03090 0.03086 0.21570   2280      10570.2 0.0209
3  1  25.9 0.03110 0.03105 0.21570   2240      10384.7 0.0211
3  1  25.9 0.03130 0.03135 0.23828   2324       9753.4 0.0207
3  1  25.9 0.03150 0.03154 0.23828   2278       9560.3 0.0210
3  1  25.9 0.03170 0.03174 0.25236   2334       9248.7 0.0207
3  1  25.9 0.03190 0.03193 0.26033   2272       8727.5 0.0210
3  1  25.9 0.03210 0.03213 0.28088   2398       8537.4 0.0204
3  1  25.9 0.03230 0.03232 0.28088   2236       7960.7 0.0211
3  1  25.9 0.03250 0.03252 0.30001   2330       7766.4 0.0207
3  1  25.9 0.03270 0.03271 0.31086   2274       7315.2 0.0210
3  1  25.9 0.03290 0.03291 0.32986   2224       6742.2 0.0212
3  1  26.0 0.03310 0.03311 0.34554   2304       6667.7 0.0208
3  1  26.0 0.03330 0.03330 0.36081   2288       6341.3 0.0209
3  1  26.0 0.03350 0.03350 0.38867   2320       5969.1 0.0208
3  1  26.0 0.03370 0.03369 0.42711   2294       5370.9 0.0209
3  1  26.0 0.03390 0.03389 0.46248   2332       5042.4 0.0207
3  1  26.0 0.03410 0.03408 0.50374   2270       4506.3 0.0210
3  1  26.0 0.03430 0.03428 0.55451   2292       4133.4 0.0209
3  1  26.0 0.03450 0.03447 0.61371   2282       3718.4 0.0209
3  1  26.0 0.03470 0.03467 0.66937   2338       3492.9 0.0207
3  1  26.0 0.03490 0.03486 0.74665   2286       3061.7 0.0209
3  1  26.0 0.03510 0.03506 0.85080   2380       2797.4 0.0205
3  1  26.0 0.03530 0.03525 0.95672   2434       2544.1 0.0203
3  1  26.0 0.03550 0.03555 1.08093   2224       2057.5 0.0212
3  1  26.0 0.03570 0.03574 1.20558   2276       1887.9 0.0210
3  1  26.0 0.03590 0.03594 1.21000   2080       1719.0 0.0219
3  1  26.0 0.03610 0.03613 1.21000   1942       1605.0 0.0227
3  1  26.0 0.03630 0.03633 1.21000   1732       1431.4 0.0240
3  1  26.0 0.03650 0.03652 1.21000   1672       1381.8 0.0245
3  1  26.0 0.03670 0.03672 1.21000   1544       1276.0 0.0254
3  1  26.0 0.03690 0.03691 1.21000   1486       1228.1 0.0259
3  1  26.0 0.03710 0.03711 1.21000   1450       1198.3 0.0263
3  1  26.0 0.03730 0.03730 1.21000   1410       1165.3 0.0266
3  1  26.0 0.03750 0.03750 1.21000   1412       1166.9 0.0266
3  1  26.0 0.03770 0.03770 1.21000   1340       1107.4 0.0273
3  1  26.0 0.03790 0.03789 1.21000   1226       1013.2 0.0286
3  1  26.0 0.03810 0.03809 1.21000   1268       1047.9 0.0281
3  1  26.0 0.03830 0.03828 1.21000   1124        928.9 0.0298
3  1  26.0 0.03850 0.03848 1.21000   1160        958.7 0.0294
3  1  26.0 0.03870 0.03867 1.21000   1176        971.9 0.0292
3  1  26.0 0.03890 0.03887 1.21000   1084        895.9 0.0304
3  1  26.0 0.03910 0.03906 1.21000   1072        886.0 0.0305
3  1  26.0 0.03930 0.03926 1.21000   1018        841.3 0.0313
3  1  26.0 0.03950 0.03945 1.21000    992        819.8 0.0318
3  1  26.0 0.03970 0.03975 1.21000    936        773.6 0.0327
3  1  26.0 0.03990 0.03994 1.21000    964        796.7 0.0322
3  2  26.0 0.00010 0.00010 1.21000     20         16.5 0.2236
3  2  26.0 0.00030 0.00029 1.21000     16         13.2 0.2500
3  2  26.0 0.00050 0.00049 1.21000     26         21.5 0.1961
3  2  26.0 0.00070 0.00068 1.21000     18         14.9 0.2357
3  2  26.0 0.00090 0.00088 1.21000     22         18.2 0.2132
3  2  26.0 0.00110 0.00107 1.21000     24         19.8 0.2041
3  2  26.0 0.00130 0.00127 1.21000     36         29.8 0.1667
3  2  26.0 0.00150 0.00146 1.21000     18         14.9 0.2357
3  2  26.0 0.00170 0.00166 1.21000     34         28.1 0.1715
3  2  26.0 0.00190 0.00186 1.21000     26         21.5 0.1961
3  2  26.0 0.00210 0.00215 1.21000     34         28.1 0.1715
3  2  26.0 0.00230 0.00234 1.21000     26         21.5 0.1961
3  2  26.0 0.00250 0.00254 1.21000     40         33.1 0.1581
3  2  26.0 0.00270 0.00273 1.21000     48         39.7 0.1443
3  2  26.0 0.00290 0.00293 1.21000     24         19.8 0.2041
3  2  26.0 0.00310 0.00313 1.21000     42         34.7 0.1543
3  2  26.0 0.00330 0.00332 1.21000     38         31.4 0.1622
3  2  26.0 0.00350 0.00352 1.21000     46         38.0 0.1474
3  2  26.0 0.00370 0.00371 1.21000     44         36.4 0.1508
3  2  26.0 0.00390 0.00391 1.21000     46         38.0 0.1474
3  2  26.0 0.00410 0.00410 1.21000     56         46.3 0.1336
3  2  26.0 0.00430 0.00430 1.21000     68         56.2 0.1213
3  2  26.0 0.00450 0.00449 1.21000     66         54.5 0.1231
3  2  26.0 0.00470 0.00469 1.21000     70         57.9 0.1195
3  2  26.0 0.00490 0.00488 1.21000     72         59.5 0.1179
3  2  26.0 0.00510 0.00508 1.21000    108         89.3 0.0962
3  2  26.0 0.00530 0.00527 1.21000    160        132.2 0.0791
3  2  26.0 0.00550 0.00547 1.21000    324        267.8 0.0556
3  2  26.0 0.00570 0.00566 1.21000    696        575.2 0.0379
3  2  26.0 0.00590 0.00586 1.21000   1632       1348.8 0.0248
3  2  26.0 0.00610 0.00605 1.21000   3928       3246.3 0.0160
3  2  26.0 0.00630 0.00635 1.21000  14284      11805.0 0.0084
3  2  26.0 0.00650 0.00654 1.21000  32574      26920.7 0.0055
3  2  26.0 0.00670 0.00674 1.21000  71180      58826.4 0.0037
3  2  26.0 0.00690 0.00693 0.48408  72450     149665.2 0.0037
3  2  26.0 0.00710 0.00713 0.22973  72390     315110.7 0.0037
3  2  26.0 0.00730 0.00732 0.12620  73144     579607.6 0.0037
3  2  26.0 0.00750 0.00752 0.07193  71826     998565.7 0.0037
3  2  26.0 0.00770 0.00771 0.04639  71844    1548719.7 0.0037
3  2  26.0 0.00790 0.00791 0.03235  72190    2231343.5 0.0037
3  2  26.0 0.00810 0.00811 0.02550  72280    2834236.3 0.0037
3  2  26.0 0.00830 0.00830 0.02142  72102    3366084.5 0.0037
3  2  26.0 0.00850 0.00850 0.01919  71756    3738895.8 0.0037
3  2  26.0 0.00870 0.00869 0.01919  77128    4018807.5 0.0036
3  2  26.0 0.00890 0.00889 0.01717  72360    4214642.6 0.0037
3  2  26.0 0.00910 0.00908 0.01717  74258    4325192.5 0.0037
3  2  26.0 0.00930 0.00928 0.01717  75524    4398931.3 0.0036
3  2  26.0 0.00950 0.00947 0.01717  76314    4444945.2 0.0036
3  2  26.0 0.00970 0.00967 0.01717  77042    4487347.9 0.0036
3  2  26.0 0.00990 0.00986 0.01717  77458    4511578.0 0.0036
3  2  26.0 0.01010 0.01006 0.01717  77732    4527537.3 0.0036
3  2  26.0 0.01030 0.01025 0.01717  77896    4537089.5 0.0036
3  2  26.0 0.01050 0.01055 0.01717  77926    4538836.9 0.0036
3  2  26.0 0.01070 0.01074 0.01717  77828    4533128.8 0.0036
3  2  26.0 0.01090 0.01094 0.01717  77632    4521712.7 0.0036
3  2  26.0 0.01110 0.01113 0.01717  77298    4502258.7 0.0036
3  2  26.0 0.01130 0.01133 0.01717  76772    4471621.6 0.0036
3  2  26.0 0.01150 0.01152 0.01717  76002    4426772.6 0.0036
3  2  26.0 0.01170 0.01172 0.01717  74718    4351985.4 0.0037
3  2  26.0 0.01190 0.01191 0.01717  72986    4251104.2 0.0037
3  2  26.0 0.01210 0.01211 0.01717  70240    4091162.2 0.0038
3  2  26.0 0.01230 0.01230 0.01717  66418    3868548.0 0.0039
3  2  26.0 0.01250 0.01250 0.01717  60970    3551226.6 0.0040
3  2  26.0 0.01270 0.01270 0.01717  54064    3148983.4 0.0043
3  2  26.0 0.01290 0.01289 0.01717  45760    2665312.9 0.0047
3  2  26.0 0.01310 0.01309 0.01717  37350    2175468.5 0.0052
3  2  26.0 0.01330 0.01328 0.01717  29818    1736763.6 0.0058
3  2  26.0 0.01350 0.01348 0.01717  24766    1442507.4 0.0064
3  2  26.0 0.01370 0.01367 0.01717  21662    1261713.5 0.0068
3  2  26.0 0.01390 0.01387 0.01717  19998    1164793.0 0.0071
3  2  26.0 0.01410 0.01406 0.01717  19034    1108644.4 0.0072
3  2  26.0 0.01430 0.01426 0.01717  18276    1064494.3 0.0074
3  2  26.0 0.01450 0.01445 0.01717  18184    1059135.7 0.0074
3  2  26.0 0.01470 0.01475 0.01717  18228    1061698.5 0.0074
3  2  26.0 0.01490 0.01494 0.01717  18072    1052612.2 0.0074
3  2  26.0 0.01510 0.01514 0.01717  18238    1062281.0 0.0074
3  2  26.0 0.01530 0.01533 0.01717  18144    1056805.9 0.0074
3  2  26.0 0.01550 0.01553 0.01717  18202    1060184.1 0.0074
3  2  26.0 0.01570 0.01572 0.01717  18116    1055175.0 0.0074
3  2  26.0 0.01590 0.01592 0.01717  18052    1051447.3 0.0074
3  2  26.0 0.01610 0.01611 0.01717  17902    1042710.5 0.0075
3  2  26.0 0.01630 0.01631 0.01717  18028    1050049.4 0.0074
3  2  26.0 0.01650 0.01650 0.01717  17910    1043176.5 0.0075
3  2  26.0 0.01670 0.01670 0.01717  17800    1036769.5 0.0075
3  2  26.0 0.01690 0.01689 0.01717  18032    1050282.4 0.0074
3  2  26.0 0.01710 0.01709 0.01717  17896    1042361.0 0.0075
3  2  26.0 0.01730 0.01729 0.01717  17800    1036769.5 0.0075
3  2  26.0 0.01750 0.01748 0.01717  17542    1021742.1 0.0076
3  2  26.0 0.01770 0.01768 0.01717  17314    1008462.2 0.0076
3  2  26.0 0.01790 0.01787 0.01717  16852     981552.7 0.0077
3  2  26.0 0.01810 0.01807 0.01717  15892     925637.1 0.0079
3  2  26.0 0.01830 0.01826 0.01717  14874     866343.2 0.0082
3  2  26.0 0.01850 0.01846 0.01717  13654     795283.7 0.0086
3  2  26.0 0.01870 0.01865 0.01717  12566     731912.6 0.0089
3  2  26.0 0.01890 0.01895 0.01717  10138     590492.6 0.0099
3  2  26.0 0.01910 0.01914 0.01717   8534     497066.9 0.0108
3  2  26.0 0.01930 0.01934 0.01717   7416     431948.4 0.0116
3  2  26.0 0.01950 0.01953 0.01717   6094     354947.9 0.0128
3  2  26.0 0.01970 0.01973 0.01717   4952     288431.6 0.0142
3  2  26.0 0.01990 0.01992 0.01717   4050     235894.2 0.0157
3  2  26.0 0.02010 0.02012 0.01717   3512     204558.1 0.0169
3  2  26.0 0.02030 0.02031 0.01717   3070     178813.6 0.0180
3  2  26.0 0.02050 0.02051 0.01717   2672     155631.9 0.0193
3  2  26.0 0.02070 0.02070 0.01717   2502     145730.2 0.0200
3  2  26.0 0.02090 0.02090 0.01717   2254     131285.3 0.0211
3  2  26.0 0.02110 0.02109 0.01769   2280     128870.2 0.0209
3  2  26.0 0.02130 0.02129 0.01769   2258     127626.7 0.0210
3  2  26.0 0.02150 0.02148 0.01881   2278     121108.1 0.0210
3  2  26.0 0.02170 0.02168 0.01881   2260     120151.2 0.0210
3  2  26.0 0.02190 0.02188 0.01978   2302     116399.2 0.0208
3  2  26.0 0.02210 0.02207 0.01978   2286     115590.2 0.0209
3  2  26.0 0.02230 0.02227 0.01983   2224     112151.5 0.0212
3  2  26.0 0.02250 0.02246 0.02025   2268     112002.6 0.0210
3  2  26.0 0.02270 0.02266 0.02092   2274     108698.1 0.0210
3  2  26.0 0.02290 0.02285 0.02092   2316     110705.7 0.0208
3  2  26.1 0.02310 0.02314 0.02214   2248     101555.4 0.0211
3  2  26.1 0.02330 0.02334 0.02214   2306     104175.6 0.0208
3  2  26.1 0.02350 0.02354 0.02325   2318      99685.6 0.0208
3  2  26.1 0.02370 0.02373 0.02325   2224      95643.1 0.0212
3  2  26.1 0.02390 0.02393 0.02412   2344      97174.4 0.0207
3  2  26.1 0.02410 0.02412 0.02511   2322      92481.4 0.0208
3  2  26.1 0.02430 0.02432 0.02536   2222      87622.4 0.0212
3  2  26.1 0.02450 0.02451 0.02702   2256      83480.5 0.0211
3  2  26.1 0.02470 0.02471 0.02774   2284      82325.8 0.0209
3  2  26.1 0.02490 0.02490 0.02849   2242      78702.5 0.0211
3  2  26.1 0.02510 0.02510 0.03137   2342      74665.0 0.0207
3  2  26.1 0.02530 0.02529 0.03137   2262      72114.5 0.0210
3  2  26.1 0.02550 0.02549 0.03327   2236      67202.2 0.0211
3  2  26.1 0.02570 0.02568 0.03534   2320      65644.0 0.0208
3  2  26.1 0.02590 0.02588 0.03842   2272      59136.0 0.0210
3  2  26.1 0.02610 0.02607 0.04181   2242      53620.2 0.0211
3  2  26.1 0.02630 0.02627 0.04633   2250      48566.4 0.0211
3  2  26.1 0.02650 0.02646 0.05213   2256      43272.8 0.0211
3  2  26.1 0.02670 0.02666 0.05892   2252      38219.4 0.0211
3  2  26.1 0.02690 0.02686 0.06806   2336      34323.1 0.0207
3  2  26.1 0.02710 0.02715 0.08355   2254      26977.5 0.0211
3  2  26.1 0.02730 0.02734 0.10107   2382      23567.5 0.0205
3  2  26.1 0.02750 0.02754 0.11535   2328      20182.6 0.0207
3  2  26.1 0.02770 0.02773 0.12925   2262      17500.9 0.0210
3  2  26.1 0.02790 0.02793 0.14698   2286      15553.3 0.0209
3  2  26.1 0.02810 0.02813 0.16072   2246      13974.5 0.0211
3  2  26.1 0.02830 0.02832 0.18418   2318      12585.7 0.0208
3  2  26.1 0.02850 0.02852 0.19681   2334      11858.9 0.0207
3  2  26.1 0.02870 0.02871 0.20805   2300      11055.0 0.0209
3  2  26.1 0.02890 0.02891 0.21663   2262      10441.8 0.0210
3  2  26.1 0.02910 0.02910 0.23009   2250       9778.7 0.0211
3  2  26.1 0.02930 0.02930 0.23839   2250       9438.3 0.0211
3  2  26.1 0.02950 0.02949 0.24752   2288       9243.6 0.0209
3  2  26.1 0.02970 0.02969 0.24752   2248       9082.0 0.0211
3  2  26.1 0.02990 0.02988 0.25605   2260       8826.4 0.0210
3  2  26.1 0.03010 0.03008 0.27379   2312       8444.3 0.0208
3  2  26.1 0.03030 0.03027 0.27379   2234       8159.4 0.0212
3  2  26.1 0.03050 0.03047 0.28395   2326       8191.5 0.0207
3  2  26.1 0.03070 0.03066 0.29022   2250       7752.6 0.0211
3  2  26.1 0.03090 0.03086 0.29745   2222       7470.1 0.0212
3  2  26.1 0.03110 0.03105 0.31831   2302       7231.9 0.0208
3  2  26.1 0.03130 0.03135 0.31889   2288       7174.9 0.0209
3  2  26.1 0.03150 0.03154 0.34162   2270       6644.9 0.0210
3  2  26.1 0.03170 0.03174 0.35570   2302       6471.7 0.0208
3  2  26.1 0.03190 0.03193 0.37913   2352       6203.6 0.0206
3  2  26.1 0.03210 0.03213 0.37913   2304       6077.0 0.0208
3  2  26.1 0.03230 0.03232 0.41757   2332       5584.7 0.0207
3  2  26.1 0.03250 0.03252 0.42679   2298       5384.4 0.0209
3  2  26.1 0.03270 0.03271 0.44342   2222       5011.0 0.0212
3  2  26.1 0.03290 0.03291 0.46107   2268       4919.0 0.0210
3  2  26.1 0.03310 0.03311 0.49160   2246       4568.7 0.0211
3  2  26.1 0.03330 0.03330 0.53181   2322       4366.2 0.0208
3  2  26.1 0.03350 0.03350 0.53181   2250       4230.8 0.0211
3  2  26.1 0.03370 0.03369 0.61959   2412       3892.9 0.0204
3  2  26.1 0.03390 0.03389 0.64635   2256       3490.4 0.0211
3  2  26.1 0.03410 0.03408 0.70609   2232       3161.1 0.0212
3  2  26.1 0.03430 0.03428 0.75357   2234       2964.6 0.0212
3  2  26.1 0.03450 0.03447 0.84910   2248       2647.5 0.0211
3  2  26.1 0.03470 0.03467 0.93636   2256       2409.3 0.0211
3  2  26.1 0.03490 0.03486 1.01097   2222       2197.9 0.0212
3  2  26.1 0.03510 0.03506 1.16957   2326       1988.8 0.0207
3  2  26.1 0.03530 0.03525 1.21000   2046       1690.9 0.0221
3  2  26.1 0.03550 0.03555 1.21000   1662       1373.6 0.0245
3  2  26.1 0.03570 0.03574 1.21000   1628       1345.5 0.0248
3  2  26.1 0.03590 0.03594 1.21000   1470       1214.9 0.0261
3  2  26.1 0.03610 0.03613 1.21000   1360       1124.0 0.0271
3  2  26.1 0.03630 0.03633 1.21000   1238       1023.1 0.0284
3  2  26.1 0.03650 0.03652 1.21000   1138        940.5 0.0296
3  2  26.1 0.03670 0.03672 1.21000   1140        942.1 0.0296
3  2  26.1 0.03690 0.03691 1.21000   1100        909.1 0.0302
3  2  26.1 0.03710 0.03711 1.21000   1088        899.2 0.0303
3  2  26.1 0.03730 0.03730 1.21000    992        819.8 0.0318
3  2  26.1 0.03750 0.03750 1.21000    982        811.6 0.0319
3  2  26.1 0.03770 0.03770 1.21000    944        780.2 0.0325
3  2  26.1 0.03790 0.03789 1.21000    938        775.2 0.0327
3  2  26.1 0.03810 0.03809 1.21000    870        719.0 0.0339
3  2  26.1 0.03830 0.03828 1.21000    870        719.0 0.0339
3  2  26.1 0.03850 0.03848 1.21000    832        687.6 0.0347
3  2  26.1 0.03870 0.03867 1.21000    876        724.0 0.0338
3  2  26.1 0.03890 0.03887 1.21000    780        644.6 0.0358
3  2  26.1 0.03910 0.03906 1.21000    770        636.4 0.0360
3  2  26.1 0.03930 0.03926 1.21000    770        636.4 0.0360
3  2  26.1 0.03950 0.03945 1.21000    748        618.2 0.0366
3  2  26.1 0.03970 0.03975 1.21000    748        618.2 0.0366
3  2  26.1 0.03990 0.03994 1.21000    710        586.8 0.0375
3  3  26.1 0.00010 0.00010 1.21000     20         16.5 0.2236
3  3  26.1 0.00030 0.00029 1.21000     24         19.8 0.2041
3  3  26.1 0.00050 0.00049 1.21000     34         28.1 0.1715
3  3  26.1 0.00070 0.00068 1.21000     40         33.1 0.1581
3  3  26.1 0.00090 0.00088 1.21000     38         31.4 0.1622
3  3  26.1 0.00110 0.00107 1.21000     28         23.1 0.1890
3  3  26.1 0.00130 0.00127 1.21000     32         26.4 0.1768
3  3  26.1 0.00150 0.00146 1.21000     28         23.1 0.1890
3  3  26.1 0.00170 0.00166 1.21000     48         39.7 0.1443
3  3  26.1 0.00190 0.00186 1.21000     26         21.5 0.1961
3  3  26.1 0.00210 0.00215 1.21000     38         31.4 0.1622
3  3  26.1 0.00230 0.00234 1.21000     46         38.0 0.1474
3  3  26.1 0.00250 0.00254 1.21000     60         49.6 0.1291
3  3  26.1 0.00270 0.00273 1.21000     50         41.3 0.1414
3  3  26.1 0.00290 0.00293 1.21000     52         43.0 0.1387
3  3  26.1 0.00310 0.00313 1.21000     48         39.7 0.1443
3  3  26.1 0.00330 0.00332 1.21000     52         43.0 0.1387
3  3  26.1 0.00350 0.00352 1.21000     60         49.6 0.1291
3  3  26.1 0.00370 0.00371 1.21000     48         39.7 0.1443
3  3  26.1 0.00390 0.00391 1.21000     60         49.6 0.1291
3  3  26.1 0.00410 0.00410 1.21000     80         66.1 0.1118
3  3  26.1 0.00430 0.00430 1.21000     70         57.9 0.1195
3  3  26.1 0.00450 0.00449 1.21000     56         46.3 0.1336
3  3  26.1 0.00470 0.00469 1.21000     76         62.8 0.1147
3  3  26.1 0.00490 0.00488 1.21000     78         64.5 0.1132
3  3  26.1 0.00510 0.00508 1.21000    106         87.6 0.0971
3  3  26.1 0.00530 0.00527 1.21000    162        133.9 0.0786
3  3  26.1 0.00550 0.00547 1.21000    332        274.4 0.0549
3  3  26.1 0.00570 0.00566 1.21000    706        583.5 0.0376
3  3  26.1 0.00590 0.00586 1.21000   1718       1419.8 0.0241
3  3  26.1 0.00610 0.00605 1.21000   3894       3218.2 0.0160
3  3  26.1 0.00630 0.00635 1.21000  14156      11699.2 0.0084
3  3  26.1 0.00650 0.00654 1.21000  31840      26314.0 0.0056
3  3  26.1 0.00670 0.00674 1.21000  69832      57712.4 0.0038
3  3  26.1 0.00690 0.00693 0.49444  72088     145796.3 0.0037
3  3  26.1 0.00710 0.00713 0.23653  73340     310064.9 0.0037
3  3  26.1 0.00730 0.00732 0.12993  74140     570604.4 0.0037
3  3  26.1 0.00750 0.00752 0.07384  72326     979506.6 0.0037
3  3  26.1 0.00770 0.00771 0.04687  71498    1525599.4 0.0037
3  3  26.1 0.00790 0.00791 0.03261  71222    2184245.8 0.0037
3  3  26.1 0.00810 0.00811 0.02562  71604    2795153.3 0.0037
3  3  26.1 0.00830 0.00830 0.02170  71872    3311716.9 0.0037
3  3  26.1 0.00850 0.00850 0.01946  72374    3719281.9 0.0037
3  3  26.1 0.00870 0.00869 0.01946  78190    4018164.7 0.0036
3  3  26.1 0.00890 0.00889 0.01715  72002    4197220.4 0.0037
3  3  26.1 0.00910 0.00908 0.01715  74050    4316604.7 0.0037
3  3  26.1 0.00930 0.00928 0.01715  75354    4392618.9 0.0036
3  3  26.1 0.00950 0.00947 0.01715  76308    4448230.5 0.0036
3  3  26.1 0.00970 0.00967 0.01715  76934    4484722.0 0.0036
3  3  26.1 0.00990 0.00986 0.01715  77352    4509088.5 0.0036
3  3  26.1 0.01010 0.01006 0.01715  77630    4525294.0 0.0036
3  3  26.1 0.01030 0.01025 0.01715  77808    4535670.2 0.0036
3  3  26.1 0.01050 0.01055 0.01715  77864    4538934.6 0.0036
3  3  26.1 0.01070 0.01074 0.01715  77780    4534037.9 0.0036
3  3  26.1 0.01090 0.01094 0.01715  77582    4522495.9 0.0036
3  3  26.1 0.01110 0.01113 0.01715  77272    4504425.0 0.0036
3  3  26.1 0.01130 0.01133 0.01715  76772    4475278.5 0.0036
3  3  26.1 0.01150 0.01152 0.01715  76038    4432491.4 0.0036
3  3  26.1 0.01170 0.01172 0.01715  74738    4356710.3 0.0037
3  3  26.1 0.01190 0.01191 0.01715  73032    4257262.3 0.0037
3  3  26.1 0.01210 0.01211 0.01715  70600    4115493.4 0.0038
3  3  26.1 0.01230 0.01230 0.01715  66874    3898293.3 0.0039
3  3  26.1 0.01250 0.01250 0.01715  61826    3604029.7 0.0040
3  3  26.1 0.01270 0.01270 0.01715  55080    3210784.4 0.0043
3  3  26.1 0.01290 0.01289 0.01715  47132    2747470.8 0.0046
3  3  26.1 0.01310 0.01309 0.01715  39796    2319832.5 0.0050
3  3  26.1 0.01330 0.01328 0.01715  32512    1895225.5 0.0055
3  3  26.1 0.01350 0.01348 0.01715  27894    1626028.0 0.0060
3  3  26.1 0.01370 0.01367 0.01715  24970    1455578.9 0.0063
3  3  26.1 0.01390 0.01387 0.01715  23288    1357529.9 0.0066
3  3  26.1 0.01410 0.01406 0.01715  22738    1325468.7 0.0066
3  3  26.1 0.01430 0.01426 0.01715  21946    1279300.5 0.0068
3  3  26.1 0.01450 0.01445 0.01715  21876    1275220.0 0.0068
3  3  26.1 0.01470 0.01475 0.01715  21598    1259014.5 0.0068
3  3  26.1 0.01490 0.01494 0.01715  21504    1253535.0 0.0068
3  3  26.1 0.01510 0.01514 0.01715  21506    1253651.6 0.0068
3  3  26.1 0.01530 0.01533 0.01715  21578    1257848.7 0.0068
3  3  26.1 0.01550 0.01553 0.01715  21460    1250970.1 0.0068
3  3  26.1 0.01570 0.01572 0.01715  21538    1255517.0 0.0068
3  3  26.1 0.01590 0.01592 0.01715  21376    1246073.5 0.0068
3  3  26.1 0.01610 0.01611 0.01715  21656    1262395.5 0.0068
3  3  26.1 0.01630 0.01631 0.01715  21402    1247589.1 0.0068
3  3  26.1 0.01650 0.01650 0.01715  21392    1247006.2 0.0068
3  3  26.1 0.01670 0.01670 0.01715  21570    1257382.3 0.0068
3  3  26.1 0.01690 0.01689 0.01715  21288    1240943.7 0.0069
3  3  26.1 0.01710 0.01709 0.01715  21416    1248405.2 0.0068
3  3  26.1 0.01730 0.01729 0.01715  21276    1240244.2 0.0069
3  3  26.1 0.01750 0.01748 0.01715  21016    1225088.0 0.0069
3  3  26.1 0.01770 0.01768 0.01715  20852    1215527.9 0.0069
3  3  26.1 0.01790 0.01787 0.01715  20604    1201071.2 0.0070
3  3  26.1 0.01810 0.01807 0.01715  19850    1157118.2 0.0071
3  3  26.1 0.01830 0.01826 0.01715  19072    1111766.2 0.0072
3  3  26.1 0.01850 0.01846 0.01715  18252    1063965.8 0.0074
3  3  26.1 0.01870 0.01865 0.01715  16906     985503.3 0.0077
3  3  26.1 0.01890 0.01895 0.01715  14428     841053.0 0.0083
3  3  26.1 0.01910 0.01914 0.01715  12814     746967.9 0.0088
3  3  26.1 0.01930 0.01934 0.01715  10960     638892.5 0.0096
3  3  26.1 0.01950 0.01953 0.01715   9202     536413.2 0.0104
3  3  26.1 0.01970 0.01973 0.01715   7572     441395.4 0.0115
3  3  26.1 0.01990 0.01992 0.01715   6546     381586.7 0.0124
3  3  26.1 0.02010 0.02012 0.01715   5474     319096.5 0.0135
3  3  26.1 0.02030 0.02031 0.01715   4500     262319.0 0.0149
3  3  26.1 0.02050 0.02051 0.01715   4078     237719.3 0.0157
3  3  26.1 0.02070 0.02070 0.01715   3568     207989.8 0.0167
3  3  26.1 0.02090 0.02090 0.01715   3378     196914.1 0.0172
3  3  26.1 0.02110 0.02109 0.01715   2996     174646.2 0.0183
3  3  26.1 0.02130 0.02129 0.01715   2898     168933.4 0.0186
3  3  26.1 0.02150 0.02148 0.01715   2744     159956.3 0.0191
3  3  26.1 0.02170 0.02168 0.01715   2630     153310.9 0.0195
3  3  26.1 0.02190 0.02188 0.01715   2584     150629.4 0.0197
3  3  26.1 0.02210 0.02207 0.01715   2632     153427.5 0.0195
3  3  26.1 0.02230 0.02227 0.01715   2590     150979.1 0.0196
3  3  26.1 0.02250 0.02246 0.01715   2464     143634.2 0.0201
3  3  26.1 0.02270 0.02266 0.01715   2362     137688.3 0.0206
3  3  26.1 0.02290 0.02285 0.01715   2334     136056.1 0.0207
3  3  26.1 0.02310 0.02314 0.01715   2226     129760.5 0.0212
3  3  26.1 0.02330 0.02334 0.01736   2288     131814.0 0.0209
3  3  26.1 0.02350 0.02354 0.01764   2326     131837.0 0.0207
3  3  26.1 0.02370 0.02373 0.01780   2252     126496.4 0.0211
3  3  26.1 0.02390 0.02393 0.01868   2236     119724.3 0.0211
3  3  26.1 0.02410 0.02412 0.01878   2222     118332.2 0.0212
3  3  26.1 0.02430 0.02432 0.01964   2266     115353.1 0.0210
3  3  26.1 0.02450 0.02451 0.02043   2266     110888.5 0.0210
3  3  26.1 0.02470 0.02471 0.02105   2280     108289.4 0.0209
3  3  26.1 0.02490 0.02490 0.02105   2250     106864.6 0.0211
3  3  26.1 0.02510 0.02510 0.02287   2324     101601.2 0.0207
3  3  26.1 0.02530 0.02529 0.02323   2322      99960.4 0.0208
3  3  26.1 0.02550 0.02549 0.02469   2302      93229.4 0.0208
3  3  26.1 0.02570 0.02568 0.02557   2262      88476.1 0.0210
3  3  26.1 0.02590 0.02588 0.02766   2290      82799.0 0.0209
3  3  26.1 0.02610 0.02607 0.02891   2264      78322.3 0.0210
3  3  26.1 0.02630 0.02627 0.03203   2290      71504.0 0.0209
3  3  26.1 0.02650 0.02646 0.03441   2330      67710.7 0.0207
3  3  26.1 0.02670 0.02666 0.03606   2250      62398.7 0.0211
3  3  26.1 0.02690 0.02686 0.04083   2280      55842.1 0.0209
3  3  26.1 0.02710 0.02715 0.04931   2238      45390.0 0.0211
3  3  26.1 0.02730 0.02734 0.05573   2290      41088.3 0.0209
3  3  26.1 0.02750 0.02754 0.06653   2374      35683.8 0.0205
3  3  26.1 0.02770 0.02773 0.07289   2282      31306.2 0.0209
3  3  26.1 0.02790 0.02793 0.08410   2242      26660.1 0.0211
3  3  26.1 0.02810 0.02813 0.10140   2306      22741.9 0.0208
3  3  26.1 0.02830 0.02832 0.11278   2288      20287.1 0.0209
3  3  26.1 0.02850 0.02852 0.12505   2280      18232.8 0.0209
3  3  26.1 0.02870 0.02871 0.13828   2258      16328.8 0.0210
3  3  26.1 0.02890 0.02891 0.15429   2304      14933.4 0.0208
3  3  26.1 0.02910 0.02910 0.15740   2232      14180.2 0.0212
3  3  26.1 0.02930 0.02930 0.17046   2316      13587.1 0.0208
3  3  26.1 0.02950 0.02949 0.17600   2238      12715.9 0.0211
3  3  26.1 0.02970 0.02969 0.17728   2234      12601.8 0.0212
3  3  26.1 0.02990 0.02988 0.18424   2224      12071.1 0.0212
3  3  26.1 0.03010 0.03008 0.19787   2276      11502.4 0.0210
3  3  26.1 0.03030 0.03027 0.20241   2258      11155.4 0.0210
3  3  26.1 0.03050 0.03047 0.21336   2270      10639.3 0.0210
3  3  26.1 0.03070 0.03066 0.21336   2252      10555.0 0.0211
3  3  26.1 0.03090 0.03086 0.22529   2342      10395.4 0.0207
3  3  26.1 0.03110 0.03105 0.23069   2304       9987.4 0.0208
3  3  26.1 0.03130 0.03135 0.23300   2226       9553.7 0.0212
3  3  26.1 0.03150 0.03154 0.25473   2282       8958.4 0.0209
3  3  26.1 0.03170 0.03174 0.26248   2276       8671.2 0.0210
3  3  26.1 0.03190 0.03193 0.27381   2258       8246.5 0.0210
3  3  26.1 0.03210 0.03213 0.28645   2280       7959.6 0.0209
3  3  26.1 0.03230 0.03232 0.30137   2318       7691.6 0.0208
3  3  26.1 0.03250 0.03252 0.30300   2246       7412.5 0.0211
3  3  26.1 0.03270 0.03271 0.30300   2234       7372.9 0.0212
3  3  26.1 0.03290 0.03291 0.33731   2348       6960.9 0.0206
3  3  26.1 0.03310 0.03311 0.35011   2238       6392.2 0.0211
3  3  26.1 0.03330 0.03330 0.37238   2372       6369.8 0.0205
3  3  26.1 0.03350 0.03350 0.37886   2244       5923.0 0.0211
3  3  26.1 0.03370 0.03369 0.41037   2274       5541.3 0.0210
3  3  26.1 0.03390 0.03389 0.43797   2230       5091.7 0.0212
3  3  26.1 0.03410 0.03408 0.46518   2236       4806.7 0.0211
3  3  26.1 0.03430 0.03428 0.49742   2256       4535.4 0.0211
3  3  26.1 0.03450 0.03447 0.54541   2330       4272.0 0.0207
3  3  26.1 0.03470 0.03467 0.58571   2270       3875.6 0.0210
3  3  26.1 0.03490 0.03486 0.65092   2372       3644.0 0.0205
3  3  26.1 0.03510 0.03506 0.67524   2250       3332.2 0.0211
3  3  26.1 0.03530 0.03525 0.76895   2266       2946.9 0.0210
3  3  26.1 0.03550 0.03555 0.92266   2412       2614.2 0.0204
3  3  26.1 0.03570 0.03574 0.96614   2234       2312.3 0.0212
3  3  26.1 0.03590 0.03594 1.09195   2260       2069.7 0.0210
3  3  26.1 0.03610 0.03613 1.21000   1988       1643.0 0.0224
3  3  26.1 0.03630 0.03633 1.21000   1860       1537.2 0.0232
3  3  26.1 0.03650 0.03652 1.21000   1786       1476.0 0.0237
3  3  26.1 0.03670 0.03672 1.21000   1520       1256.2 0.0256
3  3  26.1 0.03690 0.03691 1.21000   1470       1214.9 0.0261
3  3  26.1 0.03710 0.03711 1.21000   1316       1087.6 0.0276
3  3  26.1 0.03730 0.03730 1.21000   1216       1005.0 0.0287
3  3  26.1 0.03750 0.03750 1.21000   1244       1028.1 0.0284
3  3  26.1 0.03770 0.03770 1.21000   1156        955.4 0.0294
3  3  26.1 0.03790 0.03789 1.21000   1138        940.5 0.0296
3  3  26.1 0.03810 0.03809 1.21000   1086        897.5 0.0303
3  3  26.1 0.03830 0.03828 1.21000   1060        876.0 0.0307
3  3  26.1 0.03850 0.03848 1.21000    988        816.5 0.0318
3  3  26.1 0.03870 0.03867 1.21000    986        814.9 0.0318
3  3  26.1 0.03890 0.03887 1.21000    968        800.0 0.0321
3  3  26.1 0.03910 0.03906 1.21000    908        750.4 0.0332
3  3  26.1 0.03930 0.03926 1.21000    898        742.1 0.0334
3  3  26.1 0.03950 0.03945 1.21000    906        748.8 0.0332
3  3  26.1 0.03970 0.03975 1.21000    858        709.1 0.0341
3  3  26.1 0.03990 0.03994 1.21000    840        694.2 0.0345
