# Scan Time    : Fri, 18 Mar 2022 16:58:52 +0000 (GMT) +  6477000 nsec
# Board Lane   : 8
# Board Loc    : BTOF - Northeast
# SiPM Biases  :  57.008  57.128  57.022  56.773
# SiPM Currents:   1.294   1.355   1.116   1.141
#
5 -1  26.2 0.00010 0.00010 1.21000      2          1.7 0.7071
5 -1  26.1 0.00030 0.00029 1.21000      2          1.7 0.7071
5 -1  26.1 0.00050 0.00049 1.21000      2          1.7 0.7071
5 -1  26.1 0.00070 0.00068 1.21000      2          1.7 0.7071
5 -1  26.1 0.00090 0.00088 1.21000      2          1.7 0.7071
5 -1  26.1 0.00110 0.00107 1.21000      8          6.6 0.3536
5 -1  26.1 0.00130 0.00127 1.21000      2          1.7 0.7071
5 -1  26.1 0.00150 0.00146 1.21000      2          1.7 0.7071
5 -1  26.1 0.00170 0.00166 1.21000      2          1.7 0.7071
5 -1  26.1 0.00190 0.00186 1.21000      8          6.6 0.3536
5 -1  26.1 0.00210 0.00215 1.21000      8          6.6 0.3536
5 -1  26.1 0.00230 0.00234 1.21000     10          8.3 0.3162
5 -1  26.1 0.00250 0.00254 1.21000     12          9.9 0.2887
5 -1  26.1 0.00270 0.00273 1.21000     16         13.2 0.2500
5 -1  26.1 0.00290 0.00293 1.21000     14         11.6 0.2673
5 -1  26.1 0.00310 0.00313 1.21000     16         13.2 0.2500
5 -1  26.1 0.00330 0.00332 1.21000     14         11.6 0.2673
5 -1  26.1 0.00350 0.00352 1.21000     18         14.9 0.2357
5 -1  26.1 0.00370 0.00371 1.21000     20         16.5 0.2236
5 -1  26.1 0.00390 0.00391 1.21000     20         16.5 0.2236
5 -1  26.1 0.00410 0.00410 1.21000     24         19.8 0.2041
5 -1  26.1 0.00430 0.00430 1.21000     36         29.8 0.1667
5 -1  26.1 0.00450 0.00449 1.21000     38         31.4 0.1622
5 -1  26.1 0.00470 0.00469 1.21000     42         34.7 0.1543
5 -1  26.1 0.00490 0.00488 1.21000     46         38.0 0.1474
5 -1  26.1 0.00510 0.00508 1.21000     52         43.0 0.1387
5 -1  26.1 0.00530 0.00527 1.21000     64         52.9 0.1250
5 -1  26.1 0.00550 0.00547 1.21000     52         43.0 0.1387
5 -1  26.1 0.00570 0.00566 1.21000     48         39.7 0.1443
5 -1  26.1 0.00590 0.00586 1.21000     62         51.2 0.1270
5 -1  26.1 0.00610 0.00605 1.21000     50         41.3 0.1414
5 -1  26.1 0.00630 0.00635 1.21000     64         52.9 0.1250
5 -1  26.1 0.00650 0.00654 1.21000     82         67.8 0.1104
5 -1  26.1 0.00670 0.00674 1.21000    100         82.6 0.1000
5 -1  26.1 0.00690 0.00693 1.21000    168        138.8 0.0772
5 -1  26.1 0.00710 0.00713 1.21000    284        234.7 0.0593
5 -1  26.1 0.00730 0.00732 1.21000    634        524.0 0.0397
5 -1  26.1 0.00750 0.00752 1.21000   1652       1365.3 0.0246
5 -1  26.1 0.00770 0.00771 1.21000   3746       3095.9 0.0163
5 -1  26.1 0.00790 0.00791 1.21000   9484       7838.0 0.0103
5 -1  26.1 0.00810 0.00811 1.21000  21232      17547.1 0.0069
5 -1  26.1 0.00830 0.00830 1.21000  49224      40681.0 0.0045
5 -1  26.1 0.00850 0.00850 0.82812  72232      87224.0 0.0037
5 -1  26.1 0.00870 0.00869 0.39861  73074     183320.1 0.0037
5 -1  26.1 0.00890 0.00889 0.21897  79462     362892.0 0.0035
5 -1  26.1 0.00910 0.00908 0.10206  72580     711157.9 0.0037
5 -1  26.1 0.00930 0.00928 0.05678  72624    1279021.9 0.0037
5 -1  26.1 0.00950 0.00947 0.03200  71108    2222385.9 0.0038
5 -1  26.1 0.00970 0.00967 0.02104  72766    3458559.7 0.0037
5 -1  26.1 0.00990 0.00986 0.01411  71914    5095764.1 0.0037
5 -1  26.1 0.01010 0.01006 0.01074  72198    6721282.2 0.0037
5 -1  26.1 0.01030 0.01025 0.00868  71278    8212519.5 0.0037
5 -1  26.1 0.01050 0.01055 0.00710  71532   10080160.8 0.0037
5 -1  26.1 0.01070 0.01074 0.00710  77936   10982601.0 0.0036
5 -1  26.1 0.01090 0.01094 0.00618  73024   11817107.5 0.0037
5 -1  26.1 0.01110 0.01113 0.00618  76372   12358897.6 0.0036
5 -1  26.1 0.01130 0.01133 0.00618  78968   12778995.2 0.0036
5 -1  26.1 0.01150 0.01152 0.00551  72248   13100360.9 0.0037
5 -1  26.1 0.01170 0.01172 0.00551  73380   13305620.7 0.0037
5 -1  26.1 0.01190 0.01191 0.00551  74390   13488758.8 0.0037
5 -1  26.1 0.01210 0.01211 0.00551  74818   13566365.9 0.0037
5 -1  26.1 0.01230 0.01230 0.00551  75080   13613873.0 0.0036
5 -1  26.1 0.01250 0.01250 0.00551  75114   13620038.0 0.0036
5 -1  26.1 0.01270 0.01270 0.00551  74748   13553673.1 0.0037
5 -1  26.1 0.01290 0.01289 0.00551  74050   13427108.3 0.0037
5 -1  26.1 0.01310 0.01309 0.00551  72940   13225837.7 0.0037
5 -1  26.1 0.01330 0.01328 0.00551  71354   12938256.4 0.0037
5 -1  26.1 0.01350 0.01348 0.00551  68626   12443602.1 0.0038
5 -1  26.1 0.01370 0.01367 0.00551  64748   11740424.2 0.0039
5 -1  26.1 0.01390 0.01387 0.00551  59936   10867888.8 0.0041
5 -1  26.1 0.01410 0.01406 0.00551  54016    9794445.4 0.0043
5 -1  26.1 0.01430 0.01426 0.00551  47586    8628526.4 0.0046
5 -1  26.1 0.01450 0.01445 0.00551  40616    7364691.9 0.0050
5 -1  26.1 0.01470 0.01475 0.00551  34192    6199860.7 0.0054
5 -1  26.1 0.01490 0.01494 0.00551  30046    5448087.7 0.0058
5 -1  26.1 0.01510 0.01514 0.00551  27886    5056426.0 0.0060
5 -1  26.1 0.01530 0.01533 0.00551  26612    4825418.1 0.0061
5 -1  26.1 0.01550 0.01553 0.00551  25784    4675281.0 0.0062
5 -1  26.1 0.01570 0.01572 0.00551  25228    4574464.4 0.0063
5 -1  26.1 0.01590 0.01592 0.00551  25034    4539287.4 0.0063
5 -1  26.1 0.01610 0.01611 0.00551  24850    4505923.6 0.0063
5 -1  26.1 0.01630 0.01631 0.00551  24902    4515352.5 0.0063
5 -1  26.1 0.01650 0.01650 0.00551  24814    4499395.9 0.0063
5 -1  26.1 0.01670 0.01670 0.00551  24664    4472197.2 0.0064
5 -1  26.1 0.01690 0.01689 0.00551  24568    4454790.0 0.0064
5 -1  26.1 0.01710 0.01709 0.00551  24358    4416711.7 0.0064
5 -1  26.1 0.01730 0.01729 0.00551  24358    4416711.7 0.0064
5 -1  26.1 0.01750 0.01748 0.00551  24390    4422514.1 0.0064
5 -1  26.1 0.01770 0.01768 0.00551  24516    4445361.1 0.0064
5 -1  26.1 0.01790 0.01787 0.00551  24254    4397854.0 0.0064
5 -1  26.1 0.01810 0.01807 0.00551  24312    4408370.8 0.0064
5 -1  26.1 0.01830 0.01826 0.00551  24292    4404744.3 0.0064
5 -1  26.1 0.01850 0.01846 0.00551  24422    4428316.5 0.0064
5 -1  26.1 0.01870 0.01865 0.00551  24178    4384073.3 0.0064
5 -1  26.1 0.01890 0.01895 0.00551  23910    4335478.2 0.0065
5 -1  26.1 0.01910 0.01914 0.00551  23668    4291597.6 0.0065
5 -1  26.1 0.01930 0.01934 0.00551  23480    4257508.5 0.0065
5 -1  26.1 0.01950 0.01953 0.00551  22766    4128042.5 0.0066
5 -1  26.1 0.01970 0.01973 0.00551  22154    4017071.7 0.0067
5 -1  26.1 0.01990 0.01992 0.00551  21034    3813987.8 0.0069
5 -1  26.1 0.02010 0.02012 0.00551  19884    3605464.2 0.0071
5 -1  26.1 0.02030 0.02031 0.00551  18190    3298299.8 0.0074
5 -1  26.1 0.02050 0.02051 0.00551  16544    2999839.0 0.0078
5 -1  26.1 0.02070 0.02070 0.00551  14814    2686147.0 0.0082
5 -1  26.1 0.02090 0.02090 0.00551  13074    2370641.7 0.0087
5 -1  26.1 0.02110 0.02109 0.00551  11458    2077620.6 0.0093
5 -1  26.1 0.02130 0.02129 0.00551  10014    1815787.5 0.0100
5 -1  26.1 0.02150 0.02148 0.00551   8710    1579339.8 0.0107
5 -1  26.1 0.02170 0.02168 0.00551   7646    1386410.1 0.0114
5 -1  26.1 0.02190 0.02188 0.00551   6922    1255130.9 0.0120
5 -1  26.1 0.02210 0.02207 0.00551   6336    1148874.5 0.0126
5 -1  26.1 0.02230 0.02227 0.00551   5818    1054948.2 0.0131
5 -1  26.1 0.02250 0.02246 0.00551   5522    1001276.1 0.0135
5 -1  26.1 0.02270 0.02266 0.00551   5186     940350.9 0.0139
5 -1  26.1 0.02290 0.02285 0.00551   4994     905536.5 0.0142
5 -1  26.1 0.02310 0.02314 0.00551   4790     868546.2 0.0144
5 -1  26.1 0.02330 0.02334 0.00551   4502     816324.7 0.0149
5 -1  26.1 0.02350 0.02354 0.00551   4536     822489.7 0.0148
5 -1  26.1 0.02370 0.02373 0.00551   4364     791301.8 0.0151
5 -1  26.1 0.02390 0.02393 0.00551   4280     776070.5 0.0153
5 -1  26.1 0.02410 0.02412 0.00551   4106     744520.0 0.0156
5 -1  26.1 0.02430 0.02432 0.00551   4028     730376.7 0.0158
5 -1  26.1 0.02450 0.02451 0.00551   3992     723849.0 0.0158
5 -1  26.1 0.02470 0.02471 0.00551   3860     699914.1 0.0161
5 -1  26.1 0.02490 0.02490 0.00551   3692     669451.5 0.0165
5 -1  26.1 0.02510 0.02510 0.00551   3626     657484.1 0.0166
5 -1  26.1 0.02530 0.02529 0.00551   3456     626658.8 0.0170
5 -1  26.1 0.02550 0.02549 0.00551   3322     602361.3 0.0174
5 -1  26.0 0.02570 0.02568 0.00551   3306     599460.1 0.0174
5 -1  26.0 0.02590 0.02588 0.00551   3278     594383.0 0.0175
5 -1  26.0 0.02610 0.02607 0.00551   3006     545062.6 0.0182
5 -1  26.0 0.02630 0.02627 0.00551   2950     534908.4 0.0184
5 -1  26.0 0.02650 0.02646 0.00551   2870     520402.4 0.0187
5 -1  26.0 0.02670 0.02666 0.00551   2694     488489.3 0.0193
5 -1  26.0 0.02690 0.02686 0.00551   2596     470719.4 0.0196
5 -1  26.0 0.02710 0.02715 0.00551   2372     430102.6 0.0205
5 -1  26.0 0.02730 0.02734 0.00551   2236     405442.5 0.0211
5 -1  26.0 0.02750 0.02754 0.00581   2238     384918.7 0.0211
5 -1  26.0 0.02770 0.02773 0.00638   2266     355441.4 0.0210
5 -1  26.0 0.02790 0.02793 0.00708   2346     331503.2 0.0206
5 -1  26.0 0.02810 0.02813 0.00748   2298     307183.9 0.0209
5 -1  26.0 0.02830 0.02832 0.00822   2290     278561.4 0.0209
5 -1  26.0 0.02850 0.02852 0.00939   2290     243978.0 0.0209
5 -1  26.0 0.02870 0.02871 0.01016   2372     233358.7 0.0205
5 -1  26.0 0.02890 0.02891 0.01149   2260     196738.1 0.0210
5 -1  26.0 0.02910 0.02910 0.01261   2298     182271.5 0.0209
5 -1  26.0 0.02930 0.02930 0.01412   2324     164643.8 0.0207
5 -1  26.0 0.02950 0.02949 0.01509   2222     147215.9 0.0212
5 -1  26.0 0.02970 0.02969 0.01720   2354     136821.1 0.0206
5 -1  26.0 0.02990 0.02988 0.01812   2226     122859.9 0.0212
5 -1  26.0 0.03010 0.03008 0.01936   2224     114905.0 0.0212
5 -1  26.0 0.03030 0.03027 0.02076   2256     108689.9 0.0211
5 -1  26.0 0.03050 0.03047 0.02296   2350     102344.6 0.0206
5 -1  26.0 0.03070 0.03066 0.02395   2408     100561.2 0.0204
5 -1  26.0 0.03090 0.03086 0.02395   2270      94798.2 0.0210
5 -1  26.0 0.03110 0.03105 0.02499   2226      89064.2 0.0212
5 -1  26.0 0.03130 0.03135 0.02696   2270      84202.9 0.0210
5 -1  26.0 0.03150 0.03154 0.02836   2294      80880.6 0.0209
5 -1  26.0 0.03170 0.03174 0.03007   2336      77691.1 0.0207
5 -1  26.0 0.03190 0.03193 0.03015   2226      73832.8 0.0212
5 -1  26.0 0.03210 0.03213 0.03281   2246      68448.9 0.0211
5 -1  26.0 0.03230 0.03232 0.03281   2262      68936.5 0.0210
5 -1  26.0 0.03250 0.03252 0.03417   2322      67962.5 0.0208
5 -1  26.0 0.03270 0.03271 0.03597   2292      63721.7 0.0209
5 -1  26.0 0.03290 0.03291 0.03770   2234      59258.1 0.0212
5 -1  26.0 0.03310 0.03311 0.03882   2264      58324.1 0.0210
5 -1  26.0 0.03330 0.03330 0.04131   2250      54467.9 0.0211
5 -1  26.0 0.03350 0.03350 0.04334   2240      51687.8 0.0211
5 -1  26.0 0.03370 0.03369 0.04470   2322      51949.3 0.0208
5 -1  26.0 0.03390 0.03389 0.04577   2234      48810.8 0.0212
5 -1  26.0 0.03410 0.03408 0.04925   2248      45642.2 0.0211
5 -1  26.0 0.03430 0.03428 0.04925   2250      45682.8 0.0211
5 -1  26.0 0.03450 0.03447 0.05429   2244      41337.0 0.0211
5 -1  26.0 0.03470 0.03467 0.05684   2252      39617.4 0.0211
5 -1  26.0 0.03490 0.03486 0.06328   2266      35809.2 0.0210
5 -1  26.0 0.03510 0.03506 0.06677   2280      34149.4 0.0209
5 -1  26.0 0.03530 0.03525 0.07139   2270      31796.3 0.0210
5 -1  26.0 0.03550 0.03555 0.07627   2248      29475.8 0.0211
5 -1  26.0 0.03570 0.03574 0.08378   2228      26592.7 0.0212
5 -1  26.0 0.03590 0.03594 0.08907   2236      25102.8 0.0211
5 -1  26.0 0.03610 0.03613 0.09986   2248      22511.6 0.0211
5 -1  26.0 0.03630 0.03633 0.11024   2358      21389.5 0.0206
5 -1  26.0 0.03650 0.03652 0.11598   2238      19296.0 0.0211
5 -1  26.0 0.03670 0.03672 0.12663   2238      17672.9 0.0211
5 -1  26.0 0.03690 0.03691 0.13400   2232      16657.1 0.0212
5 -1  26.0 0.03710 0.03711 0.15358   2348      15288.7 0.0206
5 -1  26.0 0.03730 0.03730 0.16339   2298      14064.5 0.0209
5 -1  26.0 0.03750 0.03750 0.17867   2278      12750.0 0.0210
5 -1  26.0 0.03770 0.03770 0.19068   2272      11915.2 0.0210
5 -1  26.0 0.03790 0.03789 0.20548   2244      10920.9 0.0211
5 -1  26.0 0.03810 0.03809 0.21886   2224      10161.7 0.0212
5 -1  26.0 0.03830 0.03828 0.23371   2260       9670.1 0.0210
5 -1  26.0 0.03850 0.03848 0.24865   2310       9290.0 0.0208
5 -1  26.0 0.03870 0.03867 0.26401   2368       8969.3 0.0205
5 -1  26.0 0.03890 0.03887 0.27009   2274       8419.5 0.0210
5 -1  26.0 0.03910 0.03906 0.28741   2318       8065.1 0.0208
5 -1  26.0 0.03930 0.03926 0.30293   2294       7572.8 0.0209
5 -1  26.0 0.03950 0.03945 0.31860   2300       7219.1 0.0209
5 -1  26.0 0.03970 0.03975 0.34200   2270       6637.5 0.0210
5 -1  26.0 0.03990 0.03994 0.34200   2252       6584.9 0.0211
5  0  26.0 0.00010 0.00010 1.21000    202        166.9 0.0704
5  0  26.0 0.00030 0.00029 1.21000     12          9.9 0.2887
5  0  26.0 0.00050 0.00049 1.21000     12          9.9 0.2887
5  0  26.0 0.00070 0.00068 1.21000     10          8.3 0.3162
5  0  26.0 0.00090 0.00088 1.21000     14         11.6 0.2673
5  0  26.0 0.00110 0.00107 1.21000     16         13.2 0.2500
5  0  26.0 0.00130 0.00127 1.21000      8          6.6 0.3536
5  0  26.0 0.00150 0.00146 1.21000     16         13.2 0.2500
5  0  26.0 0.00170 0.00166 1.21000     20         16.5 0.2236
5  0  26.0 0.00190 0.00186 1.21000     20         16.5 0.2236
5  0  26.0 0.00210 0.00215 1.21000     16         13.2 0.2500
5  0  26.0 0.00230 0.00234 1.21000     16         13.2 0.2500
5  0  26.0 0.00250 0.00254 1.21000     22         18.2 0.2132
5  0  26.0 0.00270 0.00273 1.21000     20         16.5 0.2236
5  0  26.0 0.00290 0.00293 1.21000     18         14.9 0.2357
5  0  26.0 0.00310 0.00313 1.21000     32         26.4 0.1768
5  0  26.0 0.00330 0.00332 1.21000     22         18.2 0.2132
5  0  26.0 0.00350 0.00352 1.21000     28         23.1 0.1890
5  0  26.0 0.00370 0.00371 1.21000     26         21.5 0.1961
5  0  26.0 0.00390 0.00391 1.21000     24         19.8 0.2041
5  0  26.0 0.00410 0.00410 1.21000     26         21.5 0.1961
5  0  26.0 0.00430 0.00430 1.21000     40         33.1 0.1581
5  0  26.0 0.00450 0.00449 1.21000     36         29.8 0.1667
5  0  26.0 0.00470 0.00469 1.21000     34         28.1 0.1715
5  0  26.0 0.00490 0.00488 1.21000     40         33.1 0.1581
5  0  26.0 0.00510 0.00508 1.21000     42         34.7 0.1543
5  0  26.0 0.00530 0.00527 1.21000     54         44.6 0.1361
5  0  26.0 0.00550 0.00547 1.21000     40         33.1 0.1581
5  0  26.0 0.00570 0.00566 1.21000     52         43.0 0.1387
5  0  26.0 0.00590 0.00586 1.21000     58         47.9 0.1313
5  0  26.0 0.00610 0.00605 1.21000     44         36.4 0.1508
5  0  26.0 0.00630 0.00635 1.21000     52         43.0 0.1387
5  0  26.0 0.00650 0.00654 1.21000     76         62.8 0.1147
5  0  26.0 0.00670 0.00674 1.21000     84         69.4 0.1091
5  0  26.0 0.00690 0.00693 1.21000    148        122.3 0.0822
5  0  26.0 0.00710 0.00713 1.21000    272        224.8 0.0606
5  0  26.0 0.00730 0.00732 1.21000    716        591.7 0.0374
5  0  26.0 0.00750 0.00752 1.21000   1678       1386.8 0.0244
5  0  26.0 0.00770 0.00771 1.21000   4120       3405.0 0.0156
5  0  26.0 0.00790 0.00791 1.21000   9876       8162.0 0.0101
5  0  26.0 0.00810 0.00811 1.21000  22136      18294.2 0.0067
5  0  26.0 0.00830 0.00830 1.21000  50950      42107.4 0.0044
5  0  26.0 0.00850 0.00850 0.66479  72312     108773.6 0.0037
5  0  25.9 0.00870 0.00869 0.32855  71710     218265.0 0.0037
5  0  25.9 0.00890 0.00889 0.18048  75982     421003.7 0.0036
5  0  25.9 0.00910 0.00908 0.09914  75840     764969.8 0.0036
5  0  25.9 0.00930 0.00928 0.05744  71944    1252591.1 0.0037
5  0  25.9 0.00950 0.00947 0.03749  72220    1926436.1 0.0037
5  0  25.9 0.00970 0.00967 0.02829  72598    2566479.4 0.0037
5  0  25.9 0.00990 0.00986 0.02279  71694    3146326.6 0.0037
5  0  25.9 0.01010 0.01006 0.02004  71824    3584297.8 0.0037
5  0  25.9 0.01030 0.01025 0.02004  78306    3907774.9 0.0036
5  0  25.9 0.01050 0.01055 0.01710  71732    4195913.4 0.0037
5  0  25.9 0.01070 0.01074 0.01710  73842    4319336.4 0.0037
5  0  25.9 0.01090 0.01094 0.01710  75192    4398303.7 0.0036
5  0  25.9 0.01110 0.01113 0.01710  76140    4453756.3 0.0036
5  0  25.9 0.01130 0.01133 0.01710  76772    4490724.7 0.0036
5  0  25.9 0.01150 0.01152 0.01710  77192    4515292.3 0.0036
5  0  25.9 0.01170 0.01172 0.01710  77464    4531202.7 0.0036
5  0  25.9 0.01190 0.01191 0.01710  77626    4540678.8 0.0036
5  0  25.9 0.01210 0.01211 0.01710  77706    4545358.4 0.0036
5  0  25.9 0.01230 0.01230 0.01710  77678    4543720.5 0.0036
5  0  25.9 0.01250 0.01250 0.01710  77548    4536116.3 0.0036
5  0  25.9 0.01270 0.01270 0.01710  77292    4521141.7 0.0036
5  0  25.9 0.01290 0.01289 0.01710  76892    4497744.0 0.0036
5  0  25.9 0.01310 0.01309 0.01710  76276    4461711.5 0.0036
5  0  25.9 0.01330 0.01328 0.01710  75382    4409417.6 0.0036
5  0  25.9 0.01350 0.01348 0.01710  74022    4329865.3 0.0037
5  0  25.9 0.01370 0.01367 0.01710  71916    4206676.3 0.0037
5  0  25.9 0.01390 0.01387 0.01710  68906    4030608.5 0.0038
5  0  25.9 0.01410 0.01406 0.01710  64426    3768554.0 0.0039
5  0  25.9 0.01430 0.01426 0.01710  58498    3421799.8 0.0041
5  0  25.9 0.01450 0.01445 0.01710  51458    3009999.9 0.0044
5  0  25.9 0.01470 0.01475 0.01710  38616    2258816.0 0.0051
5  0  25.9 0.01490 0.01494 0.01710  31830    1861873.7 0.0056
5  0  25.9 0.01510 0.01514 0.01710  27020    1580516.1 0.0061
5  0  25.9 0.01530 0.01533 0.01710  23868    1396142.0 0.0065
5  0  25.9 0.01550 0.01553 0.01710  21992    1286406.7 0.0067
5  0  25.9 0.01570 0.01572 0.01710  21304    1246162.6 0.0069
5  0  25.9 0.01590 0.01592 0.01710  20544    1201707.0 0.0070
5  0  25.9 0.01610 0.01611 0.01710  20270    1185679.5 0.0070
5  0  25.9 0.01630 0.01631 0.01710  20158    1179128.2 0.0070
5  0  25.9 0.01650 0.01650 0.01710  20198    1181467.9 0.0070
5  0  25.9 0.01670 0.01670 0.01710  20044    1172459.8 0.0071
5  0  25.9 0.01690 0.01689 0.01710  19916    1164972.5 0.0071
5  0  25.9 0.01710 0.01709 0.01710  20036    1171991.9 0.0071
5  0  25.9 0.01730 0.01729 0.01710  20076    1174331.6 0.0071
5  0  25.9 0.01750 0.01748 0.01710  19986    1169067.2 0.0071
5  0  25.9 0.01770 0.01768 0.01710  20178    1180298.1 0.0070
5  0  25.9 0.01790 0.01787 0.01710  20118    1176788.4 0.0071
5  0  25.9 0.01810 0.01807 0.01710  20202    1181701.9 0.0070
5  0  25.9 0.01830 0.01826 0.01710  20054    1173044.8 0.0071
5  0  25.9 0.01850 0.01846 0.01710  20064    1173629.7 0.0071
5  0  25.9 0.01870 0.01865 0.01710  19984    1168950.2 0.0071
5  0  25.9 0.01890 0.01895 0.01710  19874    1162515.8 0.0071
5  0  25.9 0.01910 0.01914 0.01710  19598    1146371.4 0.0071
5  0  25.9 0.01930 0.01934 0.01710  19292    1128472.1 0.0072
5  0  25.9 0.01950 0.01953 0.01710  18712    1094545.4 0.0073
5  0  25.9 0.01970 0.01973 0.01710  17904    1047282.0 0.0075
5  0  25.9 0.01990 0.01992 0.01710  17092     999784.6 0.0076
5  0  25.9 0.02010 0.02012 0.01710  16038     938131.6 0.0079
5  0  25.9 0.02030 0.02031 0.01710  14652     857058.5 0.0083
5  0  25.9 0.02050 0.02051 0.01710  13182     771071.9 0.0087
5  0  25.9 0.02070 0.02070 0.01710  11046     646128.1 0.0095
5  0  25.9 0.02090 0.02090 0.01710   9424     551250.3 0.0103
5  0  25.9 0.02110 0.02109 0.01710   8024     469358.3 0.0112
5  0  25.9 0.02130 0.02129 0.01710   6710     392496.8 0.0122
5  0  25.9 0.02150 0.02148 0.01710   5594     327217.1 0.0134
5  0  25.9 0.02170 0.02168 0.01710   4820     281942.5 0.0144
5  0  25.9 0.02190 0.02188 0.01710   3910     228712.7 0.0160
5  0  25.9 0.02210 0.02207 0.01710   3474     203209.2 0.0170
5  0  25.9 0.02230 0.02227 0.01710   3186     186362.9 0.0177
5  0  25.9 0.02250 0.02246 0.01710   2930     171388.3 0.0185
5  0  25.9 0.02270 0.02266 0.01710   2802     163901.0 0.0189
5  0  25.9 0.02290 0.02285 0.01710   2626     153606.0 0.0195
5  0  25.9 0.02310 0.02314 0.01710   2576     150681.3 0.0197
5  0  25.9 0.02330 0.02334 0.01710   2464     144130.0 0.0201
5  0  25.9 0.02350 0.02354 0.01710   2430     142141.2 0.0203
5  0  25.9 0.02370 0.02373 0.01710   2358     137929.6 0.0206
5  0  25.9 0.02390 0.02393 0.01711   2264     132311.9 0.0210
5  0  25.9 0.02410 0.02412 0.01711   2232     130441.8 0.0212
5  0  25.9 0.02430 0.02432 0.01711   2266     132428.8 0.0210
5  0  25.9 0.02450 0.02451 0.01754   2252     128412.1 0.0211
5  0  25.9 0.02470 0.02471 0.01859   2252     121130.4 0.0211
5  0  25.9 0.02490 0.02490 0.01859   2256     121345.6 0.0211
5  0  25.9 0.02510 0.02510 0.01859   2224     119624.4 0.0212
5  0  25.9 0.02530 0.02529 0.01969   2318     117722.6 0.0208
5  0  25.9 0.02550 0.02549 0.01969   2302     116910.0 0.0208
5  0  25.9 0.02570 0.02568 0.01985   2224     112033.7 0.0212
5  0  25.9 0.02590 0.02588 0.02171   2318     106784.2 0.0208
5  0  25.9 0.02610 0.02607 0.02171   2274     104757.2 0.0210
5  0  25.9 0.02630 0.02627 0.02215   2254     101779.7 0.0211
5  0  25.9 0.02650 0.02646 0.02320   2224      95859.0 0.0212
5  0  25.9 0.02670 0.02666 0.02320   2232      96203.9 0.0212
5  0  25.9 0.02690 0.02686 0.02565   2324      90621.2 0.0207
5  0  25.9 0.02710 0.02715 0.02761   2330      84394.7 0.0207
5  0  25.9 0.02730 0.02734 0.02965   2280      76907.8 0.0209
5  0  25.9 0.02750 0.02754 0.03125   2298      73538.0 0.0209
5  0  25.9 0.02770 0.02773 0.03454   2248      65086.6 0.0211
5  0  25.9 0.02790 0.02793 0.03707   2236      60310.6 0.0211
5  0  25.9 0.02810 0.02813 0.04157   2294      55189.0 0.0209
5  0  25.9 0.02830 0.02832 0.04669   2244      48057.8 0.0211
5  0  25.9 0.02850 0.02852 0.05490   2246      40913.7 0.0211
5  0  25.9 0.02870 0.02871 0.06230   2320      37236.5 0.0208
5  0  25.9 0.02890 0.02891 0.07209   2358      32709.3 0.0206
5  0  25.9 0.02910 0.02910 0.08257   2254      27298.5 0.0211
5  0  25.9 0.02930 0.02930 0.09928   2450      24677.9 0.0202
5  0  25.9 0.02950 0.02949 0.10774   2246      20847.1 0.0211
5  0  25.9 0.02970 0.02969 0.11804   2254      19094.8 0.0211
5  0  25.9 0.02990 0.02988 0.13247   2232      16849.1 0.0212
5  0  25.9 0.03010 0.03008 0.15169   2296      15136.3 0.0209
5  0  25.9 0.03030 0.03027 0.16142   2290      14186.3 0.0209
5  0  25.9 0.03050 0.03047 0.17404   2264      13008.4 0.0210
5  0  25.9 0.03070 0.03066 0.17954   2304      12833.1 0.0208
5  0  25.9 0.03090 0.03086 0.18607   2254      12113.9 0.0211
5  0  25.9 0.03110 0.03105 0.19035   2222      11673.2 0.0212
5  0  25.9 0.03130 0.03135 0.20703   2228      10762.0 0.0212
5  0  25.9 0.03150 0.03154 0.20703   2244      10839.3 0.0211
5  0  25.9 0.03170 0.03174 0.21627   2232      10320.5 0.0212
5  0  25.9 0.03190 0.03193 0.21627   2230      10311.2 0.0212
5  0  25.9 0.03210 0.03213 0.23683   2376      10032.7 0.0205
5  0  25.9 0.03230 0.03232 0.23683   2232       9424.7 0.0212
5  0  25.9 0.03250 0.03252 0.24678   2272       9206.5 0.0210
5  0  25.9 0.03270 0.03271 0.25552   2296       8985.6 0.0209
5  0  25.9 0.03290 0.03291 0.26184   2296       8768.7 0.0209
5  0  25.9 0.03310 0.03311 0.26961   2248       8338.1 0.0211
5  0  25.9 0.03330 0.03330 0.27968   2252       8052.2 0.0211
5  0  25.9 0.03350 0.03350 0.29039   2290       7885.9 0.0209
5  0  25.9 0.03370 0.03369 0.30350   2228       7340.9 0.0212
5  0  25.9 0.03390 0.03389 0.32516   2338       7190.2 0.0207
5  0  25.9 0.03410 0.03408 0.32516   2268       6975.0 0.0210
5  0  25.9 0.03430 0.03428 0.34223   2298       6714.8 0.0209
5  0  25.9 0.03450 0.03447 0.37351   2318       6206.0 0.0208
5  0  25.9 0.03470 0.03467 0.39130   2328       5949.3 0.0207
5  0  25.9 0.03490 0.03486 0.41370   2272       5491.9 0.0210
5  0  25.9 0.03510 0.03506 0.42088   2256       5360.2 0.0211
5  0  25.9 0.03530 0.03525 0.45354   2242       4943.3 0.0211
5  0  25.9 0.03550 0.03555 0.52598   2284       4342.4 0.0209
5  0  25.9 0.03570 0.03574 0.56569   2248       3973.9 0.0211
5  0  25.9 0.03590 0.03594 0.60489   2238       3699.9 0.0211
5  0  25.9 0.03610 0.03613 0.67405   2282       3385.5 0.0209
5  0  25.9 0.03630 0.03633 0.74366   2242       3014.8 0.0211
5  0  25.9 0.03650 0.03652 0.81003   2262       2792.5 0.0210
5  0  25.9 0.03670 0.03672 0.90084   2246       2493.2 0.0211
5  0  25.9 0.03690 0.03691 1.00952   2228       2207.0 0.0212
5  0  25.9 0.03710 0.03711 1.14533   2308       2015.1 0.0208
5  0  25.9 0.03730 0.03730 1.21000   2064       1705.8 0.0220
5  0  25.9 0.03750 0.03750 1.21000   1910       1578.5 0.0229
5  0  25.9 0.03770 0.03770 1.21000   1762       1456.2 0.0238
5  0  25.9 0.03790 0.03789 1.21000   1626       1343.8 0.0248
5  0  25.9 0.03810 0.03809 1.21000   1488       1229.8 0.0259
5  0  25.9 0.03830 0.03828 1.21000   1416       1170.2 0.0266
5  0  25.8 0.03850 0.03848 1.21000   1372       1133.9 0.0270
5  0  25.8 0.03870 0.03867 1.21000   1246       1029.8 0.0283
5  0  25.8 0.03890 0.03887 1.21000   1186        980.2 0.0290
5  0  25.8 0.03910 0.03906 1.21000   1228       1014.9 0.0285
5  0  25.8 0.03930 0.03926 1.21000   1064        879.3 0.0307
5  0  25.8 0.03950 0.03945 1.21000   1076        889.3 0.0305
5  0  25.8 0.03970 0.03975 1.21000   1074        887.6 0.0305
5  0  25.8 0.03990 0.03994 1.21000    970        801.7 0.0321
5  1  25.8 0.00010 0.00010 1.21000     10          8.3 0.3162
5  1  25.8 0.00030 0.00029 1.21000     12          9.9 0.2887
5  1  25.8 0.00050 0.00049 1.21000      6          5.0 0.4082
5  1  25.8 0.00070 0.00068 1.21000     18         14.9 0.2357
5  1  25.8 0.00090 0.00088 1.21000      6          5.0 0.4082
5  1  25.8 0.00110 0.00107 1.21000     12          9.9 0.2887
5  1  25.8 0.00130 0.00127 1.21000     18         14.9 0.2357
5  1  25.8 0.00150 0.00146 1.21000     24         19.8 0.2041
5  1  25.8 0.00170 0.00166 1.21000     18         14.9 0.2357
5  1  25.8 0.00190 0.00186 1.21000     18         14.9 0.2357
5  1  25.8 0.00210 0.00215 1.21000     18         14.9 0.2357
5  1  25.8 0.00230 0.00234 1.21000     12          9.9 0.2887
5  1  25.8 0.00250 0.00254 1.21000     18         14.9 0.2357
5  1  25.8 0.00270 0.00273 1.21000     20         16.5 0.2236
5  1  25.8 0.00290 0.00293 1.21000     26         21.5 0.1961
5  1  25.8 0.00310 0.00313 1.21000     26         21.5 0.1961
5  1  25.8 0.00330 0.00332 1.21000     24         19.8 0.2041
5  1  25.8 0.00350 0.00352 1.21000     26         21.5 0.1961
5  1  25.8 0.00370 0.00371 1.21000     34         28.1 0.1715
5  1  25.8 0.00390 0.00391 1.21000     38         31.4 0.1622
5  1  25.8 0.00410 0.00410 1.21000     30         24.8 0.1826
5  1  25.8 0.00430 0.00430 1.21000     30         24.8 0.1826
5  1  25.8 0.00450 0.00449 1.21000     50         41.3 0.1414
5  1  25.8 0.00470 0.00469 1.21000     34         28.1 0.1715
5  1  25.8 0.00490 0.00488 1.21000     34         28.1 0.1715
5  1  25.8 0.00510 0.00508 1.21000     46         38.0 0.1474
5  1  25.8 0.00530 0.00527 1.21000     56         46.3 0.1336
5  1  25.8 0.00550 0.00547 1.21000     38         31.4 0.1622
5  1  25.8 0.00570 0.00566 1.21000     50         41.3 0.1414
5  1  25.8 0.00590 0.00586 1.21000     62         51.2 0.1270
5  1  25.8 0.00610 0.00605 1.21000     70         57.9 0.1195
5  1  25.8 0.00630 0.00635 1.21000     74         61.2 0.1162
5  1  25.8 0.00650 0.00654 1.21000     62         51.2 0.1270
5  1  25.8 0.00670 0.00674 1.21000     70         57.9 0.1195
5  1  25.8 0.00690 0.00693 1.21000    142        117.4 0.0839
5  1  25.8 0.00710 0.00713 1.21000    308        254.5 0.0570
5  1  25.8 0.00730 0.00732 1.21000    710        586.8 0.0375
5  1  25.8 0.00750 0.00752 1.21000   1730       1429.8 0.0240
5  1  25.8 0.00770 0.00771 1.21000   4282       3538.8 0.0153
5  1  25.8 0.00790 0.00791 1.21000  10032       8290.9 0.0100
5  1  25.8 0.00810 0.00811 1.21000  23088      19081.0 0.0066
5  1  25.8 0.00830 0.00830 1.21000  60064      49639.7 0.0041
5  1  25.8 0.00850 0.00850 0.61161  70034     114507.7 0.0038
5  1  25.8 0.00870 0.00869 0.33597  77878     231799.0 0.0036
5  1  25.8 0.00890 0.00889 0.16351  73036     446663.9 0.0037
5  1  25.8 0.00910 0.00908 0.08982  72372     805722.1 0.0037
5  1  25.8 0.00930 0.00928 0.05536  72760    1314247.7 0.0037
5  1  25.8 0.00950 0.00947 0.03703  71538    1932088.8 0.0037
5  1  25.8 0.00970 0.00967 0.02791  71072    2546860.8 0.0038
5  1  25.8 0.00990 0.00986 0.02287  72912    3188628.5 0.0037
5  1  25.8 0.01010 0.01006 0.01988  71690    3605813.8 0.0037
5  1  25.8 0.01030 0.01025 0.01988  77782    3912224.9 0.0036
5  1  25.8 0.01050 0.01055 0.01709  72004    4213639.3 0.0037
5  1  25.8 0.01070 0.01074 0.01709  74000    4330444.2 0.0037
5  1  25.8 0.01090 0.01094 0.01709  75280    4405349.2 0.0036
5  1  25.8 0.01110 0.01113 0.01709  76158    4456729.4 0.0036
5  1  25.8 0.01130 0.01133 0.01709  76818    4495352.2 0.0036
5  1  25.8 0.01150 0.01152 0.01709  77222    4518994.1 0.0036
5  1  25.8 0.01170 0.01172 0.01709  77480    4534092.2 0.0036
5  1  25.8 0.01190 0.01191 0.01709  77644    4543689.4 0.0036
5  1  25.8 0.01210 0.01211 0.01709  77692    4546498.3 0.0036
5  1  25.8 0.01230 0.01230 0.01709  77662    4544742.7 0.0036
5  1  25.8 0.01250 0.01250 0.01709  77528    4536901.1 0.0036
5  1  25.8 0.01270 0.01270 0.01709  77286    4522739.4 0.0036
5  1  25.8 0.01290 0.01289 0.01709  76848    4497107.8 0.0036
5  1  25.8 0.01310 0.01309 0.01709  76214    4460006.4 0.0036
5  1  25.8 0.01330 0.01328 0.01709  75298    4406402.6 0.0036
5  1  25.8 0.01350 0.01348 0.01709  73918    4325645.6 0.0037
5  1  25.8 0.01370 0.01367 0.01709  71808    4202169.5 0.0037
5  1  25.8 0.01390 0.01387 0.01709  68612    4015141.1 0.0038
5  1  25.8 0.01410 0.01406 0.01709  64188    3756250.7 0.0039
5  1  25.8 0.01430 0.01426 0.01709  60236    3524981.6 0.0041
5  1  25.8 0.01450 0.01445 0.01709  50256    2940956.8 0.0045
5  1  25.8 0.01470 0.01475 0.01709  38442    2249607.3 0.0051
5  1  25.8 0.01490 0.01494 0.01709  31862    1864548.8 0.0056
5  1  25.8 0.01510 0.01514 0.01709  27262    1595359.1 0.0061
5  1  25.8 0.01530 0.01533 0.01709  23892    1398148.3 0.0065
5  1  25.8 0.01550 0.01553 0.01709  21962    1285205.6 0.0067
5  1  25.8 0.01570 0.01572 0.01709  21204    1240847.8 0.0069
5  1  25.8 0.01590 0.01592 0.01709  20896    1222823.8 0.0069
5  1  25.8 0.01610 0.01611 0.01709  20810    1217791.1 0.0069
5  1  25.8 0.01630 0.01631 0.01709  20578    1204214.6 0.0070
5  1  25.8 0.01650 0.01650 0.01709  20426    1195319.6 0.0070
5  1  25.8 0.01670 0.01670 0.01709  20448    1196607.1 0.0070
5  1  25.8 0.01690 0.01689 0.01709  20410    1194383.3 0.0070
5  1  25.8 0.01710 0.01709 0.01709  20412    1194500.4 0.0070
5  1  25.8 0.01730 0.01729 0.01709  20640    1207842.8 0.0070
5  1  25.8 0.01750 0.01748 0.01709  20378    1192510.7 0.0070
5  1  25.8 0.01770 0.01768 0.01709  20378    1192510.7 0.0070
5  1  25.8 0.01790 0.01787 0.01709  20542    1202107.9 0.0070
5  1  25.8 0.01810 0.01807 0.01709  20222    1183381.7 0.0070
5  1  25.8 0.01830 0.01826 0.01709  20188    1181392.0 0.0070
5  1  25.8 0.01850 0.01846 0.01709  20354    1191106.2 0.0070
5  1  25.8 0.01870 0.01865 0.01709  20214    1182913.5 0.0070
5  1  25.8 0.01890 0.01895 0.01709  20112    1176944.5 0.0071
5  1  25.8 0.01910 0.01914 0.01709  19976    1168985.9 0.0071
5  1  25.8 0.01930 0.01934 0.01709  19634    1148972.2 0.0071
5  1  25.8 0.01950 0.01953 0.01709  19374    1133757.1 0.0072
5  1  25.8 0.01970 0.01973 0.01709  18600    1088463.0 0.0073
5  1  25.8 0.01990 0.01992 0.01709  17536    1026198.2 0.0076
5  1  25.8 0.02010 0.02012 0.01709  16378     958432.6 0.0078
5  1  25.8 0.02030 0.02031 0.01709  14962     875569.0 0.0082
5  1  25.8 0.02050 0.02051 0.01709  13398     784044.5 0.0086
5  1  25.8 0.02070 0.02070 0.01709  11788     689828.1 0.0092
5  1  25.8 0.02090 0.02090 0.01709  10042     587653.0 0.0100
5  1  25.8 0.02110 0.02109 0.01709   8654     506427.9 0.0107
5  1  25.8 0.02130 0.02129 0.01709   7176     419936.1 0.0118
5  1  25.8 0.02150 0.02148 0.01709   5970     349361.5 0.0129
5  1  25.8 0.02170 0.02168 0.01709   5034     294587.2 0.0141
5  1  25.8 0.02190 0.02188 0.01709   4224     247186.4 0.0154
5  1  25.8 0.02210 0.02207 0.01709   3790     221789.0 0.0162
5  1  25.8 0.02230 0.02227 0.01709   3326     194635.9 0.0173
5  1  25.8 0.02250 0.02246 0.01709   2996     175324.5 0.0183
5  1  25.8 0.02270 0.02266 0.01709   2834     165844.3 0.0188
5  1  25.8 0.02290 0.02285 0.01709   2658     155544.9 0.0194
5  1  25.8 0.02310 0.02314 0.01709   2602     152267.8 0.0196
5  1  25.8 0.02330 0.02334 0.01709   2520     147469.2 0.0199
5  1  25.8 0.02350 0.02354 0.01709   2528     147937.3 0.0199
5  1  25.8 0.02370 0.02373 0.01709   2384     139510.5 0.0205
5  1  25.8 0.02390 0.02393 0.01709   2246     131434.8 0.0211
5  1  25.8 0.02410 0.02412 0.01709   2278     133307.5 0.0210
5  1  25.8 0.02430 0.02432 0.01709   2316     135531.2 0.0208
5  1  25.8 0.02450 0.02451 0.01742   2352     135047.9 0.0206
5  1  25.8 0.02470 0.02471 0.01746   2306     132049.1 0.0208
5  1  25.8 0.02490 0.02490 0.01749   2238     127924.5 0.0211
5  1  25.8 0.02510 0.02510 0.01842   2288     124190.4 0.0209
5  1  25.8 0.02530 0.02529 0.01842   2242     121693.6 0.0211
5  1  25.8 0.02550 0.02549 0.01937   2276     117485.7 0.0210
5  1  25.8 0.02570 0.02568 0.01948   2258     115927.1 0.0210
5  1  25.8 0.02590 0.02588 0.02043   2274     111329.6 0.0210
5  1  25.7 0.02610 0.02607 0.02125   2348     110503.3 0.0206
5  1  25.7 0.02630 0.02627 0.02133   2244     105228.6 0.0211
5  1  25.7 0.02650 0.02646 0.02227   2274     102124.3 0.0210
5  1  25.7 0.02670 0.02666 0.02303   2294      99619.7 0.0209
5  1  25.7 0.02690 0.02686 0.02387   2224      93189.5 0.0212
5  1  25.7 0.02710 0.02715 0.02579   2236      86692.8 0.0211
5  1  25.7 0.02730 0.02734 0.02823   2324      82318.9 0.0207
5  1  25.7 0.02750 0.02754 0.02987   2266      75857.5 0.0210
5  1  25.7 0.02770 0.02773 0.03203   2238      69882.9 0.0211
5  1  25.7 0.02790 0.02793 0.03353   2242      66857.1 0.0211
5  1  25.7 0.02810 0.02813 0.03806   2248      59057.7 0.0211
5  1  25.7 0.02830 0.02832 0.04361   2250      51598.9 0.0211
5  1  25.7 0.02850 0.02852 0.04918   2240      45543.7 0.0211
5  1  25.7 0.02870 0.02871 0.05585   2244      40178.6 0.0211
5  1  25.7 0.02890 0.02891 0.06344   2370      37357.3 0.0205
5  1  25.7 0.02910 0.02910 0.07327   2288      31228.0 0.0209
5  1  25.7 0.02930 0.02930 0.08263   2226      26940.9 0.0212
5  1  25.7 0.02950 0.02949 0.09542   2224      23306.8 0.0212
5  1  25.7 0.02970 0.02969 0.10902   2328      21353.2 0.0207
5  1  25.7 0.02990 0.02988 0.12173   2238      18384.4 0.0211
5  1  25.7 0.03010 0.03008 0.13829   2336      16892.2 0.0207
5  1  25.7 0.03030 0.03027 0.14173   2238      15790.2 0.0211
5  1  25.7 0.03050 0.03047 0.16136   2312      14328.7 0.0208
5  1  25.7 0.03070 0.03066 0.17024   2326      13662.9 0.0207
5  1  25.7 0.03090 0.03086 0.17024   2252      13228.2 0.0211
5  1  25.7 0.03110 0.03105 0.18116   2254      12441.8 0.0211
5  1  25.7 0.03130 0.03135 0.19447   2320      11930.1 0.0208
5  1  25.7 0.03150 0.03154 0.19447   2234      11487.8 0.0212
5  1  25.7 0.03170 0.03174 0.20459   2262      11056.0 0.0210
5  1  25.7 0.03190 0.03193 0.21081   2310      10957.7 0.0208
5  1  25.7 0.03210 0.03213 0.21767   2244      10309.3 0.0211
5  1  25.7 0.03230 0.03232 0.22309   2302      10318.7 0.0208
5  1  25.7 0.03250 0.03252 0.23163   2306       9955.5 0.0208
5  1  25.7 0.03270 0.03271 0.23373   2292       9806.0 0.0209
5  1  25.7 0.03290 0.03291 0.25037   2240       8946.8 0.0211
5  1  25.7 0.03310 0.03311 0.26217   2294       8750.1 0.0209
5  1  25.7 0.03330 0.03330 0.26217   2238       8536.5 0.0211
5  1  25.7 0.03350 0.03350 0.26624   2228       8368.3 0.0212
5  1  25.7 0.03370 0.03369 0.28579   2242       7844.9 0.0211
5  1  25.7 0.03390 0.03389 0.30326   2336       7702.9 0.0207
5  1  25.7 0.03410 0.03408 0.31815   2346       7373.8 0.0206
5  1  25.7 0.03430 0.03428 0.33032   2232       6757.1 0.0212
5  1  25.7 0.03450 0.03447 0.34266   2356       6875.6 0.0206
5  1  25.7 0.03470 0.03467 0.35512   2258       6358.3 0.0210
5  1  25.7 0.03490 0.03486 0.39019   2366       6063.7 0.0206
5  1  25.7 0.03510 0.03506 0.39338   2226       5658.7 0.0212
5  1  25.7 0.03530 0.03525 0.42555   2304       5414.1 0.0208
5  1  25.7 0.03550 0.03555 0.45991   2280       4957.5 0.0209
5  1  25.7 0.03570 0.03574 0.50094   2332       4655.2 0.0207
5  1  25.7 0.03590 0.03594 0.53508   2262       4227.4 0.0210
5  1  25.7 0.03610 0.03613 0.59807   2262       3782.1 0.0210
5  1  25.7 0.03630 0.03633 0.63791   2278       3571.1 0.0210
5  1  25.7 0.03650 0.03652 0.70761   2274       3213.6 0.0210
5  1  25.7 0.03670 0.03672 0.77914   2236       2869.8 0.0211
5  1  25.7 0.03690 0.03691 0.88239   2304       2611.1 0.0208
5  1  25.7 0.03710 0.03711 0.98321   2292       2331.1 0.0209
5  1  25.7 0.03730 0.03730 1.08260   2348       2168.9 0.0206
5  1  25.7 0.03750 0.03750 1.15208   2236       1940.8 0.0211
5  1  25.7 0.03770 0.03770 1.21000   1946       1608.3 0.0227
5  1  25.7 0.03790 0.03789 1.21000   1802       1489.3 0.0236
5  1  25.7 0.03810 0.03809 1.21000   1706       1409.9 0.0242
5  1  25.7 0.03830 0.03828 1.21000   1568       1295.9 0.0253
5  1  25.7 0.03850 0.03848 1.21000   1534       1267.8 0.0255
5  1  25.7 0.03870 0.03867 1.21000   1344       1110.7 0.0273
5  1  25.7 0.03890 0.03887 1.21000   1380       1140.5 0.0269
5  1  25.7 0.03910 0.03906 1.21000   1322       1092.6 0.0275
5  1  25.7 0.03930 0.03926 1.21000   1232       1018.2 0.0285
5  1  25.7 0.03950 0.03945 1.21000   1168        965.3 0.0293
5  1  25.7 0.03970 0.03975 1.21000   1118        924.0 0.0299
5  1  25.7 0.03990 0.03994 1.21000   1134        937.2 0.0297
5  2  25.7 0.00010 0.00010 1.21000     16         13.2 0.2500
5  2  25.7 0.00030 0.00029 1.21000     16         13.2 0.2500
5  2  25.7 0.00050 0.00049 1.21000     12          9.9 0.2887
5  2  25.7 0.00070 0.00068 1.21000     14         11.6 0.2673
5  2  25.7 0.00090 0.00088 1.21000     12          9.9 0.2887
5  2  25.7 0.00110 0.00107 1.21000     12          9.9 0.2887
5  2  25.7 0.00130 0.00127 1.21000     16         13.2 0.2500
5  2  25.7 0.00150 0.00146 1.21000     12          9.9 0.2887
5  2  25.7 0.00170 0.00166 1.21000     20         16.5 0.2236
5  2  25.7 0.00190 0.00186 1.21000     14         11.6 0.2673
5  2  25.7 0.00210 0.00215 1.21000     22         18.2 0.2132
5  2  25.7 0.00230 0.00234 1.21000     28         23.1 0.1890
5  2  25.7 0.00250 0.00254 1.21000     20         16.5 0.2236
5  2  25.7 0.00270 0.00273 1.21000     20         16.5 0.2236
5  2  25.7 0.00290 0.00293 1.21000     34         28.1 0.1715
5  2  25.7 0.00310 0.00313 1.21000     30         24.8 0.1826
5  2  25.7 0.00330 0.00332 1.21000     22         18.2 0.2132
5  2  25.7 0.00350 0.00352 1.21000     30         24.8 0.1826
5  2  25.7 0.00370 0.00371 1.21000     24         19.8 0.2041
5  2  25.7 0.00390 0.00391 1.21000     30         24.8 0.1826
5  2  25.7 0.00410 0.00410 1.21000     30         24.8 0.1826
5  2  25.7 0.00430 0.00430 1.21000     44         36.4 0.1508
5  2  25.7 0.00450 0.00449 1.21000     48         39.7 0.1443
5  2  25.7 0.00470 0.00469 1.21000     44         36.4 0.1508
5  2  25.7 0.00490 0.00488 1.21000     52         43.0 0.1387
5  2  25.7 0.00510 0.00508 1.21000     48         39.7 0.1443
5  2  25.7 0.00530 0.00527 1.21000     60         49.6 0.1291
5  2  25.7 0.00550 0.00547 1.21000     56         46.3 0.1336
5  2  25.7 0.00570 0.00566 1.21000     70         57.9 0.1195
5  2  25.7 0.00590 0.00586 1.21000     40         33.1 0.1581
5  2  25.7 0.00610 0.00605 1.21000     50         41.3 0.1414
5  2  25.7 0.00630 0.00635 1.21000     80         66.1 0.1118
5  2  25.7 0.00650 0.00654 1.21000     74         61.2 0.1162
5  2  25.7 0.00670 0.00674 1.21000    112         92.6 0.0945
5  2  25.7 0.00690 0.00693 1.21000    306        252.9 0.0572
5  2  25.7 0.00710 0.00713 1.21000    322        266.1 0.0557
5  2  25.7 0.00730 0.00732 1.21000    744        614.9 0.0367
5  2  25.7 0.00750 0.00752 1.21000   1904       1573.6 0.0229
5  2  25.7 0.00770 0.00771 1.21000   5040       4165.3 0.0141
5  2  25.7 0.00790 0.00791 1.21000   9978       8246.3 0.0100
5  2  25.7 0.00810 0.00811 1.21000  22884      18912.4 0.0066
5  2  25.7 0.00830 0.00830 1.21000  54240      44826.4 0.0043
5  2  25.7 0.00850 0.00850 0.63055  71256     113007.0 0.0037
5  2  25.7 0.00870 0.00869 0.34637  79818     230438.7 0.0035
5  2  25.7 0.00890 0.00889 0.16356  72196     441410.6 0.0037
5  2  25.7 0.00910 0.00908 0.08985  71946     800731.9 0.0037
5  2  25.7 0.00930 0.00928 0.05534  71586    1293549.9 0.0037
5  2  25.7 0.00950 0.00947 0.03647  72118    1977296.6 0.0037
5  2  25.7 0.00970 0.00967 0.02754  71678    2602514.2 0.0037
5  2  25.7 0.00990 0.00986 0.02258  72170    3196497.1 0.0037
5  2  25.7 0.01010 0.01006 0.01978  71880    3633697.4 0.0037
5  2  25.7 0.01030 0.01025 0.01978  78032    3944694.9 0.0036
5  2  25.7 0.01050 0.01055 0.01694  71464    4218391.5 0.0037
5  2  25.7 0.01070 0.01074 0.01694  73392    4332197.9 0.0037
5  2  25.7 0.01090 0.01094 0.01694  74690    4408816.5 0.0037
5  2  25.7 0.01110 0.01113 0.01694  75568    4460643.3 0.0036
5  2  25.7 0.01130 0.01133 0.01694  76138    4494289.4 0.0036
5  2  25.7 0.01150 0.01152 0.01694  76560    4519199.3 0.0036
5  2  25.7 0.01170 0.01172 0.01694  76804    4533602.2 0.0036
5  2  25.7 0.01190 0.01191 0.01694  76946    4541984.2 0.0036
5  2  25.7 0.01210 0.01211 0.01694  76992    4544699.5 0.0036
5  2  25.7 0.01230 0.01230 0.01694  76950    4542220.3 0.0036
5  2  25.7 0.01250 0.01250 0.01694  76824    4534782.7 0.0036
5  2  25.7 0.01270 0.01270 0.01694  76570    4519789.6 0.0036
5  2  25.7 0.01290 0.01289 0.01694  76128    4493699.1 0.0036
5  2  25.7 0.01310 0.01309 0.01694  75480    4455448.8 0.0036
5  2  25.7 0.01330 0.01328 0.01694  74554    4400788.7 0.0037
5  2  25.7 0.01350 0.01348 0.01694  73144    4317558.9 0.0037
5  2  25.7 0.01370 0.01367 0.01694  70934    4187106.6 0.0038
5  2  25.7 0.01390 0.01387 0.01694  67806    4002466.4 0.0038
5  2  25.7 0.01410 0.01406 0.01694  63222    3731881.1 0.0040
5  2  25.7 0.01430 0.01426 0.01694  56962    3362364.5 0.0042
5  2  25.7 0.01450 0.01445 0.01694  48978    2891083.4 0.0045
5  2  25.7 0.01470 0.01475 0.01694  36402    2148744.7 0.0052
5  2  25.7 0.01490 0.01494 0.01694  29426    1736963.9 0.0058
5  2  25.7 0.01510 0.01514 0.01694  24348    1437218.7 0.0064
5  2  25.7 0.01530 0.01533 0.01694  21020    1240772.8 0.0069
5  2  25.7 0.01550 0.01553 0.01694  19200    1133341.5 0.0072
5  2  25.7 0.01570 0.01572 0.01694  18138    1070653.6 0.0074
5  2  25.7 0.01590 0.01592 0.01694  17636    1041021.4 0.0075
5  2  25.7 0.01610 0.01611 0.01694  17308    1021660.1 0.0076
5  2  25.7 0.01630 0.01631 0.01694  17350    1024139.3 0.0076
5  2  25.7 0.01650 0.01650 0.01694  17324    1022604.6 0.0076
5  2  25.7 0.01670 0.01670 0.01694  17356    1024493.5 0.0076
5  2  25.7 0.01690 0.01689 0.01694  17200    1015285.1 0.0076
5  2  25.7 0.01710 0.01709 0.01694  17166    1013278.1 0.0076
5  2  25.7 0.01730 0.01729 0.01694  17288    1020479.6 0.0076
5  2  25.7 0.01750 0.01748 0.01694  17180    1014104.5 0.0076
5  2  25.7 0.01770 0.01768 0.01694  17254    1018472.6 0.0076
5  2  25.7 0.01790 0.01787 0.01694  17198    1015167.0 0.0076
5  2  25.7 0.01810 0.01807 0.01694  17214    1016111.5 0.0076
5  2  25.7 0.01830 0.01826 0.01694  17222    1016583.7 0.0076
5  2  25.8 0.01850 0.01846 0.01694  17054    1006667.0 0.0077
5  2  25.8 0.01870 0.01865 0.01694  17048    1006312.8 0.0077
5  2  25.8 0.01890 0.01895 0.01694  16910     998166.9 0.0077
5  2  25.8 0.01910 0.01914 0.01694  16954    1000764.2 0.0077
5  2  25.8 0.01930 0.01934 0.01694  16474     972430.6 0.0078
5  2  25.8 0.01950 0.01953 0.01694  16236     958381.9 0.0078
5  2  25.8 0.01970 0.01973 0.01694  15578     919541.4 0.0080
5  2  25.8 0.01990 0.01992 0.01694  14708     868186.8 0.0082
5  2  25.8 0.02010 0.02012 0.01694  13592     802311.3 0.0086
5  2  25.8 0.02030 0.02031 0.01694  12266     724039.9 0.0090
5  2  25.8 0.02050 0.02051 0.01694  10910     643997.7 0.0096
5  2  25.8 0.02070 0.02070 0.01694   9574     565136.0 0.0102
5  2  25.8 0.02090 0.02090 0.01694   8188     483322.9 0.0111
5  2  25.8 0.02110 0.02109 0.01694   6930     409065.5 0.0120
5  2  25.8 0.02130 0.02129 0.01694   5684     335516.3 0.0133
5  2  25.8 0.02150 0.02148 0.01694   4590     270939.5 0.0148
5  2  25.8 0.02170 0.02168 0.01694   3822     225605.8 0.0162
5  2  25.8 0.02190 0.02188 0.01694   3260     192431.9 0.0175
5  2  25.8 0.02210 0.02207 0.01694   2736     161501.2 0.0191
5  2  25.8 0.02230 0.02227 0.01694   2486     146744.1 0.0201
5  2  25.8 0.02250 0.02246 0.01694   2286     134938.5 0.0209
5  2  25.8 0.02270 0.02266 0.01794   2258     125847.6 0.0210
5  2  25.8 0.02290 0.02285 0.01859   2226     119740.0 0.0212
5  2  25.8 0.02310 0.02314 0.01988   2264     113891.7 0.0210
5  2  25.8 0.02330 0.02334 0.01988   2282     114797.2 0.0209
5  2  25.8 0.02350 0.02354 0.02072   2254     108795.9 0.0211
5  2  25.8 0.02370 0.02373 0.02072   2226     107444.4 0.0212
5  2  25.8 0.02390 0.02393 0.02092   2266     108292.2 0.0210
5  2  25.8 0.02410 0.02412 0.02167   2250     103849.8 0.0211
5  2  25.8 0.02430 0.02432 0.02167   2264     104495.9 0.0210
5  2  25.8 0.02450 0.02451 0.02260   2244      99284.5 0.0211
5  2  25.8 0.02470 0.02471 0.02299   2246      97673.5 0.0211
5  2  25.8 0.02490 0.02490 0.02342   2226      95063.9 0.0212
5  2  25.8 0.02510 0.02510 0.02382   2290      96124.6 0.0209
5  2  25.8 0.02530 0.02529 0.02453   2226      90746.9 0.0212
5  2  25.8 0.02550 0.02549 0.02496   2270      90958.0 0.0210
5  2  25.8 0.02570 0.02568 0.02534   2232      88066.9 0.0212
5  2  25.8 0.02590 0.02588 0.02534   2292      90434.3 0.0209
5  2  25.8 0.02610 0.02607 0.02654   2240      84404.9 0.0211
5  2  25.8 0.02630 0.02627 0.02869   2302      80224.5 0.0208
5  2  25.8 0.02650 0.02646 0.02869   2224      77506.2 0.0212
5  2  25.8 0.02670 0.02666 0.02987   2256      75537.9 0.0211
5  2  25.8 0.02690 0.02686 0.03169   2326      73404.6 0.0207
5  2  25.8 0.02710 0.02715 0.03445   2272      65947.5 0.0210
5  2  25.8 0.02730 0.02734 0.03445   2244      65134.8 0.0211
5  2  25.8 0.02750 0.02754 0.03934   2354      59840.0 0.0206
5  2  25.8 0.02770 0.02773 0.04069   2296      56421.9 0.0209
5  2  25.8 0.02790 0.02793 0.04588   2242      48867.8 0.0211
5  2  25.8 0.02810 0.02813 0.05040   2278      45197.9 0.0210
5  2  25.8 0.02830 0.02832 0.05709   2270      39759.4 0.0210
5  2  25.8 0.02850 0.02852 0.06375   2242      35168.8 0.0211
5  2  25.8 0.02870 0.02871 0.07653   2394      31281.0 0.0204
5  2  25.8 0.02890 0.02891 0.08386   2268      27044.5 0.0210
5  2  25.8 0.02910 0.02910 0.09756   2274      23308.6 0.0210
5  2  25.8 0.02930 0.02930 0.11482   2282      19874.6 0.0209
5  2  25.8 0.02950 0.02949 0.13407   2272      16946.1 0.0210
5  2  25.8 0.02970 0.02969 0.15382   2396      15576.5 0.0204
5  2  25.8 0.02990 0.02988 0.17021   2250      13218.6 0.0211
5  2  25.8 0.03010 0.03008 0.17993   2242      12460.3 0.0211
5  2  25.8 0.03030 0.03027 0.20298   2256      11114.4 0.0211
5  2  25.8 0.03050 0.03047 0.21968   2290      10424.4 0.0209
5  2  25.8 0.03070 0.03066 0.23097   2242       9706.9 0.0211
5  2  25.8 0.03090 0.03086 0.23871   2256       9451.0 0.0211
5  2  25.8 0.03110 0.03105 0.25417   2266       8915.2 0.0210
5  2  25.8 0.03130 0.03135 0.27443   2346       8548.7 0.0206
5  2  25.8 0.03150 0.03154 0.27443   2288       8337.3 0.0209
5  2  25.8 0.03170 0.03174 0.27443   2252       8206.1 0.0211
5  2  25.8 0.03190 0.03193 0.28833   2236       7754.9 0.0211
5  2  25.8 0.03210 0.03213 0.28833   2244       7782.7 0.0211
5  2  25.8 0.03230 0.03232 0.30537   2246       7354.9 0.0211
5  2  25.8 0.03250 0.03252 0.32014   2276       7109.5 0.0210
5  2  25.8 0.03270 0.03271 0.32839   2330       7095.2 0.0207
5  2  25.8 0.03290 0.03291 0.33939   2290       6747.4 0.0209
5  2  25.8 0.03310 0.03311 0.34435   2234       6487.6 0.0212
5  2  25.8 0.03330 0.03330 0.37687   2440       6474.3 0.0202
5  2  25.8 0.03350 0.03350 0.37687   2240       5943.6 0.0211
5  2  25.8 0.03370 0.03369 0.38308   2360       6160.6 0.0206
5  2  25.8 0.03390 0.03389 0.39408   2222       5638.5 0.0212
5  2  25.8 0.03410 0.03408 0.41774   2240       5362.2 0.0211
5  2  25.8 0.03430 0.03428 0.44669   2298       5144.6 0.0209
5  2  25.8 0.03450 0.03447 0.44669   2222       4974.4 0.0212
5  2  25.8 0.03470 0.03467 0.49172   2258       4592.0 0.0210
5  2  25.8 0.03490 0.03486 0.50390   2238       4441.4 0.0211
5  2  25.8 0.03510 0.03506 0.54511   2266       4156.9 0.0210
5  2  25.8 0.03530 0.03525 0.57296   2280       3979.3 0.0209
5  2  25.8 0.03550 0.03555 0.63560   2296       3612.3 0.0209
5  2  25.8 0.03570 0.03574 0.67639   2256       3335.3 0.0211
5  2  25.8 0.03590 0.03594 0.74477   2286       3069.4 0.0209
5  2  25.8 0.03610 0.03613 0.79791   2260       2832.4 0.0210
5  2  25.8 0.03630 0.03633 0.86950   2304       2649.8 0.0208
5  2  25.8 0.03650 0.03652 0.94984   2236       2354.1 0.0211
5  2  25.8 0.03670 0.03672 1.07995   2252       2085.3 0.0211
5  2  25.8 0.03690 0.03691 1.17961   2238       1897.2 0.0211
5  2  25.8 0.03710 0.03711 1.21000   1992       1646.3 0.0224
5  2  25.8 0.03730 0.03730 1.21000   1816       1500.8 0.0235
5  2  25.8 0.03750 0.03750 1.21000   1582       1307.4 0.0251
5  2  25.8 0.03770 0.03770 1.21000   1496       1236.4 0.0259
5  2  25.8 0.03790 0.03789 1.21000   1344       1110.7 0.0273
5  2  25.8 0.03810 0.03809 1.21000   1248       1031.4 0.0283
5  2  25.8 0.03830 0.03828 1.21000   1226       1013.2 0.0286
5  2  25.8 0.03850 0.03848 1.21000   1084        895.9 0.0304
5  2  25.8 0.03870 0.03867 1.21000   1012        836.4 0.0314
5  2  25.8 0.03890 0.03887 1.21000   1032        852.9 0.0311
5  2  25.8 0.03910 0.03906 1.21000    970        801.7 0.0321
5  2  25.8 0.03930 0.03926 1.21000    890        735.5 0.0335
5  2  25.8 0.03950 0.03945 1.21000    986        814.9 0.0318
5  2  25.8 0.03970 0.03975 1.21000    918        758.7 0.0330
5  2  25.8 0.03990 0.03994 1.21000    884        730.6 0.0336
5  3  25.8 0.00010 0.00010 1.21000     14         11.6 0.2673
5  3  25.8 0.00030 0.00029 1.21000     18         14.9 0.2357
5  3  25.8 0.00050 0.00049 1.21000     14         11.6 0.2673
5  3  25.8 0.00070 0.00068 1.21000     26         21.5 0.1961
5  3  25.8 0.00090 0.00088 1.21000     28         23.1 0.1890
5  3  25.8 0.00110 0.00107 1.21000     30         24.8 0.1826
5  3  25.8 0.00130 0.00127 1.21000     34         28.1 0.1715
5  3  25.8 0.00150 0.00146 1.21000     24         19.8 0.2041
5  3  25.8 0.00170 0.00166 1.21000     24         19.8 0.2041
5  3  25.8 0.00190 0.00186 1.21000     34         28.1 0.1715
5  3  25.8 0.00210 0.00215 1.21000     34         28.1 0.1715
5  3  25.8 0.00230 0.00234 1.21000     34         28.1 0.1715
5  3  25.8 0.00250 0.00254 1.21000     40         33.1 0.1581
5  3  25.8 0.00270 0.00273 1.21000     42         34.7 0.1543
5  3  25.8 0.00290 0.00293 1.21000     28         23.1 0.1890
5  3  25.8 0.00310 0.00313 1.21000     30         24.8 0.1826
5  3  25.8 0.00330 0.00332 1.21000     34         28.1 0.1715
5  3  25.8 0.00350 0.00352 1.21000     52         43.0 0.1387
5  3  25.8 0.00370 0.00371 1.21000     50         41.3 0.1414
5  3  25.8 0.00390 0.00391 1.21000     38         31.4 0.1622
5  3  25.8 0.00410 0.00410 1.21000     48         39.7 0.1443
5  3  25.8 0.00430 0.00430 1.21000     48         39.7 0.1443
5  3  25.8 0.00450 0.00449 1.21000     50         41.3 0.1414
5  3  25.8 0.00470 0.00469 1.21000     44         36.4 0.1508
5  3  25.8 0.00490 0.00488 1.21000     60         49.6 0.1291
5  3  25.8 0.00510 0.00508 1.21000     62         51.2 0.1270
5  3  25.8 0.00530 0.00527 1.21000     56         46.3 0.1336
5  3  25.8 0.00550 0.00547 1.21000     68         56.2 0.1213
5  3  25.8 0.00570 0.00566 1.21000     62         51.2 0.1270
5  3  25.8 0.00590 0.00586 1.21000     74         61.2 0.1162
5  3  25.8 0.00610 0.00605 1.21000     78         64.5 0.1132
5  3  25.8 0.00630 0.00635 1.21000    104         86.0 0.0981
5  3  25.8 0.00650 0.00654 1.21000     86         71.1 0.1078
5  3  25.8 0.00670 0.00674 1.21000    124        102.5 0.0898
5  3  25.8 0.00690 0.00693 1.21000    184        152.1 0.0737
5  3  25.8 0.00710 0.00713 1.21000    346        286.0 0.0538
5  3  25.8 0.00730 0.00732 1.21000    808        667.8 0.0352
5  3  25.8 0.00750 0.00752 1.21000   1792       1481.0 0.0236
5  3  25.8 0.00770 0.00771 1.21000   4398       3634.7 0.0151
5  3  25.8 0.00790 0.00791 1.21000  10252       8472.7 0.0099
5  3  25.8 0.00810 0.00811 1.21000  23490      19413.2 0.0065
5  3  25.9 0.00830 0.00830 1.21000  54106      44715.7 0.0043
5  3  25.9 0.00850 0.00850 0.63341  71786     113332.7 0.0037
5  3  25.9 0.00870 0.00869 0.31283  71718     229254.0 0.0037
5  3  25.9 0.00890 0.00889 0.17185  72482     421783.7 0.0037
5  3  25.9 0.00910 0.00908 0.09440  75058     795110.3 0.0037
5  3  25.9 0.00930 0.00928 0.05576  71690    1285613.2 0.0037
5  3  25.9 0.00950 0.00947 0.03695  72254    1955576.5 0.0037
5  3  25.9 0.00970 0.00967 0.02793  72096    2581028.2 0.0037
5  3  25.9 0.00990 0.00986 0.02275  72394    3182243.4 0.0037
5  3  25.9 0.01010 0.01006 0.01989  71668    3603365.4 0.0037
5  3  25.9 0.01030 0.01025 0.01989  77836    3913483.7 0.0036
5  3  25.9 0.01050 0.01055 0.01708  72070    4219555.2 0.0037
5  3  25.9 0.01070 0.01074 0.01708  73966    4330562.3 0.0037
5  3  25.9 0.01090 0.01094 0.01708  75334    4410656.0 0.0036
5  3  25.9 0.01110 0.01113 0.01708  76184    4460421.8 0.0036
5  3  25.9 0.01130 0.01133 0.01708  76826    4498009.6 0.0036
5  3  25.9 0.01150 0.01152 0.01708  77252    4522951.0 0.0036
5  3  25.9 0.01170 0.01172 0.01708  77514    4538290.6 0.0036
5  3  25.9 0.01190 0.01191 0.01708  77656    4546604.4 0.0036
5  3  25.9 0.01210 0.01211 0.01708  77722    4550468.6 0.0036
5  3  25.9 0.01230 0.01230 0.01708  77682    4548126.7 0.0036
5  3  25.9 0.01250 0.01250 0.01708  77550    4540398.4 0.0036
5  3  25.9 0.01270 0.01270 0.01708  77300    4525761.3 0.0036
5  3  25.9 0.01290 0.01289 0.01708  76886    4501522.5 0.0036
5  3  25.9 0.01310 0.01309 0.01708  76266    4465222.7 0.0036
5  3  25.9 0.01330 0.01328 0.01708  75344    4411241.4 0.0036
5  3  25.9 0.01350 0.01348 0.01708  73940    4329040.0 0.0037
5  3  25.9 0.01370 0.01367 0.01708  71746    4200585.7 0.0037
5  3  25.9 0.01390 0.01387 0.01708  68650    4019321.0 0.0038
5  3  25.9 0.01410 0.01406 0.01708  64260    3762295.3 0.0039
5  3  25.9 0.01430 0.01426 0.01708  58246    3410187.5 0.0041
5  3  25.9 0.01450 0.01445 0.01708  50268    2943091.5 0.0045
5  3  25.9 0.01470 0.01475 0.01708  38042    2227283.5 0.0051
5  3  25.9 0.01490 0.01494 0.01708  30792    1802810.4 0.0057
5  3  25.9 0.01510 0.01514 0.01708  25876    1514988.4 0.0062
5  3  25.9 0.01530 0.01533 0.01708  22148    1296721.4 0.0067
5  3  25.9 0.01550 0.01553 0.01708  20420    1195550.4 0.0070
5  3  25.9 0.01570 0.01572 0.01708  19336    1132084.4 0.0072
5  3  25.9 0.01590 0.01592 0.01708  18834    1102693.3 0.0073
5  3  25.9 0.01610 0.01611 0.01708  18636    1091100.8 0.0073
5  3  25.9 0.01630 0.01631 0.01708  18472    1081498.9 0.0074
5  3  25.9 0.01650 0.01650 0.01708  18392    1076815.0 0.0074
5  3  25.9 0.01670 0.01670 0.01708  18514    1083957.9 0.0073
5  3  25.9 0.01690 0.01689 0.01708  18430    1079039.9 0.0074
5  3  25.9 0.01710 0.01709 0.01708  18266    1069438.0 0.0074
5  3  25.9 0.01730 0.01729 0.01708  18454    1080445.0 0.0074
5  3  25.9 0.01750 0.01748 0.01708  18444    1079859.5 0.0074
5  3  25.9 0.01770 0.01768 0.01708  18412    1077986.0 0.0074
5  3  25.9 0.01790 0.01787 0.01708  18164    1063466.1 0.0074
5  3  25.9 0.01810 0.01807 0.01708  18452    1080327.9 0.0074
5  3  25.9 0.01830 0.01826 0.01708  18346    1074121.8 0.0074
5  3  25.9 0.01850 0.01846 0.01708  18302    1071545.7 0.0074
5  3  25.9 0.01870 0.01865 0.01708  18288    1070726.0 0.0074
5  3  25.9 0.01890 0.01895 0.01708  18064    1057611.3 0.0074
5  3  25.9 0.01910 0.01914 0.01708  18134    1061709.7 0.0074
5  3  25.9 0.01930 0.01934 0.01708  17654    1033606.6 0.0075
5  3  25.9 0.01950 0.01953 0.01708  17350    1015808.0 0.0076
5  3  25.9 0.01970 0.01973 0.01708  16554     969203.8 0.0078
5  3  25.9 0.01990 0.01992 0.01708  15568     911475.5 0.0080
5  3  25.9 0.02010 0.02012 0.01708  14390     842505.9 0.0083
5  3  25.9 0.02030 0.02031 0.01708  13042     763583.2 0.0088
5  3  25.9 0.02050 0.02051 0.01708  11520     674473.1 0.0093
5  3  25.9 0.02070 0.02070 0.01708   9936     581733.0 0.0100
5  3  25.9 0.02090 0.02090 0.01708   8456     495082.0 0.0109
5  3  25.9 0.02110 0.02109 0.01708   6890     403395.8 0.0120
5  3  25.9 0.02130 0.02129 0.01708   5868     343559.7 0.0131
5  3  25.9 0.02150 0.02148 0.01708   4978     291452.0 0.0142
5  3  25.9 0.02170 0.02168 0.01708   3986     233372.4 0.0158
5  3  25.9 0.02190 0.02188 0.01708   3416     200000.0 0.0171
5  3  25.9 0.02210 0.02207 0.01708   2990     175058.6 0.0183
5  3  25.9 0.02230 0.02227 0.01708   2722     159367.7 0.0192
5  3  25.9 0.02250 0.02246 0.01708   2518     147423.9 0.0199
5  3  25.9 0.02270 0.02266 0.01708   2334     136651.1 0.0207
5  3  25.9 0.02290 0.02285 0.01708   2234     130796.3 0.0212
5  3  25.9 0.02310 0.02314 0.01792   2228     124339.5 0.0212
5  3  25.9 0.02330 0.02334 0.01821   2244     123203.5 0.0211
5  3  25.9 0.02350 0.02354 0.01922   2328     121142.8 0.0207
5  3  25.9 0.02370 0.02373 0.01922   2256     117396.1 0.0211
5  3  25.9 0.02390 0.02393 0.01922   2284     118853.1 0.0209
5  3  25.9 0.02410 0.02412 0.02023   2246     111049.3 0.0211
5  3  25.9 0.02430 0.02432 0.02023   2278     112631.5 0.0210
5  3  25.9 0.02450 0.02451 0.02054   2300     111983.1 0.0209
5  3  25.9 0.02470 0.02471 0.02054   2274     110717.2 0.0210
5  3  25.9 0.02490 0.02490 0.02101   2282     108606.5 0.0209
5  3  25.9 0.02510 0.02510 0.02159   2242     103821.6 0.0211
5  3  25.9 0.02530 0.02529 0.02195   2246     102321.7 0.0211
5  3  25.9 0.02550 0.02549 0.02283   2264      99149.8 0.0210
5  3  25.9 0.02570 0.02568 0.02364   2316      97987.2 0.0208
5  3  25.9 0.02590 0.02588 0.02436   2276      93434.6 0.0210
5  3  25.9 0.02610 0.02607 0.02436   2256      92613.6 0.0211
5  3  25.9 0.02630 0.02627 0.02525   2232      88411.9 0.0212
5  3  25.9 0.02650 0.02646 0.02645   2238      84625.4 0.0211
5  3  25.9 0.02670 0.02666 0.02794   2306      82542.6 0.0208
5  3  25.9 0.02690 0.02686 0.02835   2238      78954.9 0.0211
5  3  25.9 0.02710 0.02715 0.03233   2444      75590.1 0.0202
5  3  25.9 0.02730 0.02734 0.03354   2250      67084.4 0.0211
5  3  25.9 0.02750 0.02754 0.03710   2334      62909.7 0.0207
5  3  25.9 0.02770 0.02773 0.03939   2238      56810.5 0.0211
5  3  25.9 0.02790 0.02793 0.04373   2262      51726.6 0.0210
5  3  25.9 0.02810 0.02813 0.04926   2226      45187.7 0.0212
5  3  25.9 0.02830 0.02832 0.05798   2326      40120.2 0.0207
5  3  25.9 0.02850 0.02852 0.06422   2254      35098.9 0.0211
5  3  25.9 0.02870 0.02871 0.07207   2258      31331.8 0.0210
5  3  25.9 0.02890 0.02891 0.08554   2284      26700.5 0.0209
5  3  25.9 0.02910 0.02910 0.10130   2306      22763.2 0.0208
5  3  25.9 0.02930 0.02930 0.11176   2284      20437.4 0.0209
5  3  25.9 0.02950 0.02949 0.12674   2246      17721.9 0.0211
5  3  25.9 0.02970 0.02969 0.14828   2408      16239.7 0.0204
5  3  25.9 0.02990 0.02988 0.16274   2356      14477.3 0.0206
5  3  25.9 0.03010 0.03008 0.18383   2326      12652.9 0.0207
5  3  25.9 0.03030 0.03027 0.19563   2292      11716.0 0.0209
5  3  25.9 0.03050 0.03047 0.20469   2236      10923.7 0.0211
5  3  25.9 0.03070 0.03066 0.20469   2248      10982.3 0.0211
5  3  25.9 0.03090 0.03086 0.22994   2364      10280.8 0.0206
5  3  25.9 0.03110 0.03105 0.22994   2236       9724.2 0.0211
5  3  25.9 0.03130 0.03135 0.23965   2272       9480.5 0.0210
5  3  25.9 0.03150 0.03154 0.24953   2258       9048.9 0.0210
5  3  25.9 0.03170 0.03174 0.24953   2314       9273.4 0.0208
5  3  25.9 0.03190 0.03193 0.25982   2264       8713.7 0.0210
5  3  25.9 0.03210 0.03213 0.27003   2242       8302.8 0.0211
5  3  25.9 0.03230 0.03232 0.28090   2264       8059.7 0.0210
5  3  25.9 0.03250 0.03252 0.28192   2260       8016.6 0.0210
5  3  25.9 0.03270 0.03271 0.29299   2246       7665.7 0.0211
5  3  25.9 0.03290 0.03291 0.30854   2292       7428.4 0.0209
5  3  25.9 0.03310 0.03311 0.32157   2366       7357.7 0.0206
5  3  25.9 0.03330 0.03330 0.32746   2308       7048.1 0.0208
5  3  25.9 0.03350 0.03350 0.35016   2302       6574.1 0.0208
5  3  25.9 0.03370 0.03369 0.35016   2228       6362.8 0.0212
5  3  25.9 0.03390 0.03389 0.37024   2258       6098.8 0.0210
5  3  25.9 0.03410 0.03408 0.37024   2224       6006.9 0.0212
5  3  25.9 0.03430 0.03428 0.41845   2374       5673.3 0.0205
5  3  25.9 0.03450 0.03447 0.41845   2260       5400.9 0.0210
5  3  25.9 0.03470 0.03467 0.44623   2282       5114.0 0.0209
5  3  25.9 0.03490 0.03486 0.47001   2248       4782.9 0.0211
5  3  25.9 0.03510 0.03506 0.49637   2250       4532.9 0.0211
5  3  25.9 0.03530 0.03525 0.54073   2300       4253.5 0.0209
5  3  25.9 0.03550 0.03555 0.61245   2346       3830.5 0.0206
5  3  25.9 0.03570 0.03574 0.65998   2224       3369.8 0.0212
5  3  25.9 0.03590 0.03594 0.72395   2270       3135.6 0.0210
5  3  25.9 0.03610 0.03613 0.79792   2286       2864.9 0.0209
5  3  25.9 0.03630 0.03633 0.89274   2344       2625.6 0.0207
5  3  25.9 0.03650 0.03652 0.98714   2278       2307.7 0.0210
5  3  25.9 0.03670 0.03672 1.05555   2252       2133.5 0.0211
5  3  25.9 0.03690 0.03691 1.17155   2250       1920.5 0.0211
5  3  25.9 0.03710 0.03711 1.21000   2010       1661.2 0.0223
5  3  25.9 0.03730 0.03730 1.21000   1822       1505.8 0.0234
5  3  25.9 0.03750 0.03750 1.21000   1566       1294.2 0.0253
5  3  25.9 0.03770 0.03770 1.21000   1474       1218.2 0.0260
5  3  25.9 0.03790 0.03789 1.21000   1384       1143.8 0.0269
5  3  25.9 0.03810 0.03809 1.21000   1288       1064.5 0.0279
5  3  25.9 0.03830 0.03828 1.21000   1272       1051.2 0.0280
5  3  25.9 0.03850 0.03848 1.21000   1220       1008.3 0.0286
5  3  26.0 0.03870 0.03867 1.21000   1192        985.1 0.0290
5  3  26.0 0.03890 0.03887 1.21000   1116        922.3 0.0299
5  3  26.0 0.03910 0.03906 1.21000   1036        856.2 0.0311
5  3  26.0 0.03930 0.03926 1.21000   1032        852.9 0.0311
5  3  26.0 0.03950 0.03945 1.21000    986        814.9 0.0318
5  3  26.0 0.03970 0.03975 1.21000    952        786.8 0.0324
5  3  26.0 0.03990 0.03994 1.21000    936        773.6 0.0327
