# Scan Time    : Fri, 18 Mar 2022 05:03:12 +0000 (GMT) +671901000 nsec
# Board Lane   : 5
# Board Loc    : BTOF - Southeast
# SiPM Biases  :  56.941  56.916  56.880  56.926
# SiPM Currents:   1.064   1.208   1.127   1.583
#
2 -1  26.1 0.00010 0.00010 1.21000   1622       1340.5 0.0248
2 -1  26.1 0.00030 0.00029 1.21000   2066       1707.4 0.0220
2 -1  26.1 0.00050 0.00049 1.21000   5456       4509.1 0.0135
2 -1  26.1 0.00070 0.00068 1.21000  12524      10350.4 0.0089
2 -1  26.1 0.00090 0.00088 1.21000  27902      23059.5 0.0060
2 -1  26.1 0.00110 0.00107 1.21000  61596      50905.8 0.0040
2 -1  26.1 0.00130 0.00127 0.66468  76194     114632.1 0.0036
2 -1  26.1 0.00150 0.00146 0.30319  72092     237777.1 0.0037
2 -1  26.1 0.00170 0.00166 0.16655  74510     447371.5 0.0037
2 -1  26.1 0.00190 0.00186 0.09149  75318     823234.0 0.0036
2 -1  26.1 0.00210 0.00215 0.03617  72384    2001427.5 0.0037
2 -1  26.1 0.00230 0.00234 0.02277  71002    3118348.9 0.0038
2 -1  26.1 0.00250 0.00254 0.01564  72550    4639835.9 0.0037
2 -1  26.1 0.00270 0.00273 0.01142  72636    6359335.8 0.0037
2 -1  26.1 0.00290 0.00293 0.00906  71438    7885124.1 0.0037
2 -1  26.1 0.00310 0.00313 0.00775  71894    9278752.5 0.0037
2 -1  26.1 0.00330 0.00332 0.00697  73318   10520500.3 0.0037
2 -1  26.1 0.00350 0.00352 0.00697  79482   11404981.1 0.0035
2 -1  26.1 0.00370 0.00371 0.00598  72112   12056790.9 0.0037
2 -1  26.1 0.00390 0.00391 0.00598  74970   12534635.2 0.0037
2 -1  26.1 0.00410 0.00410 0.00598  77276   12920187.6 0.0036
2 -1  26.1 0.00430 0.00430 0.00598  78848   13183018.7 0.0036
2 -1  26.1 0.00450 0.00449 0.00538  71342   13260347.4 0.0037
2 -1  26.1 0.00470 0.00469 0.00538  72086   13398634.8 0.0037
2 -1  26.1 0.00490 0.00488 0.00538  72544   13483763.3 0.0037
2 -1  26.1 0.00510 0.00508 0.00538  72744   13520937.4 0.0037
2 -1  26.1 0.00530 0.00527 0.00538  72474   13470752.4 0.0037
2 -1  26.1 0.00550 0.00547 0.00538  72114   13403839.2 0.0037
2 -1  26.1 0.00570 0.00566 0.00538  71336   13259232.2 0.0037
2 -1  26.1 0.00590 0.00586 0.00538  69860   12984887.9 0.0038
2 -1  26.1 0.00610 0.00605 0.00538  67878   12616493.3 0.0038
2 -1  26.1 0.00630 0.00635 0.00538  63260   11758145.0 0.0040
2 -1  26.1 0.00650 0.00654 0.00538  58672   10905372.8 0.0041
2 -1  26.1 0.00670 0.00674 0.00538  52964    9844426.0 0.0043
2 -1  26.1 0.00690 0.00693 0.00538  46458    8635154.9 0.0046
2 -1  26.1 0.00710 0.00713 0.00538  40378    7505064.5 0.0050
2 -1  26.1 0.00730 0.00732 0.00538  35040    6512889.7 0.0053
2 -1  26.1 0.00750 0.00752 0.00538  30756    5716622.0 0.0057
2 -1  26.1 0.00770 0.00771 0.00538  28088    5220720.5 0.0060
2 -1  26.1 0.00790 0.00791 0.00538  26464    4918867.3 0.0061
2 -1  26.1 0.00810 0.00811 0.00538  25850    4804743.1 0.0062
2 -1  26.1 0.00830 0.00830 0.00538  24876    4623705.6 0.0063
2 -1  26.1 0.00850 0.00850 0.00538  24948    4637088.2 0.0063
2 -1  26.1 0.00870 0.00869 0.00538  24514    4556420.6 0.0064
2 -1  26.1 0.00890 0.00889 0.00538  24462    4546755.3 0.0064
2 -1  26.1 0.00910 0.00908 0.00538  24234    4504376.9 0.0064
2 -1  26.1 0.00930 0.00928 0.00538  24186    4495455.2 0.0064
2 -1  26.1 0.00950 0.00947 0.00538  24270    4511068.3 0.0064
2 -1  26.1 0.00970 0.00967 0.00538  24128    4484674.7 0.0064
2 -1  26.1 0.00990 0.00986 0.00538  24152    4489135.6 0.0064
2 -1  26.1 0.01010 0.01006 0.00538  23786    4421107.1 0.0065
2 -1  26.1 0.01030 0.01025 0.00538  24118    4482816.0 0.0064
2 -1  26.1 0.01050 0.01055 0.00538  24100    4479470.3 0.0064
2 -1  26.1 0.01070 0.01074 0.00538  23906    4443411.5 0.0065
2 -1  26.1 0.01090 0.01094 0.00538  23694    4404007.1 0.0065
2 -1  26.1 0.01110 0.01113 0.00538  23482    4364602.6 0.0065
2 -1  26.1 0.01130 0.01133 0.00538  23634    4392854.9 0.0065
2 -1  26.1 0.01150 0.01152 0.00538  23476    4363487.4 0.0065
2 -1  26.1 0.01170 0.01172 0.00538  23300    4330774.2 0.0066
2 -1  26.1 0.01190 0.01191 0.00538  23336    4337465.6 0.0065
2 -1  26.1 0.01210 0.01211 0.00538  22750    4228545.7 0.0066
2 -1  26.1 0.01230 0.01230 0.00538  22554    4192115.1 0.0067
2 -1  26.1 0.01250 0.01250 0.00538  22000    4089143.0 0.0067
2 -1  26.1 0.01270 0.01270 0.00538  20608    3830411.8 0.0070
2 -1  26.1 0.01290 0.01289 0.00538  19554    3634504.7 0.0072
2 -1  26.1 0.01310 0.01309 0.00538  17864    3320384.2 0.0075
2 -1  26.1 0.01330 0.01328 0.00538  16528    3072061.6 0.0078
2 -1  26.1 0.01350 0.01348 0.00538  14592    2712217.1 0.0083
2 -1  26.1 0.01370 0.01367 0.00538  12910    2399583.5 0.0088
2 -1  26.1 0.01390 0.01387 0.00538  11446    2127469.6 0.0093
2 -1  26.1 0.01410 0.01406 0.00538  10132    1883236.2 0.0099
2 -1  26.1 0.01430 0.01426 0.00538   9004    1673574.7 0.0105
2 -1  26.1 0.01450 0.01445 0.00538   7832    1455734.9 0.0113
2 -1  26.1 0.01470 0.01475 0.00538   6732    1251277.8 0.0122
2 -1  26.1 0.01490 0.01494 0.00538   6282    1167636.2 0.0126
2 -1  26.1 0.01510 0.01514 0.00538   5704    1060203.3 0.0132
2 -1  26.1 0.01530 0.01533 0.00538   5474    1017453.1 0.0135
2 -1  26.1 0.01550 0.01553 0.00538   5202     966896.5 0.0139
2 -1  26.1 0.01570 0.01572 0.00538   4954     920800.7 0.0142
2 -1  26.1 0.01590 0.01592 0.00538   4842     899983.2 0.0144
2 -1  26.1 0.01610 0.01611 0.00538   4682     870244.0 0.0146
2 -1  26.1 0.01630 0.01631 0.00538   4544     844593.9 0.0148
2 -1  26.1 0.01650 0.01650 0.00538   4384     814854.7 0.0151
2 -1  26.1 0.01670 0.01670 0.00538   4254     790691.6 0.0153
2 -1  26.1 0.01690 0.01689 0.00538   4128     767271.9 0.0156
2 -1  26.1 0.01710 0.01709 0.00538   4068     756119.7 0.0157
2 -1  26.1 0.01730 0.01729 0.00538   3894     723778.3 0.0160
2 -1  26.1 0.01750 0.01748 0.00538   3746     696269.5 0.0163
2 -1  26.1 0.01770 0.01768 0.00538   3824     710767.4 0.0162
2 -1  26.1 0.01790 0.01787 0.00538   3714     690321.7 0.0164
2 -1  26.1 0.01810 0.01807 0.00538   3606     670247.7 0.0167
2 -1  26.1 0.01830 0.01826 0.00538   3448     640880.2 0.0170
2 -1  26.1 0.01850 0.01846 0.00538   3298     612999.7 0.0174
2 -1  26.1 0.01870 0.01865 0.00538   3214     597386.6 0.0176
2 -1  26.1 0.01890 0.01895 0.00538   3076     571736.5 0.0180
2 -1  26.1 0.01910 0.01914 0.00538   2996     556866.9 0.0183
2 -1  26.1 0.01930 0.01934 0.00538   2862     531960.3 0.0187
2 -1  26.1 0.01950 0.01953 0.00538   2604     484005.8 0.0196
2 -1  26.1 0.01970 0.01973 0.00538   2606     484377.6 0.0196
2 -1  26.1 0.01990 0.01992 0.00538   2464     457984.0 0.0201
2 -1  26.1 0.02010 0.02012 0.00538   2352     437166.6 0.0206
2 -1  26.1 0.02030 0.02031 0.00550   2292     416811.5 0.0209
2 -1  26.1 0.02050 0.02051 0.00617   2306     373760.3 0.0208
2 -1  26.1 0.02070 0.02070 0.00667   2326     348779.7 0.0207
2 -1  26.1 0.02090 0.02090 0.00686   2222     323888.3 0.0212
2 -1  26.1 0.02110 0.02109 0.00774   2222     287116.0 0.0212
2 -1  26.1 0.02130 0.02129 0.00853   2270     266125.0 0.0210
2 -1  26.1 0.02150 0.02148 0.00921   2234     242574.1 0.0212
2 -1  26.1 0.02170 0.02168 0.01008   2306     228830.6 0.0208
2 -1  26.1 0.02190 0.02188 0.01161   2236     192589.4 0.0211
2 -1  26.1 0.02210 0.02207 0.01298   2300     177178.6 0.0209
2 -1  26.1 0.02230 0.02227 0.01424   2256     158459.3 0.0211
2 -1  26.1 0.02250 0.02246 0.01574   2228     141564.0 0.0212
2 -1  26.1 0.02270 0.02266 0.01708   2382     139460.6 0.0205
2 -1  26.1 0.02290 0.02285 0.01809   2268     125376.0 0.0210
2 -1  26.1 0.02310 0.02314 0.01959   2278     116294.3 0.0210
2 -1  26.1 0.02330 0.02334 0.02120   2296     108315.2 0.0209
2 -1  26.1 0.02350 0.02354 0.02243   2258     100650.5 0.0210
2 -1  26.1 0.02370 0.02373 0.02310   2246      97248.7 0.0211
2 -1  26.1 0.02390 0.02393 0.02440   2308      94595.5 0.0208
2 -1  26.1 0.02410 0.02412 0.02440   2278      93365.9 0.0210
2 -1  26.1 0.02430 0.02432 0.02616   2290      87521.7 0.0209
2 -1  26.1 0.02450 0.02451 0.02788   2326      83425.8 0.0207
2 -1  26.1 0.02470 0.02471 0.02816   2242      79616.8 0.0211
2 -1  26.1 0.02490 0.02490 0.02968   2244      75598.4 0.0211
2 -1  26.1 0.02510 0.02510 0.03096   2246      72556.5 0.0211
2 -1  26.1 0.02530 0.02529 0.03223   2238      69434.8 0.0211
2 -1  26.1 0.02550 0.02549 0.03223   2230      69186.6 0.0212
2 -1  26.1 0.02570 0.02568 0.03431   2262      65935.1 0.0210
2 -1  26.1 0.02590 0.02588 0.03823   2354      61576.1 0.0206
2 -1  26.1 0.02610 0.02607 0.03823   2260      59117.2 0.0210
2 -1  26.1 0.02630 0.02627 0.03988   2334      58525.1 0.0207
2 -1  26.1 0.02650 0.02646 0.04124   2254      54652.2 0.0211
2 -1  26.1 0.02670 0.02666 0.04219   2238      53043.2 0.0211
2 -1  26.1 0.02690 0.02686 0.04664   2270      48673.5 0.0210
2 -1  26.1 0.02710 0.02715 0.05070   2284      45046.2 0.0209
2 -1  26.1 0.02730 0.02734 0.05221   2284      43748.7 0.0209
2 -1  26.1 0.02750 0.02754 0.05615   2302      40997.8 0.0208
2 -1  26.1 0.02770 0.02773 0.05615   2270      40427.9 0.0210
2 -1  26.1 0.02790 0.02793 0.06301   2294      36405.8 0.0209
2 -1  26.1 0.02810 0.02813 0.06625   2342      35349.8 0.0207
2 -1  26.1 0.02830 0.02832 0.06990   2312      33075.2 0.0208
2 -1  26.1 0.02850 0.02852 0.07589   2320      30570.5 0.0208
2 -1  26.1 0.02870 0.02871 0.08621   2320      26910.9 0.0208
2 -1  26.1 0.02890 0.02891 0.08985   2252      25064.1 0.0211
2 -1  26.1 0.02910 0.02910 0.09974   2222      22278.0 0.0212
2 -1  26.1 0.02930 0.02930 0.10667   2282      21392.3 0.0209
2 -1  26.1 0.02950 0.02949 0.11181   2246      20088.4 0.0211
2 -1  26.1 0.02970 0.02969 0.12240   2310      18872.7 0.0208
2 -1  26.1 0.02990 0.02988 0.13387   2256      16852.4 0.0211
2 -1  26.1 0.03010 0.03008 0.14329   2258      15758.1 0.0210
2 -1  26.1 0.03030 0.03027 0.16167   2424      14993.4 0.0203
2 -1  26.1 0.03050 0.03047 0.17090   2274      13306.0 0.0210
2 -1  26.1 0.03070 0.03066 0.17630   2232      12660.5 0.0212
2 -1  26.1 0.03090 0.03086 0.19744   2272      11507.1 0.0210
2 -1  26.1 0.03110 0.03105 0.21256   2286      10754.7 0.0209
2 -1  26.1 0.03130 0.03135 0.22755   2298      10098.8 0.0209
2 -1  26.1 0.03150 0.03154 0.24688   2306       9340.4 0.0208
2 -1  26.1 0.03170 0.03174 0.25231   2276       9020.8 0.0210
2 -1  26.1 0.03190 0.03193 0.26768   2368       8846.2 0.0205
2 -1  26.1 0.03210 0.03213 0.28270   2300       8135.9 0.0209
2 -1  26.1 0.03230 0.03232 0.29162   2234       7660.6 0.0212
2 -1  26.1 0.03250 0.03252 0.31334   2320       7404.1 0.0208
2 -1  26.1 0.03270 0.03271 0.32780   2268       6918.9 0.0210
2 -1  26.1 0.03290 0.03291 0.32780   2226       6790.8 0.0212
2 -1  26.1 0.03310 0.03311 0.35336   2318       6559.9 0.0208
2 -1  26.1 0.03330 0.03330 0.36485   2310       6331.3 0.0208
2 -1  26.1 0.03350 0.03350 0.38864   2250       5789.4 0.0211
2 -1  26.1 0.03370 0.03369 0.40657   2240       5509.5 0.0211
2 -1  26.1 0.03390 0.03389 0.42453   2376       5596.8 0.0205
2 -1  26.1 0.03410 0.03408 0.45048   2332       5176.7 0.0207
2 -1  26.1 0.03430 0.03428 0.46470   2318       4988.2 0.0208
2 -1  26.1 0.03450 0.03447 0.48477   2226       4591.8 0.0212
2 -1  26.1 0.03470 0.03467 0.51972   2320       4463.9 0.0208
2 -1  26.1 0.03490 0.03486 0.53964   2262       4191.7 0.0210
2 -1  26.1 0.03510 0.03506 0.57266   2250       3929.1 0.0211
2 -1  26.1 0.03530 0.03525 0.57266   2224       3883.7 0.0212
2 -1  26.1 0.03550 0.03555 0.62070   2230       3592.7 0.0212
2 -1  26.1 0.03570 0.03574 0.68413   2244       3280.1 0.0211
2 -1  26.1 0.03590 0.03594 0.74525   2382       3196.2 0.0205
2 -1  26.1 0.03610 0.03613 0.74525   2232       2995.0 0.0212
2 -1  26.1 0.03630 0.03633 0.80152   2364       2949.4 0.0206
2 -1  26.1 0.03650 0.03652 0.87047   2262       2598.6 0.0210
2 -1  26.1 0.03670 0.03672 0.90130   2236       2480.9 0.0211
2 -1  26.1 0.03690 0.03691 0.95639   2308       2413.2 0.0208
2 -1  26.1 0.03710 0.03711 1.03361   2342       2265.8 0.0207
2 -1  26.1 0.03730 0.03730 1.08555   2264       2085.6 0.0210
2 -1  26.1 0.03750 0.03750 1.16968   2272       1942.4 0.0210
2 -1  26.1 0.03770 0.03770 1.21000   2070       1710.7 0.0220
2 -1  26.1 0.03790 0.03789 1.21000   2020       1669.4 0.0222
2 -1  26.0 0.03810 0.03809 1.21000   1904       1573.6 0.0229
2 -1  26.1 0.03830 0.03828 1.21000   1742       1439.7 0.0240
2 -1  26.1 0.03850 0.03848 1.21000   1794       1482.6 0.0236
2 -1  26.1 0.03870 0.03867 1.21000   1580       1305.8 0.0252
2 -1  26.1 0.03890 0.03887 1.21000   1492       1233.1 0.0259
2 -1  26.1 0.03910 0.03906 1.21000   1514       1251.2 0.0257
2 -1  26.1 0.03930 0.03926 1.21000   1432       1183.5 0.0264
2 -1  26.1 0.03950 0.03945 1.21000   1442       1191.7 0.0263
2 -1  26.0 0.03970 0.03975 1.21000   1286       1062.8 0.0279
2 -1  26.0 0.03990 0.03994 1.21000   1244       1028.1 0.0284
2  0  26.0 0.00010 0.00010 1.21000   1786       1476.0 0.0237
2  0  26.0 0.00030 0.00029 1.21000   2322       1919.0 0.0208
2  0  26.0 0.00050 0.00049 1.21000   5978       4940.5 0.0129
2  0  26.0 0.00070 0.00068 1.21000  13712      11332.2 0.0085
2  0  26.0 0.00090 0.00088 1.21000  30038      24824.8 0.0058
2  0  26.0 0.00110 0.00107 1.21000  66308      54800.0 0.0039
2  0  26.0 0.00130 0.00127 0.48636  72564     149197.1 0.0037
2  0  26.0 0.00150 0.00146 0.26717  76508     286363.0 0.0036
2  0  26.0 0.00170 0.00166 0.14676  77186     525919.6 0.0036
2  0  26.0 0.00190 0.00186 0.08062  74094     919040.5 0.0037
2  0  26.0 0.00210 0.00215 0.04429  79938    1804993.7 0.0035
2  0  26.0 0.00230 0.00234 0.02964  72198    2435828.1 0.0037
2  0  26.0 0.00250 0.00254 0.02375  71982    3030953.6 0.0037
2  0  26.0 0.00270 0.00273 0.02035  71872    3531801.6 0.0037
2  0  26.0 0.00290 0.00293 0.02035  78858    3875094.8 0.0036
2  0  26.0 0.00310 0.00313 0.01750  72204    4125867.8 0.0037
2  0  26.0 0.00330 0.00332 0.01750  74852    4277179.3 0.0037
2  0  26.0 0.00350 0.00352 0.01750  76776    4387120.1 0.0036
2  0  26.0 0.00370 0.00371 0.01750  77944    4453861.8 0.0036
2  0  26.0 0.00390 0.00391 0.01750  78746    4499689.5 0.0036
2  0  26.0 0.00410 0.00410 0.01750  79264    4529289.0 0.0036
2  0  26.0 0.00430 0.00430 0.01750  79674    4552717.1 0.0035
2  0  26.0 0.00450 0.00449 0.01750  79896    4565402.6 0.0035
2  0  26.0 0.00470 0.00469 0.01575  71800    4559444.9 0.0037
2  0  26.0 0.00490 0.00488 0.01575  71804    4559699.0 0.0037
2  0  26.0 0.00510 0.00508 0.01575  71716    4554110.8 0.0037
2  0  26.0 0.00530 0.00527 0.01575  71554    4543823.5 0.0037
2  0  26.0 0.00550 0.00547 0.01575  71264    4525407.9 0.0037
2  0  26.0 0.00570 0.00566 0.01575  70782    4494799.9 0.0038
2  0  26.0 0.00590 0.00586 0.01575  70028    4446919.4 0.0038
2  0  26.0 0.00610 0.00605 0.01575  68996    4381385.3 0.0038
2  0  26.0 0.00630 0.00635 0.01575  66340    4212723.9 0.0039
2  0  26.0 0.00650 0.00654 0.01575  63738    4047491.7 0.0040
2  0  26.0 0.00670 0.00674 0.01575  59358    3769352.8 0.0041
2  0  26.0 0.00690 0.00693 0.01575  53778    3415011.6 0.0043
2  0  26.0 0.00710 0.00713 0.01575  46878    2976847.6 0.0046
2  0  26.0 0.00730 0.00732 0.01575  38738    2459941.2 0.0051
2  0  26.0 0.00750 0.00752 0.01575  31230    1983168.0 0.0057
2  0  26.0 0.00770 0.00771 0.01575  25360    1610411.2 0.0063
2  0  26.0 0.00790 0.00791 0.01575  21514    1366182.4 0.0068
2  0  26.0 0.00810 0.00811 0.01575  18942    1202855.2 0.0073
2  0  26.0 0.00830 0.00830 0.01575  17922    1138083.2 0.0075
2  0  26.0 0.00850 0.00850 0.01575  17074    1084233.5 0.0077
2  0  26.0 0.00870 0.00869 0.01575  16880    1071914.1 0.0077
2  0  26.0 0.00890 0.00889 0.01575  16574    1052482.5 0.0078
2  0  26.0 0.00910 0.00908 0.01575  16538    1050196.4 0.0078
2  0  26.0 0.00930 0.00928 0.01575  16564    1051847.4 0.0078
2  0  26.0 0.00950 0.00947 0.01575  16366    1039274.0 0.0078
2  0  26.0 0.00970 0.00967 0.01575  16412    1042195.1 0.0078
2  0  26.0 0.00990 0.00986 0.01575  16604    1054387.5 0.0078
2  0  26.0 0.01010 0.01006 0.01575  16448    1044481.2 0.0078
2  0  26.0 0.01030 0.01025 0.01575  16382    1040290.1 0.0078
2  0  26.0 0.01050 0.01055 0.01575  16322    1036480.0 0.0078
2  0  26.0 0.01070 0.01074 0.01575  16662    1058070.6 0.0077
2  0  26.0 0.01090 0.01094 0.01575  16458    1045116.2 0.0078
2  0  26.0 0.01110 0.01113 0.01575  16372    1039655.1 0.0078
2  0  26.0 0.01130 0.01133 0.01575  16472    1046005.3 0.0078
2  0  26.0 0.01150 0.01152 0.01575  16478    1046386.3 0.0078
2  0  26.0 0.01170 0.01172 0.01575  16152    1025684.6 0.0079
2  0  26.0 0.01190 0.01191 0.01575  16074    1020731.5 0.0079
2  0  26.0 0.01210 0.01211 0.01575  15780    1002061.9 0.0080
2  0  26.0 0.01230 0.01230 0.01575  15348     974629.0 0.0081
2  0  26.0 0.01250 0.01250 0.01575  14552     924081.4 0.0083
2  0  26.0 0.01270 0.01270 0.01575  13746     872898.8 0.0085
2  0  26.0 0.01290 0.01289 0.01575  12306     781455.8 0.0090
2  0  26.0 0.01310 0.01309 0.01575  11164     708936.5 0.0095
2  0  26.0 0.01330 0.01328 0.01575   9932     630702.1 0.0100
2  0  26.0 0.01350 0.01348 0.01575   8640     548657.4 0.0108
2  0  26.0 0.01370 0.01367 0.01575   7206     457595.5 0.0118
2  0  26.0 0.01390 0.01387 0.01575   6094     386981.3 0.0128
2  0  26.0 0.01410 0.01406 0.01575   5024     319034.1 0.0141
2  0  26.0 0.01430 0.01426 0.01575   4260     270518.6 0.0153
2  0  26.0 0.01450 0.01445 0.01575   3556     225813.2 0.0168
2  0  26.0 0.01470 0.01475 0.01575   2912     184917.9 0.0185
2  0  26.0 0.01490 0.01494 0.01575   2552     162057.2 0.0198
2  0  26.0 0.01510 0.01514 0.01575   2242     142371.5 0.0211
2  0  26.0 0.01530 0.01533 0.01684   2386     141696.6 0.0205
2  0  26.0 0.01550 0.01553 0.01723   2228     129336.2 0.0212
2  0  26.0 0.01570 0.01572 0.01847   2340     126701.7 0.0207
2  0  26.0 0.01590 0.01592 0.01847   2242     121395.4 0.0211
2  0  26.0 0.01610 0.01611 0.01884   2234     118576.8 0.0212
2  0  26.0 0.01630 0.01631 0.01884   2294     121761.5 0.0209
2  0  26.0 0.01650 0.01650 0.02058   2382     115735.2 0.0205
2  0  26.0 0.01670 0.01670 0.02058   2334     113403.0 0.0207
2  0  26.0 0.01690 0.01689 0.02058   2358     114569.1 0.0206
2  0  26.0 0.01710 0.01709 0.02066   2226     107766.1 0.0212
2  0  26.0 0.01730 0.01729 0.02066   2258     109315.3 0.0210
2  0  26.0 0.01750 0.01748 0.02130   2228     104576.7 0.0212
2  0  26.0 0.01770 0.01768 0.02248   2288     101790.0 0.0209
2  0  26.0 0.01790 0.01787 0.02289   2246      98122.8 0.0211
2  0  26.0 0.01810 0.01807 0.02397   2388      99631.3 0.0205
2  0  26.0 0.01830 0.01826 0.02397   2226      92872.4 0.0212
2  0  26.0 0.01850 0.01846 0.02473   2266      91648.0 0.0210
2  0  26.0 0.01870 0.01865 0.02545   2306      90596.9 0.0208
2  0  26.0 0.01890 0.01895 0.02691   2324      86373.2 0.0207
2  0  26.0 0.01910 0.01914 0.02765   2298      83100.6 0.0209
2  0  26.0 0.01930 0.01934 0.02882   2266      78624.4 0.0210
2  0  26.0 0.01950 0.01953 0.03040   2322      76392.7 0.0208
2  0  26.0 0.01970 0.01973 0.03152   2292      72715.3 0.0209
2  0  26.0 0.01990 0.01992 0.03351   2344      69947.3 0.0207
2  0  26.0 0.02010 0.02012 0.03616   2306      63774.5 0.0208
2  0  26.0 0.02030 0.02031 0.03804   2252      59197.9 0.0211
2  0  26.0 0.02050 0.02051 0.04317   2318      53698.2 0.0208
2  0  26.0 0.02070 0.02070 0.04717   2348      49777.0 0.0206
2  0  26.0 0.02090 0.02090 0.05225   2298      43977.4 0.0209
2  0  26.0 0.02110 0.02109 0.05864   2326      39665.3 0.0207
2  0  26.0 0.02130 0.02129 0.06600   2292      34724.7 0.0209
2  0  26.0 0.02150 0.02148 0.07532   2314      30721.9 0.0208
2  0  26.0 0.02170 0.02168 0.08744   2266      25914.5 0.0210
2  0  26.0 0.02190 0.02188 0.10313   2304      22340.9 0.0208
2  0  26.0 0.02210 0.02207 0.11849   2248      18972.8 0.0211
2  0  26.0 0.02230 0.02227 0.13460   2236      16612.4 0.0211
2  0  26.0 0.02250 0.02246 0.15171   2242      14777.8 0.0211
2  0  26.0 0.02270 0.02266 0.16834   2292      13615.5 0.0209
2  0  26.0 0.02290 0.02285 0.18181   2238      12309.8 0.0211
2  0  26.0 0.02310 0.02314 0.20280   2254      11114.5 0.0211
2  0  26.0 0.02330 0.02334 0.21271   2304      10831.8 0.0208
2  0  26.0 0.02350 0.02354 0.22614   2250       9949.6 0.0211
2  0  26.0 0.02370 0.02373 0.23654   2302       9732.0 0.0208
2  0  26.0 0.02390 0.02393 0.23675   2238       9452.9 0.0211
2  0  26.0 0.02410 0.02412 0.24893   2246       9022.5 0.0211
2  0  26.0 0.02430 0.02432 0.25350   2278       8986.3 0.0210
2  0  26.0 0.02450 0.02451 0.26420   2308       8735.9 0.0208
2  0  26.0 0.02470 0.02471 0.27103   2334       8611.6 0.0207
2  0  26.0 0.02490 0.02490 0.27103   2276       8397.6 0.0210
2  0  26.0 0.02510 0.02510 0.28407   2250       7920.6 0.0211
2  0  26.0 0.02530 0.02529 0.30671   2270       7401.2 0.0210
2  0  26.0 0.02550 0.02549 0.30671   2242       7309.9 0.0211
2  0  26.0 0.02570 0.02568 0.31406   2318       7380.9 0.0208
2  0  26.0 0.02590 0.02588 0.34787   2340       6726.6 0.0207
2  0  26.0 0.02610 0.02607 0.34787   2266       6513.9 0.0210
2  0  26.0 0.02630 0.02627 0.36392   2260       6210.1 0.0210
2  0  26.0 0.02650 0.02646 0.36392   2308       6342.0 0.0208
2  0  26.0 0.02670 0.02666 0.38000   2264       5957.9 0.0210
2  0  26.0 0.02690 0.02686 0.40869   2302       5632.6 0.0208
2  0  26.0 0.02710 0.02715 0.44310   2232       5037.2 0.0212
2  0  26.0 0.02730 0.02734 0.46550   2236       4803.5 0.0211
2  0  26.0 0.02750 0.02754 0.48064   2248       4677.1 0.0211
2  0  26.0 0.02770 0.02773 0.51610   2266       4390.6 0.0210
2  0  26.0 0.02790 0.02793 0.53688   2226       4146.2 0.0212
2  0  26.0 0.02810 0.02813 0.59488   2300       3866.3 0.0209
2  0  26.0 0.02830 0.02832 0.61710   2256       3655.8 0.0211
2  0  26.0 0.02850 0.02852 0.67747   2292       3383.2 0.0209
2  0  26.0 0.02870 0.02871 0.72792   2252       3093.8 0.0211
2  0  26.0 0.02890 0.02891 0.81688   2296       2810.7 0.0209
2  0  26.0 0.02910 0.02910 0.88715   2226       2509.1 0.0212
2  0  26.0 0.02930 0.02930 1.02244   2266       2216.3 0.0210
2  0  26.0 0.02950 0.02949 1.08499   2244       2068.2 0.0211
2  0  26.0 0.02970 0.02969 1.20182   2228       1853.9 0.0212
2  0  26.0 0.02990 0.02988 1.21000   1962       1621.5 0.0226
2  0  26.0 0.03010 0.03008 1.21000   1814       1499.2 0.0235
2  0  26.0 0.03030 0.03027 1.21000   1694       1400.0 0.0243
2  0  26.0 0.03050 0.03047 1.21000   1448       1196.7 0.0263
2  0  26.0 0.03070 0.03066 1.21000   1340       1107.4 0.0273
2  0  26.0 0.03090 0.03086 1.21000   1286       1062.8 0.0279
2  0  25.9 0.03110 0.03105 1.21000   1182        976.9 0.0291
2  0  25.9 0.03130 0.03135 1.21000   1156        955.4 0.0294
2  0  25.9 0.03150 0.03154 1.21000   1098        907.4 0.0302
2  0  25.9 0.03170 0.03174 1.21000   1050        867.8 0.0309
2  0  25.9 0.03190 0.03193 1.21000   1008        833.1 0.0315
2  0  25.9 0.03210 0.03213 1.21000    978        808.3 0.0320
2  0  25.9 0.03230 0.03232 1.21000    962        795.0 0.0322
2  0  25.9 0.03250 0.03252 1.21000    934        771.9 0.0327
2  0  25.9 0.03270 0.03271 1.21000    918        758.7 0.0330
2  0  25.9 0.03290 0.03291 1.21000    846        699.2 0.0344
2  0  25.9 0.03310 0.03311 1.21000    886        732.2 0.0336
2  0  25.9 0.03330 0.03330 1.21000    842        695.9 0.0345
2  0  25.9 0.03350 0.03350 1.21000    826        682.6 0.0348
2  0  25.9 0.03370 0.03369 1.21000    800        661.2 0.0354
2  0  25.9 0.03390 0.03389 1.21000    762        629.8 0.0362
2  0  25.9 0.03410 0.03408 1.21000    748        618.2 0.0366
2  0  25.9 0.03430 0.03428 1.21000    724        598.3 0.0372
2  0  25.9 0.03450 0.03447 1.21000    698        576.9 0.0379
2  0  25.9 0.03470 0.03467 1.21000    696        575.2 0.0379
2  0  25.9 0.03490 0.03486 1.21000    668        552.1 0.0387
2  0  25.9 0.03510 0.03506 1.21000    646        533.9 0.0393
2  0  25.9 0.03530 0.03525 1.21000    638        527.3 0.0396
2  0  25.9 0.03550 0.03555 1.21000    588        486.0 0.0412
2  0  25.9 0.03570 0.03574 1.21000    558        461.2 0.0423
2  0  25.9 0.03590 0.03594 1.21000    474        391.7 0.0459
2  0  25.9 0.03610 0.03613 1.21000    486        401.7 0.0454
2  0  25.9 0.03630 0.03633 1.21000    486        401.7 0.0454
2  0  25.9 0.03650 0.03652 1.21000    492        406.6 0.0451
2  0  25.9 0.03670 0.03672 1.21000    442        365.3 0.0476
2  0  25.9 0.03690 0.03691 1.21000    446        368.6 0.0474
2  0  25.9 0.03710 0.03711 1.21000    408        337.2 0.0495
2  0  25.9 0.03730 0.03730 1.21000    382        315.7 0.0512
2  0  25.9 0.03750 0.03750 1.21000    378        312.4 0.0514
2  0  25.9 0.03770 0.03770 1.21000    364        300.8 0.0524
2  0  25.9 0.03790 0.03789 1.21000    360        297.5 0.0527
2  0  25.9 0.03810 0.03809 1.21000    352        290.9 0.0533
2  0  25.9 0.03830 0.03828 1.21000    302        249.6 0.0575
2  0  25.9 0.03850 0.03848 1.21000    282        233.1 0.0595
2  0  25.9 0.03870 0.03867 1.21000    296        244.6 0.0581
2  0  25.9 0.03890 0.03887 1.21000    296        244.6 0.0581
2  0  25.9 0.03910 0.03906 1.21000    296        244.6 0.0581
2  0  25.9 0.03930 0.03926 1.21000    260        214.9 0.0620
2  0  25.9 0.03950 0.03945 1.21000    282        233.1 0.0595
2  0  25.9 0.03970 0.03975 1.21000    280        231.4 0.0598
2  0  25.9 0.03990 0.03994 1.21000    290        239.7 0.0587
2  1  25.9 0.00010 0.00010 1.21000   2010       1661.2 0.0223
2  1  25.9 0.00030 0.00029 1.21000   2474       2044.6 0.0201
2  1  25.9 0.00050 0.00049 1.21000   6666       5509.1 0.0122
2  1  25.9 0.00070 0.00068 1.21000  15004      12400.0 0.0082
2  1  25.8 0.00090 0.00088 1.21000  33884      28003.3 0.0054
2  1  25.8 0.00110 0.00107 1.21000  74030      61181.8 0.0037
2  1  25.8 0.00130 0.00127 0.44594  72544     162677.3 0.0037
2  1  25.8 0.00150 0.00146 0.24496  77710     317229.2 0.0036
2  1  25.8 0.00170 0.00166 0.13457  77250     574071.0 0.0036
2  1  25.8 0.00190 0.00186 0.07441  72260     971099.1 0.0037
2  1  25.8 0.00210 0.00215 0.04088  77474    1895363.0 0.0036
2  1  25.8 0.00230 0.00234 0.02864  72084    2516562.5 0.0037
2  1  25.8 0.00250 0.00254 0.02329  72452    3110682.4 0.0037
2  1  25.8 0.00270 0.00273 0.02007  72492    3611767.0 0.0037
2  1  25.8 0.00290 0.00293 0.02007  78862    3929139.4 0.0036
2  1  25.8 0.00310 0.00313 0.01731  71906    4153891.3 0.0037
2  1  25.8 0.00330 0.00332 0.01731  74426    4299467.5 0.0037
2  1  25.8 0.00350 0.00352 0.01731  76258    4405299.2 0.0036
2  1  25.8 0.00370 0.00371 0.01731  77312    4466187.0 0.0036
2  1  25.8 0.00390 0.00391 0.01731  78052    4508935.6 0.0036
2  1  25.8 0.00410 0.00410 0.01731  78560    4538281.9 0.0036
2  1  25.8 0.00430 0.00430 0.01731  78928    4559540.7 0.0036
2  1  25.8 0.00450 0.00449 0.01731  79142    4571903.1 0.0036
2  1  25.8 0.00470 0.00469 0.01731  79258    4578604.2 0.0036
2  1  25.8 0.00490 0.00488 0.01731  79266    4579066.4 0.0036
2  1  25.8 0.00510 0.00508 0.01731  79154    4572596.3 0.0036
2  1  25.8 0.00530 0.00527 0.01731  78940    4560233.9 0.0036
2  1  25.8 0.00550 0.00547 0.01731  78590    4540015.0 0.0036
2  1  25.8 0.00570 0.00566 0.01731  78060    4509397.7 0.0036
2  1  25.8 0.00590 0.00586 0.01731  77170    4457983.9 0.0036
2  1  25.8 0.00610 0.00605 0.01731  75950    4387506.5 0.0036
2  1  25.8 0.00630 0.00635 0.01731  72848    4208309.1 0.0037
2  1  25.8 0.00650 0.00654 0.01731  69552    4017904.6 0.0038
2  1  25.8 0.00670 0.00674 0.01731  64636    3733915.4 0.0039
2  1  25.8 0.00690 0.00693 0.01731  58172    3360500.7 0.0041
2  1  25.8 0.00710 0.00713 0.01731  50050    2891306.1 0.0045
2  1  25.8 0.00730 0.00732 0.01731  41538    2399581.9 0.0049
2  1  25.8 0.00750 0.00752 0.01731  33394    1929116.4 0.0055
2  1  25.8 0.00770 0.00771 0.01731  27786    1605151.5 0.0060
2  1  25.8 0.00790 0.00791 0.01731  23756    1372345.0 0.0065
2  1  25.8 0.00810 0.00811 0.01731  21610    1248374.1 0.0068
2  1  25.8 0.00830 0.00830 0.01731  20500    1184251.3 0.0070
2  1  25.8 0.00850 0.00850 0.01731  19784    1142889.1 0.0071
2  1  25.8 0.00870 0.00869 0.01731  19456    1123941.1 0.0072
2  1  25.8 0.00890 0.00889 0.01731  19296    1114698.2 0.0072
2  1  25.8 0.00910 0.00908 0.01731  19390    1120128.4 0.0072
2  1  25.8 0.00930 0.00928 0.01731  19318    1115969.1 0.0072
2  1  25.8 0.00950 0.00947 0.01731  19154    1106495.1 0.0072
2  1  25.8 0.00970 0.00967 0.01731  19252    1112156.4 0.0072
2  1  25.8 0.00990 0.00986 0.01731  19190    1108574.7 0.0072
2  1  25.8 0.01010 0.01006 0.01731  19052    1100602.7 0.0072
2  1  25.8 0.01030 0.01025 0.01731  19058    1100949.3 0.0072
2  1  25.8 0.01050 0.01055 0.01731  19088    1102682.3 0.0072
2  1  25.8 0.01070 0.01074 0.01731  19158    1106726.1 0.0072
2  1  25.8 0.01090 0.01094 0.01731  19124    1104762.0 0.0072
2  1  25.8 0.01110 0.01113 0.01731  19000    1097598.7 0.0073
2  1  25.8 0.01130 0.01133 0.01731  19086    1102566.8 0.0072
2  1  25.8 0.01150 0.01152 0.01731  19102    1103491.1 0.0072
2  1  25.8 0.01170 0.01172 0.01731  18972    1095981.2 0.0073
2  1  25.8 0.01190 0.01191 0.01731  18610    1075069.1 0.0073
2  1  25.8 0.01210 0.01211 0.01731  18248    1054156.9 0.0074
2  1  25.8 0.01230 0.01230 0.01731  17888    1033360.3 0.0075
2  1  25.8 0.01250 0.01250 0.01731  17406    1005516.0 0.0076
2  1  25.8 0.01270 0.01270 0.01731  16268     939775.6 0.0078
2  1  25.8 0.01290 0.01289 0.01731  14838     857166.8 0.0082
2  1  25.8 0.01310 0.01309 0.01731  13520     781028.2 0.0086
2  1  25.8 0.01330 0.01328 0.01731  11914     688252.2 0.0092
2  1  25.8 0.01350 0.01348 0.01731  10604     612575.6 0.0097
2  1  25.8 0.01370 0.01367 0.01731   8908     514600.5 0.0106
2  1  25.8 0.01390 0.01387 0.01731   7378     426214.9 0.0116
2  1  25.8 0.01410 0.01406 0.01731   6316     364864.9 0.0126
2  1  25.8 0.01430 0.01426 0.01731   5208     300857.6 0.0139
2  1  25.8 0.01450 0.01445 0.01731   4404     254411.8 0.0151
2  1  25.8 0.01470 0.01475 0.01731   3540     204500.0 0.0168
2  1  25.8 0.01490 0.01494 0.01731   3132     180930.5 0.0179
2  1  25.8 0.01510 0.01514 0.01731   2920     168683.6 0.0185
2  1  25.8 0.01530 0.01533 0.01731   2656     153432.7 0.0194
2  1  25.8 0.01550 0.01553 0.01731   2616     151122.0 0.0196
2  1  25.8 0.01570 0.01572 0.01731   2424     140030.5 0.0203
2  1  25.8 0.01590 0.01592 0.01731   2420     139799.4 0.0203
2  1  25.8 0.01610 0.01611 0.01731   2262     130672.0 0.0210
2  1  25.8 0.01630 0.01631 0.01731   2376     137257.6 0.0205
2  1  25.8 0.01650 0.01650 0.01731   2234     129054.5 0.0212
2  1  25.8 0.01670 0.01670 0.01756   2232     127082.1 0.0212
2  1  25.8 0.01690 0.01689 0.01833   2236     121979.1 0.0211
2  1  25.8 0.01710 0.01709 0.01882   2268     120515.7 0.0210
2  1  25.8 0.01730 0.01729 0.01882   2240     119027.9 0.0211
2  1  25.8 0.01750 0.01748 0.01952   2264     116004.6 0.0210
2  1  25.8 0.01770 0.01768 0.01952   2272     116414.5 0.0210
2  1  25.8 0.01790 0.01787 0.02077   2254     108528.2 0.0211
2  1  25.8 0.01810 0.01807 0.02152   2376     110386.5 0.0205
2  1  25.8 0.01830 0.01826 0.02164   2292     105909.5 0.0209
2  1  25.8 0.01850 0.01846 0.02246   2224      99009.7 0.0212
2  1  25.8 0.01870 0.01865 0.02246   2226      99098.7 0.0212
2  1  25.8 0.01890 0.01895 0.02495   2262      90657.8 0.0210
2  1  25.8 0.01910 0.01914 0.02630   2332      88668.1 0.0207
2  1  25.8 0.01930 0.01934 0.02630   2264      86082.6 0.0210
2  1  25.8 0.01950 0.01953 0.02726   2248      82473.8 0.0211
2  1  25.8 0.01970 0.01973 0.02957   2328      78720.6 0.0207
2  1  25.8 0.01990 0.01992 0.03006   2296      76380.7 0.0209
2  1  25.8 0.02010 0.02012 0.03294   2272      68983.3 0.0210
2  1  25.8 0.02030 0.02031 0.03495   2250      64380.0 0.0211
2  1  25.8 0.02050 0.02051 0.03680   2316      62928.2 0.0208
2  1  25.8 0.02070 0.02070 0.04230   2350      55549.5 0.0206
2  1  25.8 0.02090 0.02090 0.04559   2242      49180.5 0.0211
2  1  25.8 0.02110 0.02109 0.05085   2310      45430.5 0.0208
2  1  25.8 0.02130 0.02129 0.05638   2254      39980.0 0.0211
2  1  25.8 0.02150 0.02148 0.06721   2342      34848.0 0.0207
2  1  25.8 0.02170 0.02168 0.07356   2248      30559.0 0.0211
2  1  25.8 0.02190 0.02188 0.08529   2258      26475.5 0.0210
2  1  25.8 0.02210 0.02207 0.10037   2294      22855.8 0.0209
2  1  25.8 0.02230 0.02227 0.11591   2320      20014.8 0.0208
2  1  25.8 0.02250 0.02246 0.12579   2258      17950.8 0.0210
2  1  25.8 0.02270 0.02266 0.14227   2236      15716.1 0.0211
2  1  25.8 0.02290 0.02285 0.16162   2340      14478.2 0.0207
2  1  25.8 0.02310 0.02314 0.18144   2340      12896.9 0.0207
2  1  25.7 0.02330 0.02334 0.18613   2234      12002.4 0.0212
2  1  25.7 0.02350 0.02354 0.19971   2348      11756.9 0.0206
2  1  25.7 0.02370 0.02373 0.20737   2244      10821.5 0.0211
2  1  25.7 0.02390 0.02393 0.21292   2266      10642.3 0.0210
2  1  25.7 0.02410 0.02412 0.21983   2278      10362.7 0.0210
2  1  25.7 0.02430 0.02432 0.21983   2236      10171.7 0.0211
2  1  25.7 0.02450 0.02451 0.24118   2334       9677.6 0.0207
2  1  25.7 0.02470 0.02471 0.24118   2246       9312.7 0.0211
2  1  25.7 0.02490 0.02490 0.24948   2310       9259.1 0.0208
2  1  25.7 0.02510 0.02510 0.26050   2298       8821.3 0.0209
2  1  25.7 0.02530 0.02529 0.27313   2308       8450.0 0.0208
2  1  25.7 0.02550 0.02549 0.27891   2238       8024.1 0.0211
2  1  25.7 0.02570 0.02568 0.28974   2232       7703.5 0.0212
2  1  25.7 0.02590 0.02588 0.30310   2248       7416.6 0.0211
2  1  25.7 0.02610 0.02607 0.31008   2248       7249.7 0.0211
2  1  25.7 0.02630 0.02627 0.32470   2242       6904.9 0.0211
2  1  25.7 0.02650 0.02646 0.35513   2440       6870.6 0.0202
2  1  25.7 0.02670 0.02666 0.35513   2256       6352.5 0.0211
2  1  25.7 0.02690 0.02686 0.36559   2326       6362.3 0.0207
2  1  25.7 0.02710 0.02715 0.40064   2228       5561.0 0.0212
2  1  25.7 0.02730 0.02734 0.43553   2268       5207.4 0.0210
2  1  25.7 0.02750 0.02754 0.43553   2228       5115.6 0.0212
2  1  25.7 0.02770 0.02773 0.48100   2342       4869.1 0.0207
2  1  25.7 0.02790 0.02793 0.50790   2338       4603.3 0.0207
2  1  25.7 0.02810 0.02813 0.53034   2300       4336.9 0.0209
2  1  25.7 0.02830 0.02832 0.57189   2296       4014.8 0.0209
2  1  25.7 0.02850 0.02852 0.62034   2410       3885.0 0.0204
2  1  25.7 0.02870 0.02871 0.65894   2232       3387.3 0.0212
2  1  25.7 0.02890 0.02891 0.73798   2320       3143.7 0.0208
2  1  25.7 0.02910 0.02910 0.78945   2296       2908.4 0.0209
2  1  25.7 0.02930 0.02930 0.84092   2256       2682.8 0.0211
2  1  25.7 0.02950 0.02949 0.93333   2302       2466.4 0.0208
2  1  25.7 0.02970 0.02969 1.04790   2300       2194.9 0.0209
2  1  25.7 0.02990 0.02988 1.19016   2258       1897.2 0.0210
2  1  25.7 0.03010 0.03008 1.21000   2134       1763.6 0.0216
2  1  25.7 0.03030 0.03027 1.21000   1904       1573.6 0.0229
2  1  25.7 0.03050 0.03047 1.21000   1656       1368.6 0.0246
2  1  25.7 0.03070 0.03066 1.21000   1576       1302.5 0.0252
2  1  25.7 0.03090 0.03086 1.21000   1500       1239.7 0.0258
2  1  25.7 0.03110 0.03105 1.21000   1370       1132.2 0.0270
2  1  25.7 0.03130 0.03135 1.21000   1234       1019.8 0.0285
2  1  25.7 0.03150 0.03154 1.21000   1184        978.5 0.0291
2  1  25.7 0.03170 0.03174 1.21000   1116        922.3 0.0299
2  1  25.7 0.03190 0.03193 1.21000   1020        843.0 0.0313
2  1  25.7 0.03210 0.03213 1.21000   1098        907.4 0.0302
2  1  25.7 0.03230 0.03232 1.21000   1040        859.5 0.0310
2  1  25.7 0.03250 0.03252 1.21000   1002        828.1 0.0316
2  1  25.7 0.03270 0.03271 1.21000   1008        833.1 0.0315
2  1  25.7 0.03290 0.03291 1.21000    942        778.5 0.0326
2  1  25.7 0.03310 0.03311 1.21000    868        717.4 0.0339
2  1  25.7 0.03330 0.03330 1.21000    882        728.9 0.0337
2  1  25.7 0.03350 0.03350 1.21000    852        704.1 0.0343
2  1  25.7 0.03370 0.03369 1.21000    816        674.4 0.0350
2  1  25.7 0.03390 0.03389 1.21000    776        641.3 0.0359
2  1  25.6 0.03410 0.03408 1.21000    782        646.3 0.0358
2  1  25.6 0.03430 0.03428 1.21000    754        623.1 0.0364
2  1  25.6 0.03450 0.03447 1.21000    728        601.7 0.0371
2  1  25.6 0.03470 0.03467 1.21000    672        555.4 0.0386
2  1  25.6 0.03490 0.03486 1.21000    652        538.8 0.0392
2  1  25.6 0.03510 0.03506 1.21000    642        530.6 0.0395
2  1  25.6 0.03530 0.03525 1.21000    654        540.5 0.0391
2  1  25.6 0.03550 0.03555 1.21000    584        482.6 0.0414
2  1  25.6 0.03570 0.03574 1.21000    522        431.4 0.0438
2  1  25.6 0.03590 0.03594 1.21000    524        433.1 0.0437
2  1  25.6 0.03610 0.03613 1.21000    534        441.3 0.0433
2  1  25.6 0.03630 0.03633 1.21000    506        418.2 0.0445
2  1  25.6 0.03650 0.03652 1.21000    516        426.4 0.0440
2  1  25.6 0.03670 0.03672 1.21000    454        375.2 0.0469
2  1  25.6 0.03690 0.03691 1.21000    442        365.3 0.0476
2  1  25.6 0.03710 0.03711 1.21000    440        363.6 0.0477
2  1  25.6 0.03730 0.03730 1.21000    426        352.1 0.0485
2  1  25.6 0.03750 0.03750 1.21000    394        325.6 0.0504
2  1  25.6 0.03770 0.03770 1.21000    374        309.1 0.0517
2  1  25.6 0.03790 0.03789 1.21000    346        286.0 0.0538
2  1  25.6 0.03810 0.03809 1.21000    340        281.0 0.0542
2  1  25.6 0.03830 0.03828 1.21000    352        290.9 0.0533
2  1  25.6 0.03850 0.03848 1.21000    316        261.2 0.0563
2  1  25.6 0.03870 0.03867 1.21000    330        272.7 0.0550
2  1  25.6 0.03890 0.03887 1.21000    310        256.2 0.0568
2  1  25.6 0.03910 0.03906 1.21000    318        262.8 0.0561
2  1  25.6 0.03930 0.03926 1.21000    276        228.1 0.0602
2  1  25.6 0.03950 0.03945 1.21000    310        256.2 0.0568
2  1  25.6 0.03970 0.03975 1.21000    310        256.2 0.0568
2  1  25.6 0.03990 0.03994 1.21000    278        229.8 0.0600
2  2  25.6 0.00010 0.00010 1.21000   2366       1955.4 0.0206
2  2  25.6 0.00030 0.00029 1.21000   3014       2490.9 0.0182
2  2  25.6 0.00050 0.00049 1.21000   7694       6358.7 0.0114
2  2  25.6 0.00070 0.00068 1.21000  17834      14738.8 0.0075
2  2  25.6 0.00090 0.00088 1.21000  39088      32304.1 0.0051
2  2  25.6 0.00110 0.00107 0.84888  71974      84787.1 0.0037
2  2  25.6 0.00130 0.00127 0.39603  72504     183078.7 0.0037
2  2  25.6 0.00150 0.00146 0.21755  77788     357568.4 0.0036
2  2  25.6 0.00170 0.00166 0.11950  75260     629769.4 0.0036
2  2  25.6 0.00190 0.00186 0.06828  72640    1063915.3 0.0037
2  2  25.6 0.00210 0.00215 0.03751  75556    2014517.2 0.0036
2  2  25.6 0.00230 0.00234 0.02732  71908    2632280.7 0.0037
2  2  25.6 0.00250 0.00254 0.02250  71394    3172891.8 0.0037
2  2  25.6 0.00270 0.00273 0.01978  72514    3665335.9 0.0037
2  2  25.6 0.00290 0.00293 0.01978  78532    3969525.3 0.0036
2  2  25.6 0.00310 0.00313 0.01721  71810    4173608.8 0.0037
2  2  25.6 0.00330 0.00332 0.01721  74138    4308912.6 0.0037
2  2  25.6 0.00350 0.00352 0.01721  75824    4406903.1 0.0036
2  2  25.6 0.00370 0.00371 0.01721  76800    4463628.4 0.0036
2  2  25.6 0.00390 0.00391 0.01721  77466    4502336.5 0.0036
2  2  25.6 0.00410 0.00410 0.01721  77920    4528723.0 0.0036
2  2  25.6 0.00430 0.00430 0.01721  78266    4548832.6 0.0036
2  2  25.6 0.00450 0.00449 0.01721  78452    4559642.9 0.0036
2  2  25.6 0.00470 0.00469 0.01721  78528    4564060.1 0.0036
2  2  25.6 0.00490 0.00488 0.01721  78518    4563478.9 0.0036
2  2  25.6 0.00510 0.00508 0.01721  78384    4555690.8 0.0036
2  2  25.6 0.00530 0.00527 0.01721  78140    4541509.4 0.0036
2  2  25.6 0.00550 0.00547 0.01721  77778    4520469.9 0.0036
2  2  25.6 0.00570 0.00566 0.01721  77172    4485249.1 0.0036
2  2  25.6 0.00590 0.00586 0.01721  76228    4430383.7 0.0036
2  2  25.6 0.00610 0.00605 0.01721  74902    4353316.4 0.0037
2  2  25.6 0.00630 0.00635 0.01721  71688    4166518.2 0.0037
2  2  25.6 0.00650 0.00654 0.01721  68062    3955774.5 0.0038
2  2  25.6 0.00670 0.00674 0.01721  62670    3642390.5 0.0040
2  2  25.6 0.00690 0.00693 0.01721  55492    3225204.0 0.0042
2  2  25.6 0.00710 0.00713 0.01721  47626    2768030.8 0.0046
2  2  25.6 0.00730 0.00732 0.01721  39106    2272847.0 0.0051
2  2  25.6 0.00750 0.00752 0.01721  31078    1806258.4 0.0057
2  2  25.6 0.00770 0.00771 0.01721  25662    1491479.6 0.0062
2  2  25.6 0.00790 0.00791 0.01721  21820    1268181.9 0.0068
2  2  25.6 0.00810 0.00811 0.01721  20152    1171237.5 0.0070
2  2  25.6 0.00830 0.00830 0.01721  18742    1089288.1 0.0073
2  2  25.6 0.00850 0.00850 0.01721  18356    1066853.7 0.0074
2  2  25.6 0.00870 0.00869 0.01721  18236    1059879.3 0.0074
2  2  25.5 0.00890 0.00889 0.01721  17754    1031865.4 0.0075
2  2  25.5 0.00910 0.00908 0.01721  17866    1038374.8 0.0075
2  2  25.5 0.00930 0.00928 0.01721  17814    1035352.6 0.0075
2  2  25.5 0.00950 0.00947 0.01721  17948    1043140.7 0.0075
2  2  25.5 0.00970 0.00967 0.01721  17938    1042559.5 0.0075
2  2  25.5 0.00990 0.00986 0.01721  17896    1040118.4 0.0075
2  2  25.5 0.01010 0.01006 0.01721  17962    1043954.3 0.0075
2  2  25.5 0.01030 0.01025 0.01721  17940    1042675.7 0.0075
2  2  25.5 0.01050 0.01055 0.01721  18062    1049766.4 0.0074
2  2  25.5 0.01070 0.01074 0.01721  18046    1048836.4 0.0074
2  2  25.5 0.01090 0.01094 0.01721  17948    1043140.7 0.0075
2  2  25.5 0.01110 0.01113 0.01721  17908    1040815.9 0.0075
2  2  25.5 0.01130 0.01133 0.01721  17788    1033841.4 0.0075
2  2  25.5 0.01150 0.01152 0.01721  17634    1024890.9 0.0075
2  2  25.5 0.01170 0.01172 0.01721  17560    1020590.0 0.0075
2  2  25.5 0.01190 0.01191 0.01721  17406    1011639.5 0.0076
2  2  25.5 0.01210 0.01211 0.01721  17060     991530.0 0.0077
2  2  25.5 0.01230 0.01230 0.01721  16488     958285.2 0.0078
2  2  25.5 0.01250 0.01250 0.01721  15728     914113.9 0.0080
2  2  25.5 0.01270 0.01270 0.01721  15002     871918.7 0.0082
2  2  25.5 0.01290 0.01289 0.01721  13504     784854.7 0.0086
2  2  25.5 0.01310 0.01309 0.01721  12280     713715.6 0.0090
2  2  25.5 0.01330 0.01328 0.01721  10816     628627.7 0.0096
2  2  25.5 0.01350 0.01348 0.01721   9246     537379.0 0.0104
2  2  25.5 0.01370 0.01367 0.01721   7810     453918.5 0.0113
2  2  25.5 0.01390 0.01387 0.01721   6584     382663.1 0.0123
2  2  25.5 0.01410 0.01406 0.01721   5498     319544.6 0.0135
2  2  25.5 0.01430 0.01426 0.01721   4528     263168.1 0.0149
2  2  25.5 0.01450 0.01445 0.01721   3718     216090.8 0.0164
2  2  25.5 0.01470 0.01475 0.01721   2922     169827.1 0.0185
2  2  25.5 0.01490 0.01494 0.01721   2600     151112.4 0.0196
2  2  25.5 0.01510 0.01514 0.01721   2446     142161.9 0.0202
2  2  25.5 0.01530 0.01533 0.01721   2266     131700.3 0.0210
2  2  25.5 0.01550 0.01553 0.01858   2248     121010.9 0.0211
2  2  25.5 0.01570 0.01572 0.01949   2274     116681.1 0.0210
2  2  25.5 0.01590 0.01592 0.01992   2238     112353.2 0.0211
2  2  25.5 0.01610 0.01611 0.01992   2242     112554.0 0.0211
2  2  25.5 0.01630 0.01631 0.02036   2296     112775.0 0.0209
2  2  25.5 0.01650 0.01650 0.02036   2234     109729.7 0.0212
2  2  25.5 0.01670 0.01670 0.02118   2228     105199.4 0.0212
2  2  25.5 0.01690 0.01689 0.02176   2418     111106.2 0.0203
2  2  25.5 0.01710 0.01709 0.02220   2326     104762.5 0.0207
2  2  25.5 0.01730 0.01729 0.02220   2274     102420.4 0.0210
2  2  25.5 0.01750 0.01748 0.02354   2370     100691.2 0.0205
2  2  25.5 0.01770 0.01768 0.02354   2272      96527.6 0.0210
2  2  25.5 0.01790 0.01787 0.02392   2272      94963.7 0.0210
2  2  25.5 0.01810 0.01807 0.02477   2294      92603.7 0.0209
2  2  25.5 0.01830 0.01826 0.02477   2240      90423.8 0.0211
2  2  25.5 0.01850 0.01846 0.02623   2298      87598.8 0.0209
2  2  25.5 0.01870 0.01865 0.02789   2390      85693.5 0.0205
2  2  25.5 0.01890 0.01895 0.02789   2248      80602.1 0.0211
2  2  25.5 0.01910 0.01914 0.02935   2240      76317.1 0.0211
2  2  25.5 0.01930 0.01934 0.03005   2264      75329.6 0.0210
2  2  25.5 0.01950 0.01953 0.03129   2294      73324.9 0.0209
2  2  25.5 0.01970 0.01973 0.03345   2270      67855.5 0.0210
2  2  25.5 0.01990 0.01992 0.03543   2312      65258.9 0.0208
2  2  25.5 0.02010 0.02012 0.03680   2248      61082.7 0.0211
2  2  25.5 0.02030 0.02031 0.03905   2238      57308.0 0.0211
2  2  25.5 0.02050 0.02051 0.04292   2344      54618.7 0.0207
2  2  25.5 0.02070 0.02070 0.04721   2298      48678.9 0.0209
2  2  25.5 0.02090 0.02090 0.05292   2326      43950.2 0.0207
2  2  25.5 0.02110 0.02109 0.05873   2334      39740.3 0.0207
2  2  25.5 0.02130 0.02129 0.06697   2286      34136.0 0.0209
2  2  25.5 0.02150 0.02148 0.07865   2338      29727.5 0.0207
2  2  25.5 0.02170 0.02168 0.08835   2226      25195.4 0.0212
2  2  25.5 0.02190 0.02188 0.10870   2284      21012.4 0.0209
2  2  25.5 0.02210 0.02207 0.11849   2270      19157.3 0.0210
2  2  25.5 0.02230 0.02227 0.13822   2310      16712.3 0.0208
2  2  25.5 0.02250 0.02246 0.15942   2320      14552.7 0.0208
2  2  25.5 0.02270 0.02266 0.17718   2278      12856.9 0.0210
2  2  25.5 0.02290 0.02285 0.19471   2250      11555.9 0.0211
2  2  25.5 0.02310 0.02314 0.22093   2274      10293.0 0.0210
2  2  25.5 0.02330 0.02334 0.22498   2266      10072.2 0.0210
2  2  25.5 0.02350 0.02354 0.24920   2274       9125.2 0.0210
2  2  25.5 0.02370 0.02373 0.24920   2232       8956.6 0.0212
2  2  25.5 0.02390 0.02393 0.27037   2378       8795.3 0.0205
2  2  25.5 0.02410 0.02412 0.27432   2276       8296.8 0.0210
2  2  25.5 0.02430 0.02432 0.27782   2304       8293.0 0.0208
2  2  25.5 0.02450 0.02451 0.28955   2226       7687.7 0.0212
2  2  25.5 0.02470 0.02471 0.29893   2290       7660.7 0.0209
2  2  25.5 0.02490 0.02490 0.31096   2252       7242.0 0.0211
2  2  25.5 0.02510 0.02510 0.31096   2228       7164.8 0.0212
2  2  25.5 0.02530 0.02529 0.32198   2286       7099.9 0.0209
2  2  25.5 0.02550 0.02549 0.34009   2222       6533.5 0.0212
2  2  25.5 0.02570 0.02568 0.35313   2264       6411.3 0.0210
2  2  25.5 0.02590 0.02588 0.35313   2250       6371.7 0.0211
2  2  25.5 0.02610 0.02607 0.39629   2366       5970.4 0.0206
2  2  25.5 0.02630 0.02627 0.39629   2286       5768.6 0.0209
2  2  25.5 0.02650 0.02646 0.41248   2340       5673.0 0.0207
2  2  25.5 0.02670 0.02666 0.42236   2292       5426.6 0.0209
2  2  25.5 0.02690 0.02686 0.43978   2228       5066.2 0.0212
2  2  25.5 0.02710 0.02715 0.46713   2318       4962.2 0.0208
2  2  25.5 0.02730 0.02734 0.49559   2302       4645.0 0.0208
2  2  25.5 0.02750 0.02754 0.50560   2250       4450.1 0.0211
2  2  25.5 0.02770 0.02773 0.55234   2298       4160.5 0.0209
2  2  25.5 0.02790 0.02793 0.57404   2244       3909.2 0.0211
2  2  25.5 0.02810 0.02813 0.63019   2350       3729.0 0.0206
2  2  25.5 0.02830 0.02832 0.67712   2390       3529.7 0.0205
2  2  25.5 0.02850 0.02852 0.70617   2226       3152.2 0.0212
2  2  25.5 0.02870 0.02871 0.78547   2260       2877.2 0.0210
2  2  25.5 0.02890 0.02891 0.85055   2236       2628.9 0.0211
2  2  25.5 0.02910 0.02910 0.94213   2296       2437.0 0.0209
2  2  25.5 0.02930 0.02930 1.02103   2272       2225.2 0.0210
2  2  25.5 0.02950 0.02949 1.13333   2386       2105.3 0.0205
2  2  25.5 0.02970 0.02969 1.21000   2044       1689.3 0.0221
2  2  25.5 0.02990 0.02988 1.21000   1750       1446.3 0.0239
2  2  25.5 0.03010 0.03008 1.21000   1552       1282.6 0.0254
2  2  25.5 0.03030 0.03027 1.21000   1460       1206.6 0.0262
2  2  25.5 0.03050 0.03047 1.21000   1402       1158.7 0.0267
2  2  25.5 0.03070 0.03066 1.21000   1230       1016.5 0.0285
2  2  25.5 0.03090 0.03086 1.21000   1118        924.0 0.0299
2  2  25.5 0.03110 0.03105 1.21000   1056        872.7 0.0308
2  2  25.5 0.03130 0.03135 1.21000   1004        829.8 0.0316
2  2  25.5 0.03150 0.03154 1.21000    940        776.9 0.0326
2  2  25.5 0.03170 0.03174 1.21000    978        808.3 0.0320
2  2  25.5 0.03190 0.03193 1.21000    890        735.5 0.0335
2  2  25.5 0.03210 0.03213 1.21000    904        747.1 0.0333
2  2  25.5 0.03230 0.03232 1.21000    840        694.2 0.0345
2  2  25.5 0.03250 0.03252 1.21000    764        631.4 0.0362
2  2  25.5 0.03270 0.03271 1.21000    840        694.2 0.0345
2  2  25.5 0.03290 0.03291 1.21000    780        644.6 0.0358
2  2  25.5 0.03310 0.03311 1.21000    790        652.9 0.0356
2  2  25.5 0.03330 0.03330 1.21000    718        593.4 0.0373
2  2  25.5 0.03350 0.03350 1.21000    730        603.3 0.0370
2  2  25.5 0.03370 0.03369 1.21000    698        576.9 0.0379
2  2  25.5 0.03390 0.03389 1.21000    664        548.8 0.0388
2  2  25.5 0.03410 0.03408 1.21000    662        547.1 0.0389
2  2  25.5 0.03430 0.03428 1.21000    668        552.1 0.0387
2  2  25.5 0.03450 0.03447 1.21000    600        495.9 0.0408
2  2  25.5 0.03470 0.03467 1.21000    620        512.4 0.0402
2  2  25.5 0.03490 0.03486 1.21000    570        471.1 0.0419
2  2  25.5 0.03510 0.03506 1.21000    526        434.7 0.0436
2  2  25.5 0.03530 0.03525 1.21000    558        461.2 0.0423
2  2  25.5 0.03550 0.03555 1.21000    528        436.4 0.0435
2  2  25.5 0.03570 0.03574 1.21000    530        438.0 0.0434
2  2  25.5 0.03590 0.03594 1.21000    488        403.3 0.0453
2  2  25.5 0.03610 0.03613 1.21000    436        360.3 0.0479
2  2  25.5 0.03630 0.03633 1.21000    430        355.4 0.0482
2  2  25.5 0.03650 0.03652 1.21000    444        366.9 0.0475
2  2  25.5 0.03670 0.03672 1.21000    390        322.3 0.0506
2  2  25.5 0.03690 0.03691 1.21000    436        360.3 0.0479
2  2  25.5 0.03710 0.03711 1.21000    362        299.2 0.0526
2  2  25.5 0.03730 0.03730 1.21000    372        307.4 0.0518
2  2  25.5 0.03750 0.03750 1.21000    376        310.7 0.0516
2  2  25.5 0.03770 0.03770 1.21000    344        284.3 0.0539
2  2  25.5 0.03790 0.03789 1.21000    330        272.7 0.0550
2  2  25.5 0.03810 0.03809 1.21000    334        276.0 0.0547
2  2  25.5 0.03830 0.03828 1.21000    326        269.4 0.0554
2  2  25.5 0.03850 0.03848 1.21000    308        254.5 0.0570
2  2  25.5 0.03870 0.03867 1.21000    296        244.6 0.0581
2  2  25.5 0.03890 0.03887 1.21000    294        243.0 0.0583
2  2  25.5 0.03910 0.03906 1.21000    268        221.5 0.0611
2  2  25.5 0.03930 0.03926 1.21000    296        244.6 0.0581
2  2  25.5 0.03950 0.03945 1.21000    318        262.8 0.0561
2  2  25.5 0.03970 0.03975 1.21000    286        236.4 0.0591
2  2  25.5 0.03990 0.03994 1.21000    292        241.3 0.0585
2  3  25.5 0.00010 0.00010 1.21000   2386       1971.9 0.0205
2  3  25.5 0.00030 0.00029 1.21000   3144       2598.3 0.0178
2  3  25.5 0.00050 0.00049 1.21000   7858       6494.2 0.0113
2  3  25.5 0.00070 0.00068 1.21000  18162      15009.9 0.0074
2  3  25.5 0.00090 0.00088 1.21000  40720      33652.9 0.0050
2  3  25.5 0.00110 0.00107 0.84695  72562      85674.9 0.0037
2  3  25.5 0.00130 0.00127 0.38629  71498     185086.9 0.0037
2  3  25.5 0.00150 0.00146 0.21220  76410     360083.2 0.0036
2  3  25.5 0.00170 0.00166 0.11657  74250     636971.4 0.0037
2  3  25.5 0.00190 0.00186 0.06767  72358    1069208.2 0.0037
2  3  25.5 0.00210 0.00215 0.03718  74850    2013438.3 0.0037
2  3  25.5 0.00230 0.00234 0.02740  71782    2620137.9 0.0037
2  3  25.5 0.00250 0.00254 0.02268  71612    3156904.6 0.0037
2  3  25.5 0.00270 0.00273 0.01979  72306    3653404.6 0.0037
2  3  25.5 0.00290 0.00293 0.01979  78270    3954747.5 0.0036
2  3  25.5 0.00310 0.00313 0.01726  71598    4147011.5 0.0037
2  3  25.5 0.00330 0.00332 0.01726  73920    4281503.5 0.0037
2  3  25.5 0.00350 0.00352 0.01726  75594    4378462.9 0.0036
2  3  25.5 0.00370 0.00371 0.01726  76622    4438005.5 0.0036
2  3  25.5 0.00390 0.00391 0.01726  77330    4479013.4 0.0036
2  3  25.5 0.00410 0.00410 0.01726  77822    4507510.4 0.0036
2  3  25.5 0.00430 0.00430 0.01726  78156    4526855.9 0.0036
2  3  25.5 0.00450 0.00449 0.01726  78354    4538324.3 0.0036
2  3  25.5 0.00470 0.00469 0.01726  78430    4542726.2 0.0036
2  3  25.5 0.00490 0.00488 0.01726  78426    4542494.6 0.0036
2  3  25.5 0.00510 0.00508 0.01726  78320    4536354.9 0.0036
2  3  25.5 0.00530 0.00527 0.01726  78098    4523496.5 0.0036
2  3  25.5 0.00550 0.00547 0.01726  77720    4501602.5 0.0036
2  3  25.5 0.00570 0.00566 0.01726  77178    4470209.4 0.0036
2  3  25.5 0.00590 0.00586 0.01726  76240    4415879.7 0.0036
2  3  25.5 0.00610 0.00605 0.01726  74942    4340698.6 0.0037
2  3  25.5 0.00630 0.00635 0.01726  71820    4159869.9 0.0037
2  3  25.5 0.00650 0.00654 0.01726  68596    3973133.4 0.0038
2  3  25.5 0.00670 0.00674 0.01726  63316    3667311.7 0.0040
2  3  25.5 0.00690 0.00693 0.01726  56938    3297893.0 0.0042
2  3  25.5 0.00710 0.00713 0.01726  49416    2862212.9 0.0045
2  3  25.5 0.00730 0.00732 0.01726  41556    2406955.6 0.0049
2  3  25.5 0.00750 0.00752 0.01726  34526    1999772.6 0.0054
2  3  25.5 0.00770 0.00771 0.01726  29556    1711906.4 0.0058
2  3  25.5 0.00790 0.00791 0.01726  25870    1498410.4 0.0062
2  3  25.5 0.00810 0.00811 0.01726  24616    1425777.8 0.0064
2  3  25.5 0.00830 0.00830 0.01726  23530    1362875.8 0.0065
2  3  25.5 0.00850 0.00850 0.01726  22470    1301479.8 0.0067
2  3  25.5 0.00870 0.00869 0.01726  22210    1286420.4 0.0067
2  3  25.5 0.00890 0.00889 0.01726  22974    1330671.8 0.0066
2  3  25.5 0.00910 0.00908 0.01726  22392    1296962.0 0.0067
2  3  25.5 0.00930 0.00928 0.01726  22610    1309588.7 0.0067
2  3  25.5 0.00950 0.00947 0.01726  22844    1323142.1 0.0066
2  3  25.5 0.00970 0.00967 0.01726  22864    1324300.6 0.0066
2  3  25.5 0.00990 0.00986 0.01726  22346    1294297.6 0.0067
2  3  25.5 0.01010 0.01006 0.01726  21924    1269855.0 0.0068
2  3  25.5 0.01030 0.01025 0.01726  21970    1272519.4 0.0067
2  3  25.5 0.01050 0.01055 0.01726  22038    1276458.0 0.0067
2  3  25.5 0.01070 0.01074 0.01726  22354    1294761.0 0.0067
2  3  25.5 0.01090 0.01094 0.01726  21788    1261977.8 0.0068
2  3  25.5 0.01110 0.01113 0.01726  22288    1290938.2 0.0067
2  3  25.5 0.01130 0.01133 0.01726  22644    1311558.0 0.0066
2  3  25.5 0.01150 0.01152 0.01726  21878    1267190.7 0.0068
2  3  25.5 0.01170 0.01172 0.01726  22068    1278195.6 0.0067
2  3  25.5 0.01190 0.01191 0.01726  21572    1249466.9 0.0068
2  3  25.5 0.01210 0.01211 0.01726  21640    1253405.5 0.0068
2  3  25.5 0.01230 0.01230 0.01726  21002    1216452.1 0.0069
2  3  25.5 0.01250 0.01250 0.01726  20452    1184595.7 0.0070
2  3  25.5 0.01270 0.01270 0.01726  19510    1130034.3 0.0072
2  3  25.5 0.01290 0.01289 0.01726  18590    1076747.2 0.0073
2  3  25.5 0.01310 0.01309 0.01726  17198     996121.5 0.0076
2  3  25.5 0.01330 0.01328 0.01726  15454     895107.6 0.0080
2  3  25.5 0.01350 0.01348 0.01726  13462     779729.4 0.0086
2  3  25.5 0.01370 0.01367 0.01726  11634     673850.3 0.0093
2  3  25.5 0.01390 0.01387 0.01726   9676     560441.4 0.0102
2  3  25.5 0.01410 0.01406 0.01726   8328     482364.2 0.0110
2  3  25.5 0.01430 0.01426 0.01726   7046     408109.8 0.0119
2  3  25.5 0.01450 0.01445 0.01726   5866     339763.3 0.0131
2  3  25.5 0.01470 0.01475 0.01726   5006     289951.4 0.0141
2  3  25.5 0.01490 0.01494 0.01726   4278     247785.1 0.0153
2  3  25.5 0.01510 0.01514 0.01726   3920     227049.4 0.0160
2  3  25.5 0.01530 0.01533 0.01726   3572     206893.0 0.0167
2  3  25.5 0.01550 0.01553 0.01726   3500     202722.7 0.0169
2  3  25.5 0.01570 0.01572 0.01726   3282     190096.0 0.0175
2  3  25.5 0.01590 0.01592 0.01726   3188     184651.4 0.0177
2  3  25.5 0.01610 0.01611 0.01726   3020     174920.7 0.0182
2  3  25.5 0.01630 0.01631 0.01726   3096     179322.7 0.0180
2  3  25.5 0.01650 0.01650 0.01726   3020     174920.7 0.0182
2  3  25.5 0.01670 0.01670 0.01726   2876     166580.1 0.0186
2  3  25.5 0.01690 0.01689 0.01726   2828     163799.9 0.0188
2  3  25.5 0.01710 0.01709 0.01726   2748     159166.3 0.0191
2  3  25.5 0.01730 0.01729 0.01726   2736     158471.2 0.0191
2  3  25.5 0.01750 0.01748 0.01726   2540     147118.8 0.0198
2  3  25.5 0.01770 0.01768 0.01726   2604     150825.7 0.0196
2  3  25.5 0.01790 0.01787 0.01726   2472     143180.2 0.0201
2  3  25.5 0.01810 0.01807 0.01726   2528     146423.7 0.0199
2  3  25.5 0.01830 0.01826 0.01726   2346     135882.1 0.0206
2  3  25.5 0.01850 0.01846 0.01726   2418     140052.4 0.0203
2  3  25.5 0.01870 0.01865 0.01726   2280     132059.4 0.0209
2  3  25.5 0.01890 0.01895 0.01726   2230     129163.3 0.0212
2  3  25.5 0.01910 0.01914 0.01813   2250     124104.8 0.0211
2  3  25.5 0.01930 0.01934 0.01897   2312     121900.2 0.0208
2  3  25.5 0.01950 0.01953 0.01969   2246     114075.5 0.0211
2  3  25.5 0.01970 0.01973 0.02073   2272     109594.4 0.0210
2  3  25.5 0.01990 0.01992 0.02287   2350     102732.5 0.0206
2  3  25.5 0.02010 0.02012 0.02287   2264      98973.0 0.0210
2  3  25.5 0.02030 0.02031 0.02413   2246      93060.3 0.0211
2  3  25.5 0.02050 0.02051 0.02698   2270      84149.7 0.0210
2  3  25.5 0.02070 0.02070 0.02822   2226      78879.2 0.0212
2  3  25.5 0.02090 0.02090 0.03110   2268      72916.7 0.0210
2  3  25.5 0.02110 0.02109 0.03548   2370      66800.1 0.0205
2  3  25.5 0.02130 0.02129 0.03880   2248      57943.5 0.0211
2  3  25.5 0.02150 0.02148 0.04234   2338      55218.7 0.0207
2  3  25.5 0.02170 0.02168 0.04941   2222      44968.6 0.0212
2  3  25.5 0.02190 0.02188 0.05772   2244      38879.6 0.0211
2  3  25.5 0.02210 0.02207 0.06528   2320      35541.4 0.0208
2  3  25.5 0.02230 0.02227 0.07348   2280      31030.2 0.0209
2  3  25.5 0.02250 0.02246 0.08512   2284      26831.8 0.0209
2  3  25.5 0.02270 0.02266 0.09414   2294      24368.6 0.0209
2  3  25.5 0.02290 0.02285 0.10335   2296      22216.5 0.0209
2  3  25.5 0.02310 0.02314 0.12163   2354      19353.9 0.0206
2  3  25.5 0.02330 0.02334 0.12821   2290      17861.7 0.0209
2  3  25.5 0.02350 0.02354 0.13709   2288      16689.6 0.0209
2  3  25.5 0.02370 0.02373 0.13935   2222      15945.6 0.0212
2  3  25.5 0.02390 0.02393 0.14992   2302      15355.0 0.0208
2  3  25.5 0.02410 0.02412 0.14992   2224      14834.7 0.0212
2  3  25.5 0.02430 0.02432 0.16053   2240      13954.0 0.0211
2  3  25.5 0.02450 0.02451 0.16053   2268      14128.4 0.0210
2  3  25.5 0.02470 0.02471 0.17324   2238      12918.8 0.0211
2  3  25.5 0.02490 0.02490 0.17324   2232      12884.2 0.0212
2  3  25.5 0.02510 0.02510 0.18668   2286      12245.7 0.0209
2  3  25.5 0.02530 0.02529 0.18668   2234      11967.1 0.0212
2  3  25.5 0.02550 0.02549 0.19752   2312      11705.0 0.0208
2  3  25.5 0.02570 0.02568 0.19752   2230      11289.8 0.0212
2  3  25.5 0.02590 0.02588 0.20860   2300      11025.8 0.0209
2  3  25.5 0.02610 0.02607 0.22199   2274      10243.8 0.0210
2  3  25.5 0.02630 0.02627 0.23022   2320      10077.3 0.0208
2  3  25.5 0.02650 0.02646 0.24358   2236       9179.6 0.0211
2  3  25.5 0.02670 0.02666 0.25971   2374       9140.9 0.0205
2  3  25.5 0.02690 0.02686 0.25971   2344       9025.4 0.0207
2  3  25.5 0.02710 0.02715 0.27344   2276       8323.6 0.0210
2  3  25.5 0.02730 0.02734 0.28660   2250       7850.8 0.0211
2  3  25.5 0.02750 0.02754 0.31600   2332       7379.7 0.0207
2  3  25.5 0.02770 0.02773 0.31686   2280       7195.6 0.0209
2  3  25.5 0.02790 0.02793 0.35040   2260       6449.8 0.0210
2  3  25.5 0.02810 0.02813 0.35040   2224       6347.0 0.0212
2  3  25.5 0.02830 0.02832 0.38204   2228       5831.9 0.0212
2  3  25.5 0.02850 0.02852 0.41896   2270       5418.1 0.0210
2  3  25.5 0.02870 0.02871 0.44079   2282       5177.1 0.0209
2  3  25.5 0.02890 0.02891 0.48652   2318       4764.4 0.0208
2  3  25.5 0.02910 0.02910 0.52225   2318       4438.5 0.0208
2  3  25.5 0.02930 0.02930 0.57264   2224       3883.8 0.0212
2  3  25.5 0.02950 0.02949 0.63197   2290       3623.6 0.0209
2  3  25.5 0.02970 0.02969 0.69973   2268       3241.2 0.0210
2  3  25.5 0.02990 0.02988 0.77288   2244       2903.4 0.0211
2  3  25.5 0.03010 0.03008 0.83937   2288       2725.9 0.0209
2  3  25.5 0.03030 0.03027 0.93531   2304       2463.4 0.0208
2  3  25.5 0.03050 0.03047 0.99820   2318       2322.2 0.0208
2  3  25.5 0.03070 0.03066 1.09891   2224       2023.8 0.0212
2  3  25.5 0.03090 0.03086 1.19236   2258       1893.7 0.0210
2  3  25.5 0.03110 0.03105 1.21000   2086       1724.0 0.0219
2  3  25.5 0.03130 0.03135 1.21000   1806       1492.6 0.0235
2  3  25.5 0.03150 0.03154 1.21000   1710       1413.2 0.0242
2  3  25.5 0.03170 0.03174 1.21000   1692       1398.3 0.0243
2  3  25.5 0.03190 0.03193 1.21000   1548       1279.3 0.0254
2  3  25.5 0.03210 0.03213 1.21000   1510       1247.9 0.0257
2  3  25.5 0.03230 0.03232 1.21000   1426       1178.5 0.0265
2  3  25.5 0.03250 0.03252 1.21000   1446       1195.0 0.0263
2  3  25.5 0.03270 0.03271 1.21000   1348       1114.0 0.0272
2  3  25.5 0.03290 0.03291 1.21000   1312       1084.3 0.0276
2  3  25.5 0.03310 0.03311 1.21000   1216       1005.0 0.0287
2  3  25.5 0.03330 0.03330 1.21000   1216       1005.0 0.0287
2  3  25.5 0.03350 0.03350 1.21000   1190        983.5 0.0290
2  3  25.5 0.03370 0.03369 1.21000   1148        948.8 0.0295
2  3  25.5 0.03390 0.03389 1.21000   1046        864.5 0.0309
2  3  25.5 0.03410 0.03408 1.21000   1108        915.7 0.0300
2  3  25.5 0.03430 0.03428 1.21000   1000        826.4 0.0316
2  3  25.5 0.03450 0.03447 1.21000   1010        834.7 0.0315
2  3  25.5 0.03470 0.03467 1.21000    954        788.4 0.0324
2  3  25.5 0.03490 0.03486 1.21000    908        750.4 0.0332
2  3  25.5 0.03510 0.03506 1.21000    906        748.8 0.0332
2  3  25.5 0.03530 0.03525 1.21000    842        695.9 0.0345
2  3  25.5 0.03550 0.03555 1.21000    878        725.6 0.0337
2  3  25.5 0.03570 0.03574 1.21000    776        641.3 0.0359
2  3  25.5 0.03590 0.03594 1.21000    776        641.3 0.0359
2  3  25.5 0.03610 0.03613 1.21000    726        600.0 0.0371
2  3  25.5 0.03630 0.03633 1.21000    640        528.9 0.0395
2  3  25.5 0.03650 0.03652 1.21000    648        535.5 0.0393
2  3  25.5 0.03670 0.03672 1.21000    694        573.6 0.0380
2  3  25.5 0.03690 0.03691 1.21000    600        495.9 0.0408
2  3  25.5 0.03710 0.03711 1.21000    556        459.5 0.0424
2  3  25.5 0.03730 0.03730 1.21000    522        431.4 0.0438
2  3  25.5 0.03750 0.03750 1.21000    530        438.0 0.0434
2  3  25.5 0.03770 0.03770 1.21000    480        396.7 0.0456
2  3  25.5 0.03790 0.03789 1.21000    490        405.0 0.0452
2  3  25.5 0.03810 0.03809 1.21000    452        373.6 0.0470
2  3  25.5 0.03830 0.03828 1.21000    404        333.9 0.0498
2  3  25.5 0.03850 0.03848 1.21000    386        319.0 0.0509
2  3  25.5 0.03870 0.03867 1.21000    380        314.0 0.0513
2  3  25.5 0.03890 0.03887 1.21000    430        355.4 0.0482
2  3  25.5 0.03910 0.03906 1.21000    346        286.0 0.0538
2  3  25.5 0.03930 0.03926 1.21000    398        328.9 0.0501
2  3  25.5 0.03950 0.03945 1.21000    356        294.2 0.0530
2  3  25.5 0.03970 0.03975 1.21000    334        276.0 0.0547
2  3  25.5 0.03990 0.03994 1.21000    300        247.9 0.0577
