# Scan Time    : Fri, 18 Mar 2022 11:21:08 +0000 (GMT) +398327000 nsec
# Board Lane   : 7
# Board Loc    : BTOF - Northwest
# SiPM Biases  :  56.797  56.760  56.710  56.777
# SiPM Currents:   1.298   1.213   1.232   1.917
#
0 -1  26.9 0.00010 0.00010 1.21000      4          3.3 0.5000
0 -1  26.9 0.00030 0.00029 1.21000      6          5.0 0.4082
0 -1  26.9 0.00050 0.00049 1.21000      6          5.0 0.4082
0 -1  26.9 0.00070 0.00068 1.21000     10          8.3 0.3162
0 -1  26.9 0.00090 0.00088 1.21000      6          5.0 0.4082
0 -1  26.9 0.00110 0.00107 1.21000     12          9.9 0.2887
0 -1  26.9 0.00130 0.00127 1.21000     14         11.6 0.2673
0 -1  26.9 0.00150 0.00146 1.21000     12          9.9 0.2887
0 -1  26.9 0.00170 0.00166 1.21000     14         11.6 0.2673
0 -1  26.9 0.00190 0.00186 1.21000     18         14.9 0.2357
0 -1  26.9 0.00210 0.00215 1.21000     18         14.9 0.2357
0 -1  26.9 0.00230 0.00234 1.21000     20         16.5 0.2236
0 -1  26.9 0.00250 0.00254 1.21000     18         14.9 0.2357
0 -1  26.9 0.00270 0.00273 1.21000     30         24.8 0.1826
0 -1  26.9 0.00290 0.00293 1.21000     24         19.8 0.2041
0 -1  26.9 0.00310 0.00313 1.21000     30         24.8 0.1826
0 -1  26.9 0.00330 0.00332 1.21000     30         24.8 0.1826
0 -1  26.9 0.00350 0.00352 1.21000     36         29.8 0.1667
0 -1  26.9 0.00370 0.00371 1.21000     30         24.8 0.1826
0 -1  26.9 0.00390 0.00391 1.21000     36         29.8 0.1667
0 -1  26.9 0.00410 0.00410 1.21000     46         38.0 0.1474
0 -1  26.9 0.00430 0.00430 1.21000     46         38.0 0.1474
0 -1  26.9 0.00450 0.00449 1.21000     54         44.6 0.1361
0 -1  26.9 0.00470 0.00469 1.21000     64         52.9 0.1250
0 -1  26.9 0.00490 0.00488 1.21000     60         49.6 0.1291
0 -1  26.9 0.00510 0.00508 1.21000     76         62.8 0.1147
0 -1  26.9 0.00530 0.00527 1.21000    110         90.9 0.0953
0 -1  26.9 0.00550 0.00547 1.21000    170        140.5 0.0767
0 -1  26.9 0.00570 0.00566 1.21000    332        274.4 0.0549
0 -1  26.9 0.00590 0.00586 1.21000    772        638.0 0.0360
0 -1  26.9 0.00610 0.00605 1.21000   1844       1524.0 0.0233
0 -1  26.9 0.00630 0.00635 1.21000   6714       5548.8 0.0122
0 -1  26.9 0.00650 0.00654 1.21000  15784      13044.6 0.0080
0 -1  26.9 0.00670 0.00674 1.21000  36160      29884.3 0.0053
0 -1  26.9 0.00690 0.00693 1.21000  78526      64897.5 0.0036
0 -1  26.9 0.00710 0.00713 0.53357  72436     135756.6 0.0037
0 -1  26.9 0.00730 0.00732 0.26153  72144     275858.5 0.0037
0 -1  26.9 0.00750 0.00752 0.14366  77600     540155.4 0.0036
0 -1  26.9 0.00770 0.00771 0.07892  77988     988224.4 0.0036
0 -1  26.9 0.00790 0.00791 0.04335  75006    1730193.2 0.0037
0 -1  26.9 0.00810 0.00811 0.02582  71052    2751809.9 0.0038
0 -1  26.9 0.00830 0.00830 0.01693  71472    4220931.8 0.0037
0 -1  26.9 0.00850 0.00850 0.01268  71856    5664983.3 0.0037
0 -1  26.9 0.00870 0.00869 0.01004  72122    7186730.2 0.0037
0 -1  26.9 0.00890 0.00889 0.00841  71704    8525665.7 0.0037
0 -1  26.9 0.00910 0.00908 0.00744  71826    9649682.2 0.0037
0 -1  26.9 0.00930 0.00928 0.00744  78014   10481027.8 0.0036
0 -1  26.9 0.00950 0.00947 0.00644  72180   11201391.3 0.0037
0 -1  26.9 0.00970 0.00967 0.00644  75352   11693644.2 0.0036
0 -1  26.9 0.00990 0.00986 0.00644  77934   12094336.8 0.0036
0 -1  26.9 0.01010 0.01006 0.00644  79794   12382984.4 0.0035
0 -1  26.9 0.01030 0.01025 0.00572  72812   12728224.5 0.0037
0 -1  26.9 0.01050 0.01055 0.00572  74250   12979600.5 0.0037
0 -1  26.9 0.01070 0.01074 0.00572  74792   13074347.2 0.0037
0 -1  26.9 0.01090 0.01094 0.00572  75048   13119098.4 0.0037
0 -1  26.9 0.01110 0.01113 0.00572  75134   13134132.0 0.0036
0 -1  26.9 0.01130 0.01133 0.00572  74810   13077493.8 0.0037
0 -1  26.9 0.01150 0.01152 0.00572  74166   12964916.5 0.0037
0 -1  26.9 0.01170 0.01172 0.00572  72844   12733818.4 0.0037
0 -1  26.9 0.01190 0.01191 0.00572  71096   12428251.6 0.0038
0 -1  26.9 0.01210 0.01211 0.00572  68442   11964307.3 0.0038
0 -1  26.9 0.01230 0.01230 0.00572  64842   11334993.3 0.0039
0 -1  26.9 0.01250 0.01250 0.00572  60110   10507795.1 0.0041
0 -1  26.9 0.01270 0.01270 0.00572  54318    9495298.9 0.0043
0 -1  26.9 0.01290 0.01289 0.00572  48236    8432107.9 0.0046
0 -1  26.9 0.01310 0.01309 0.00572  42788    7479746.1 0.0048
0 -1  26.9 0.01330 0.01328 0.00572  38312    6697299.1 0.0051
0 -1  26.9 0.01350 0.01348 0.00572  35254    6162731.8 0.0053
0 -1  26.9 0.01370 0.01367 0.00572  32822    5737595.3 0.0055
0 -1  26.9 0.01390 0.01387 0.00572  31948    5584811.8 0.0056
0 -1  26.9 0.01410 0.01406 0.00572  30996    5418393.2 0.0057
0 -1  26.9 0.01430 0.01426 0.00572  30674    5362104.6 0.0057
0 -1  26.9 0.01450 0.01445 0.00572  30220    5282741.1 0.0058
0 -1  26.9 0.01470 0.01475 0.00572  30104    5262463.2 0.0058
0 -1  26.9 0.01490 0.01494 0.00572  29828    5214215.8 0.0058
0 -1  26.9 0.01510 0.01514 0.00572  29686    5189392.9 0.0058
0 -1  26.9 0.01530 0.01533 0.00572  29518    5160024.9 0.0058
0 -1  26.9 0.01550 0.01553 0.00572  29694    5190791.3 0.0058
0 -1  26.9 0.01570 0.01572 0.00572  29596    5173660.0 0.0058
0 -1  26.9 0.01590 0.01592 0.00572  29300    5121916.4 0.0058
0 -1  26.9 0.01610 0.01611 0.00572  29336    5128209.6 0.0058
0 -1  26.9 0.01630 0.01631 0.00572  29354    5131356.1 0.0058
0 -1  26.9 0.01650 0.01650 0.00572  29390    5137649.3 0.0058
0 -1  26.9 0.01670 0.01670 0.00572  29114    5089401.9 0.0059
0 -1  26.9 0.01690 0.01689 0.00572  29344    5129608.0 0.0058
0 -1  26.9 0.01710 0.01709 0.00572  29502    5157227.9 0.0058
0 -1  26.9 0.01730 0.01729 0.00572  29186    5101988.2 0.0059
0 -1  26.9 0.01750 0.01748 0.00572  29090    5085206.4 0.0059
0 -1  26.9 0.01770 0.01768 0.00572  29054    5078913.3 0.0059
0 -1  26.9 0.01790 0.01787 0.00572  29042    5076815.6 0.0059
0 -1  26.9 0.01810 0.01807 0.00572  28950    5060733.1 0.0059
0 -1  26.9 0.01830 0.01826 0.00572  28998    5069124.0 0.0059
0 -1  26.9 0.01850 0.01846 0.00572  28638    5006192.6 0.0059
0 -1  26.9 0.01870 0.01865 0.00572  28590    4997801.7 0.0059
0 -1  26.9 0.01890 0.01895 0.00572  28684    5014233.8 0.0059
0 -1  26.9 0.01910 0.01914 0.00572  28446    4972629.2 0.0059
0 -1  26.9 0.01930 0.01934 0.00572  28368    4958994.0 0.0059
0 -1  26.9 0.01950 0.01953 0.00572  27802    4860051.9 0.0060
0 -1  26.9 0.01970 0.01973 0.00572  27246    4762857.9 0.0061
0 -1  26.9 0.01990 0.01992 0.00572  26590    4648182.9 0.0061
0 -1  26.9 0.02010 0.02012 0.00572  25606    4476170.4 0.0062
0 -1  26.9 0.02030 0.02031 0.00572  24602    4300661.7 0.0064
0 -1  26.9 0.02050 0.02051 0.00572  23164    4049285.7 0.0066
0 -1  26.9 0.02070 0.02070 0.00572  21460    3751410.5 0.0068
0 -1  26.9 0.02090 0.02090 0.00572  20120    3517165.8 0.0070
0 -1  26.9 0.02110 0.02109 0.00572  18452    3225583.7 0.0074
0 -1  26.9 0.02130 0.02129 0.00572  16750    2928058.0 0.0077
0 -1  26.9 0.02150 0.02148 0.00572  15342    2681926.3 0.0081
0 -1  26.9 0.02170 0.02168 0.00572  13996    2446632.8 0.0085
0 -1  26.9 0.02190 0.02188 0.00572  12832    2243154.7 0.0088
0 -1  26.9 0.02210 0.02207 0.00572  11648    2036180.3 0.0093
0 -1  26.9 0.02230 0.02227 0.00572  11006    1923952.6 0.0095
0 -1  26.9 0.02250 0.02246 0.00572  10346    1808578.4 0.0098
0 -1  26.9 0.02270 0.02266 0.00572   9744    1703343.1 0.0101
0 -1  26.9 0.02290 0.02285 0.00572   9422    1647054.5 0.0103
0 -1  26.9 0.02310 0.02314 0.00572   9124    1594961.3 0.0105
0 -1  26.9 0.02330 0.02334 0.00572   8784    1535526.1 0.0107
0 -1  26.9 0.02350 0.02354 0.00572   8370    1463155.0 0.0109
0 -1  26.9 0.02370 0.02373 0.00572   8386    1465951.9 0.0109
0 -1  26.9 0.02390 0.02393 0.00572   8146    1423997.7 0.0111
0 -1  26.9 0.02410 0.02412 0.00572   8196    1432738.1 0.0110
0 -1  26.9 0.02430 0.02432 0.00572   7922    1384840.3 0.0112
0 -1  26.9 0.02450 0.02451 0.00572   7794    1362464.7 0.0113
0 -1  26.9 0.02470 0.02471 0.00572   7800    1363513.6 0.0113
0 -1  26.9 0.02490 0.02490 0.00572   7548    1319461.6 0.0115
0 -1  26.9 0.02510 0.02510 0.00572   7392    1292191.3 0.0116
0 -1  26.9 0.02530 0.02529 0.00572   7310    1277857.0 0.0117
0 -1  26.9 0.02550 0.02549 0.00572   7068    1235553.1 0.0119
0 -1  26.9 0.02570 0.02568 0.00572   7000    1223666.0 0.0120
0 -1  26.9 0.02590 0.02588 0.00572   6924    1210380.5 0.0120
0 -1  26.9 0.02610 0.02607 0.00572   6782    1185557.6 0.0121
0 -1  26.9 0.02630 0.02627 0.00572   6628    1158636.9 0.0123
0 -1  26.9 0.02650 0.02646 0.00572   6474    1131716.3 0.0124
0 -1  26.9 0.02670 0.02666 0.00572   6306    1102348.3 0.0126
0 -1  26.9 0.02690 0.02686 0.00572   6138    1072980.3 0.0128
0 -1  26.9 0.02710 0.02715 0.00572   5898    1031026.0 0.0130
0 -1  26.9 0.02730 0.02734 0.00572   5800    1013894.7 0.0131
0 -1  26.9 0.02750 0.02754 0.00572   5692     995015.3 0.0133
0 -1  26.9 0.02770 0.02773 0.00572   5558     971590.8 0.0134
0 -1  26.9 0.02790 0.02793 0.00572   5336     932783.1 0.0137
0 -1  26.9 0.02810 0.02813 0.00572   5184     906212.1 0.0139
0 -1  26.9 0.02830 0.02832 0.00572   5022     877893.0 0.0141
0 -1  26.9 0.02850 0.02852 0.00572   4762     832442.5 0.0145
0 -1  26.9 0.02870 0.02871 0.00572   4660     814612.0 0.0146
0 -1  26.9 0.02890 0.02891 0.00572   4308     753079.0 0.0152
0 -1  26.9 0.02910 0.02910 0.00572   4406     770210.4 0.0151
0 -1  26.9 0.02930 0.02930 0.00572   4180     730703.4 0.0155
0 -1  26.9 0.02950 0.02949 0.00572   3976     695042.3 0.0159
0 -1  26.9 0.02970 0.02969 0.00572   3678     642949.1 0.0165
0 -1  26.9 0.02990 0.02988 0.00572   3632     634907.9 0.0166
0 -1  26.9 0.03010 0.03008 0.00572   3398     594002.5 0.0172
0 -1  26.9 0.03030 0.03027 0.00572   3192     557991.7 0.0177
0 -1  26.9 0.03050 0.03047 0.00572   2958     517086.3 0.0184
0 -1  26.9 0.03070 0.03066 0.00572   2764     483173.3 0.0190
0 -1  26.9 0.03090 0.03086 0.00572   2688     469887.8 0.0193
0 -1  26.9 0.03110 0.03105 0.00572   2452     428632.7 0.0202
0 -1  26.9 0.03130 0.03135 0.00584   2280     390314.4 0.0209
0 -1  26.9 0.03150 0.03154 0.00603   2288     379344.6 0.0209
0 -1  26.9 0.03170 0.03174 0.00660   2236     338662.1 0.0211
0 -1  26.9 0.03190 0.03193 0.00695   2270     326467.2 0.0210
0 -1  26.9 0.03210 0.03213 0.00726   2254     310452.5 0.0211
0 -1  26.9 0.03230 0.03232 0.00770   2292     297501.0 0.0209
0 -1  26.9 0.03250 0.03252 0.00812   2318     285439.3 0.0208
0 -1  26.9 0.03270 0.03271 0.00812   2278     280513.7 0.0210
0 -1  26.9 0.03290 0.03291 0.00863   2314     268275.7 0.0208
0 -1  26.9 0.03310 0.03311 0.00899   2262     251493.7 0.0210
0 -1  26.9 0.03330 0.03330 0.00899   2264     251716.1 0.0210
0 -1  26.9 0.03350 0.03350 0.00968   2248     232164.8 0.0211
0 -1  26.9 0.03370 0.03369 0.00978   2228     227823.0 0.0212
0 -1  26.9 0.03390 0.03389 0.01033   2340     226527.6 0.0207
0 -1  26.9 0.03410 0.03408 0.01033   2270     219751.1 0.0210
0 -1  26.9 0.03430 0.03428 0.01094   2318     211875.2 0.0208
0 -1  26.9 0.03450 0.03447 0.01094   2240     204745.6 0.0211
0 -1  26.9 0.03470 0.03467 0.01117   2226     199260.7 0.0212
0 -1  26.9 0.03490 0.03486 0.01156   2224     192451.6 0.0212
0 -1  26.9 0.03510 0.03506 0.01238   2348     189640.8 0.0206
0 -1  26.9 0.03530 0.03525 0.01239   2226     179625.4 0.0212
0 -1  26.9 0.03550 0.03555 0.01325   2256     170245.7 0.0211
0 -1  26.9 0.03570 0.03574 0.01325   2230     168283.6 0.0212
0 -1  26.9 0.03590 0.03594 0.01325   2222     167679.9 0.0212
0 -1  26.9 0.03610 0.03613 0.01448   2270     156808.6 0.0210
0 -1  26.9 0.03630 0.03633 0.01517   2348     154751.1 0.0206
0 -1  26.9 0.03650 0.03652 0.01517   2234     147237.7 0.0212
0 -1  26.9 0.03670 0.03672 0.01544   2230     144460.5 0.0212
0 -1  26.9 0.03690 0.03691 0.01667   2304     138203.0 0.0208
0 -1  26.9 0.03710 0.03711 0.01742   2264     129936.4 0.0210
0 -1  26.9 0.03730 0.03730 0.01779   2290     128721.6 0.0209
0 -1  26.9 0.03750 0.03750 0.01872   2232     119250.4 0.0212
0 -1  26.9 0.03770 0.03770 0.01917   2330     121573.0 0.0207
0 -1  26.9 0.03790 0.03789 0.01984   2278     114798.0 0.0210
0 -1  26.9 0.03810 0.03809 0.02104   2284     108573.5 0.0209
0 -1  26.9 0.03830 0.03828 0.02166   2332     107672.4 0.0207
0 -1  26.9 0.03850 0.03848 0.02329   2276      97708.9 0.0210
0 -1  26.9 0.03870 0.03867 0.02336   2222      95133.1 0.0212
0 -1  26.9 0.03890 0.03887 0.02616   2272      86854.8 0.0210
0 -1  26.9 0.03910 0.03906 0.02616   2310      88307.4 0.0208
0 -1  26.9 0.03930 0.03926 0.02746   2262      82376.3 0.0210
0 -1  26.9 0.03950 0.03945 0.02945   2354      79919.9 0.0206
0 -1  26.9 0.03970 0.03975 0.03038   2226      73261.4 0.0212
0 -1  26.9 0.03990 0.03994 0.03270   2222      67955.6 0.0212
0  0  26.9 0.00010 0.00010 1.21000      2          1.7 0.7071
0  0  26.9 0.00030 0.00029 1.21000      2          1.7 0.7071
0  0  26.9 0.00050 0.00049 1.21000      0          0.0 999.9990
0  0  26.9 0.00070 0.00068 1.21000      0          0.0 999.9990
0  0  26.9 0.00090 0.00088 1.21000      6          5.0 0.4082
0  0  26.9 0.00110 0.00107 1.21000      0          0.0 999.9990
0  0  26.9 0.00130 0.00127 1.21000      2          1.7 0.7071
0  0  26.9 0.00150 0.00146 1.21000      2          1.7 0.7071
0  0  26.9 0.00170 0.00166 1.21000      0          0.0 999.9990
0  0  26.9 0.00190 0.00186 1.21000      0          0.0 999.9990
0  0  26.9 0.00210 0.00215 1.21000      0          0.0 999.9990
0  0  26.9 0.00230 0.00234 1.21000      6          5.0 0.4082
0  0  26.9 0.00250 0.00254 1.21000      4          3.3 0.5000
0  0  26.9 0.00270 0.00273 1.21000      6          5.0 0.4082
0  0  26.9 0.00290 0.00293 1.21000      8          6.6 0.3536
0  0  26.9 0.00310 0.00313 1.21000      6          5.0 0.4082
0  0  26.9 0.00330 0.00332 1.21000      8          6.6 0.3536
0  0  26.9 0.00350 0.00352 1.21000      8          6.6 0.3536
0  0  26.9 0.00370 0.00371 1.21000      6          5.0 0.4082
0  0  26.9 0.00390 0.00391 1.21000      6          5.0 0.4082
0  0  26.9 0.00410 0.00410 1.21000      8          6.6 0.3536
0  0  26.9 0.00430 0.00430 1.21000     10          8.3 0.3162
0  0  26.9 0.00450 0.00449 1.21000     12          9.9 0.2887
0  0  26.9 0.00470 0.00469 1.21000     14         11.6 0.2673
0  0  26.9 0.00490 0.00488 1.21000     16         13.2 0.2500
0  0  26.9 0.00510 0.00508 1.21000     14         11.6 0.2673
0  0  26.9 0.00530 0.00527 1.21000     20         16.5 0.2236
0  0  26.9 0.00550 0.00547 1.21000     34         28.1 0.1715
0  0  26.9 0.00570 0.00566 1.21000     70         57.9 0.1195
0  0  26.9 0.00590 0.00586 1.21000    164        135.5 0.0781
0  0  26.9 0.00610 0.00605 1.21000    380        314.0 0.0513
0  0  26.9 0.00630 0.00635 1.21000   1308       1081.0 0.0277
0  0  26.9 0.00650 0.00654 1.21000   3248       2684.3 0.0175
0  0  26.9 0.00670 0.00674 1.21000   7240       5983.5 0.0118
0  0  26.9 0.00690 0.00693 1.21000  15866      13112.4 0.0079
0  0  26.9 0.00710 0.00713 1.21000  32272      26671.1 0.0056
0  0  26.9 0.00730 0.00732 1.21000  63856      52773.6 0.0040
0  0  26.9 0.00750 0.00752 0.14232  73702     517866.1 0.0037
0  0  26.9 0.00770 0.00771 0.08116  71966     886717.2 0.0037
0  0  26.9 0.00790 0.00791 0.05104  72454    1419515.1 0.0037
0  0  26.9 0.00810 0.00811 0.03562  71516    2007519.1 0.0037
0  0  26.9 0.00830 0.00830 0.02748  72300    2630774.0 0.0037
0  0  26.9 0.00850 0.00850 0.02278  71706    3147371.9 0.0037
0  0  26.9 0.00870 0.00869 0.02043  72088    3527751.3 0.0037
0  0  26.9 0.00890 0.00889 0.02043  78012    3817652.5 0.0036
0  0  26.9 0.00910 0.00908 0.01792  71576    3993267.6 0.0037
0  0  26.9 0.00930 0.00928 0.01792  74010    4129061.9 0.0037
0  0  26.9 0.00950 0.00947 0.01792  75726    4224798.6 0.0036
0  0  26.9 0.00970 0.00967 0.01792  76974    4294425.3 0.0036
0  0  26.9 0.00990 0.00986 0.01792  77794    4340173.6 0.0036
0  0  26.9 0.01010 0.01006 0.01792  78456    4377106.9 0.0036
0  0  26.9 0.01030 0.01025 0.01792  78912    4402547.4 0.0036
0  0  26.9 0.01050 0.01055 0.01792  79386    4428992.2 0.0035
0  0  26.9 0.01070 0.01074 0.01792  79578    4439704.0 0.0035
0  0  26.9 0.01090 0.01094 0.01792  79696    4446287.3 0.0035
0  0  26.9 0.01110 0.01113 0.01792  79670    4444836.7 0.0035
0  0  26.9 0.01130 0.01133 0.01792  79556    4438476.6 0.0035
0  0  26.9 0.01150 0.01152 0.01792  79294    4423859.4 0.0036
0  0  26.9 0.01170 0.01172 0.01792  78852    4399200.0 0.0036
0  0  26.9 0.01190 0.01191 0.01792  78150    4360035.0 0.0036
0  0  26.9 0.01210 0.01211 0.01792  77104    4301678.0 0.0036
0  0  26.9 0.01230 0.01230 0.01792  75588    4217099.5 0.0036
0  0  26.9 0.01250 0.01250 0.01792  73356    4092574.9 0.0037
0  0  26.9 0.01270 0.01270 0.01792  70516    3934129.6 0.0038
0  0  26.9 0.01290 0.01289 0.01792  66914    3733171.9 0.0039
0  0  26.9 0.01310 0.01309 0.01792  63402    3537235.3 0.0040
0  0  26.9 0.01330 0.01328 0.01792  60090    3352456.9 0.0041
0  0  26.9 0.01350 0.01348 0.01792  57430    3204053.9 0.0042
0  0  26.9 0.01370 0.01367 0.01792  55426    3092249.5 0.0042
0  0  26.9 0.01390 0.01387 0.01792  54300    3029429.3 0.0043
0  0  26.9 0.01410 0.01406 0.01792  53414    2979998.8 0.0043
0  0  26.9 0.01430 0.01426 0.01792  52972    2955339.4 0.0043
0  0  26.9 0.01450 0.01445 0.01792  52516    2929898.9 0.0044
0  0  26.9 0.01470 0.01475 0.01792  52460    2926774.6 0.0044
0  0  26.9 0.01490 0.01494 0.01792  52418    2924431.4 0.0044
0  0  26.9 0.01510 0.01514 0.01792  52296    2917625.0 0.0044
0  0  26.9 0.01530 0.01533 0.01792  52318    2918852.4 0.0044
0  0  26.9 0.01550 0.01553 0.01792  51730    2886047.5 0.0044
0  0  26.9 0.01570 0.01572 0.01792  52018    2902115.2 0.0044
0  0  26.9 0.01590 0.01592 0.01792  51954    2898544.6 0.0044
0  0  26.9 0.01610 0.01611 0.01792  51778    2888725.4 0.0044
0  0  26.9 0.01630 0.01631 0.01792  51902    2895643.5 0.0044
0  0  26.9 0.01650 0.01650 0.01792  51742    2886717.0 0.0044
0  0  26.9 0.01670 0.01670 0.01792  51618    2879798.9 0.0044
0  0  26.9 0.01690 0.01689 0.01792  51678    2883146.4 0.0044
0  0  26.9 0.01710 0.01709 0.01792  51664    2882365.3 0.0044
0  0  26.9 0.01730 0.01729 0.01792  51520    2874331.5 0.0044
0  0  26.9 0.01750 0.01748 0.01792  51866    2893635.0 0.0044
0  0  26.9 0.01770 0.01768 0.01792  51588    2878125.2 0.0044
0  0  26.9 0.01790 0.01787 0.01792  51470    2871541.9 0.0044
0  0  26.9 0.01810 0.01807 0.01792  51512    2873885.1 0.0044
0  0  26.9 0.01830 0.01826 0.01792  51298    2861945.9 0.0044
0  0  26.9 0.01850 0.01846 0.01792  51312    2862727.0 0.0044
0  0  26.9 0.01870 0.01865 0.01792  51164    2854470.0 0.0044
0  0  26.9 0.01890 0.01895 0.01792  51206    2856813.2 0.0044
0  0  26.9 0.01910 0.01914 0.01792  50958    2842977.1 0.0044
0  0  26.9 0.01930 0.01934 0.01792  50674    2827132.6 0.0044
0  0  26.9 0.01950 0.01953 0.01792  50554    2820437.7 0.0044
0  0  26.9 0.01970 0.01973 0.01792  49994    2789195.0 0.0045
0  0  26.9 0.01990 0.01992 0.01792  49280    2749360.5 0.0045
0  0  26.9 0.02010 0.02012 0.01792  48212    2689776.2 0.0046
0  0  26.9 0.02030 0.02031 0.01792  46804    2611223.0 0.0046
0  0  26.9 0.02050 0.02051 0.01792  45174    2520284.3 0.0047
0  0  26.9 0.02070 0.02070 0.01792  43348    2418410.7 0.0048
0  0  26.9 0.02090 0.02090 0.01792  41084    2292100.8 0.0049
0  0  26.9 0.02110 0.02109 0.01792  38836    2166683.6 0.0051
0  0  26.9 0.02130 0.02129 0.01792  36384    2029885.0 0.0052
0  0  26.9 0.02150 0.02148 0.01792  34240    1910270.0 0.0054
0  0  26.9 0.02170 0.02168 0.01792  31578    1761755.4 0.0056
0  0  26.9 0.02190 0.02188 0.01792  29380    1639127.7 0.0058
0  0  26.9 0.02210 0.02207 0.01792  27664    1543391.0 0.0060
0  0  26.9 0.02230 0.02227 0.01792  26424    1474210.7 0.0062
0  0  26.9 0.02250 0.02246 0.01792  24924    1390524.8 0.0063
0  0  26.9 0.02270 0.02266 0.01792  24178    1348905.0 0.0064
0  0  26.9 0.02290 0.02285 0.01792  23286    1299139.8 0.0066
0  0  26.9 0.02310 0.02314 0.01792  22592    1260421.1 0.0067
0  0  26.9 0.02330 0.02334 0.01792  21802    1216346.6 0.0068
0  0  26.9 0.02350 0.02354 0.01792  21560    1202845.2 0.0068
0  0  26.9 0.02370 0.02373 0.01792  21264    1186331.2 0.0069
0  0  26.9 0.02390 0.02393 0.01792  20838    1162564.4 0.0069
0  0  26.9 0.02410 0.02412 0.01792  20862    1163903.4 0.0069
0  0  26.9 0.02430 0.02432 0.01792  20368    1136342.8 0.0070
0  0  26.9 0.02450 0.02451 0.01792  19922    1111460.2 0.0071
0  0  26.9 0.02470 0.02471 0.01792  19448    1085015.5 0.0072
0  0  26.9 0.02490 0.02490 0.01792  19232    1072964.7 0.0072
0  0  26.9 0.02510 0.02510 0.01792  19166    1069282.5 0.0072
0  0  26.9 0.02530 0.02529 0.01792  18800    1048863.2 0.0073
0  0  26.9 0.02550 0.02549 0.01792  18562    1035585.0 0.0073
0  0  26.9 0.02570 0.02568 0.01792  18298    1020856.3 0.0074
0  0  26.9 0.02590 0.02588 0.01792  17876     997312.7 0.0075
0  0  26.9 0.02610 0.02607 0.01792  17498     976223.8 0.0076
0  0  26.9 0.02630 0.02627 0.01792  17800     993072.6 0.0075
0  0  26.9 0.02650 0.02646 0.01792  17072     952457.0 0.0077
0  0  26.9 0.02670 0.02666 0.01792  16876     941522.1 0.0077
0  0  26.9 0.02690 0.02686 0.01792  16518     921549.1 0.0078
0  0  26.9 0.02710 0.02715 0.01792  16128     899790.7 0.0079
0  0  26.9 0.02730 0.02734 0.01792  15666     874015.5 0.0080
0  0  26.9 0.02750 0.02754 0.01792  15244     850471.8 0.0081
0  0  26.9 0.02770 0.02773 0.01792  14840     827932.4 0.0082
0  0  26.9 0.02790 0.02793 0.01792  14342     800148.7 0.0084
0  0  26.9 0.02810 0.02813 0.01792  14028     782630.5 0.0084
0  0  26.9 0.02830 0.02832 0.01792  13686     763550.1 0.0085
0  0  26.9 0.02850 0.02852 0.01792  13154     733869.5 0.0087
0  0  26.9 0.02870 0.02871 0.01792  12774     712669.1 0.0088
0  0  26.9 0.02890 0.02891 0.01792  12250     683434.8 0.0090
0  0  26.9 0.02910 0.02910 0.01792  11888     663238.6 0.0092
0  0  26.9 0.02930 0.02930 0.01792  11512     642261.3 0.0093
0  0  26.9 0.02950 0.02949 0.01792  10832     604323.7 0.0096
0  0  26.9 0.02970 0.02969 0.01792  10478     584573.9 0.0098
0  0  26.9 0.02990 0.02988 0.01792   9942     554670.1 0.0100
0  0  26.9 0.03010 0.03008 0.01792   9516     530903.3 0.0103
0  0  26.9 0.03030 0.03027 0.01792   8840     493188.9 0.0106
0  0  26.9 0.03050 0.03047 0.01792   8582     478794.9 0.0108
0  0  26.9 0.03070 0.03066 0.01792   8068     450118.5 0.0111
0  0  26.9 0.03090 0.03086 0.01792   7452     415751.5 0.0116
0  0  26.9 0.03110 0.03105 0.01792   7050     393323.7 0.0119
0  0  26.9 0.03130 0.03135 0.01792   6434     358956.7 0.0125
0  0  26.9 0.03150 0.03154 0.01792   6126     341773.2 0.0128
0  0  26.9 0.03170 0.03174 0.01792   5716     318899.0 0.0132
0  0  26.9 0.03190 0.03193 0.01792   5506     307183.0 0.0135
0  0  26.9 0.03210 0.03213 0.01792   5092     284085.7 0.0140
0  0  26.9 0.03230 0.03232 0.01792   4908     273820.2 0.0143
0  0  26.9 0.03250 0.03252 0.01792   4780     266679.0 0.0145
0  0  26.9 0.03270 0.03271 0.01792   4566     254739.9 0.0148
0  0  26.9 0.03290 0.03291 0.01792   4426     246929.2 0.0150
0  0  26.9 0.03310 0.03311 0.01792   4274     238449.0 0.0153
0  0  26.9 0.03330 0.03330 0.01792   4254     237333.2 0.0153
0  0  26.9 0.03350 0.03350 0.01792   3952     220484.4 0.0159
0  0  26.9 0.03370 0.03369 0.01792   3974     221711.8 0.0159
0  0  26.9 0.03390 0.03389 0.01792   3768     210219.0 0.0163
0  0  26.9 0.03410 0.03408 0.01792   3690     205867.3 0.0165
0  0  26.9 0.03430 0.03428 0.01792   3510     195825.0 0.0169
0  0  26.9 0.03450 0.03447 0.01792   3428     191250.2 0.0171
0  0  26.9 0.03470 0.03467 0.01792   3422     190915.4 0.0171
0  0  26.9 0.03490 0.03486 0.01792   3184     177637.3 0.0177
0  0  26.9 0.03510 0.03506 0.01792   3258     181765.8 0.0175
0  0  26.9 0.03530 0.03525 0.01792   3084     172058.2 0.0180
0  0  26.9 0.03550 0.03555 0.01792   2922     163020.1 0.0185
0  0  26.9 0.03570 0.03574 0.01792   2866     159895.8 0.0187
0  0  26.9 0.03590 0.03594 0.01792   2840     158445.3 0.0188
0  0  26.9 0.03610 0.03613 0.01792   2662     148514.6 0.0194
0  0  26.9 0.03630 0.03633 0.01792   2544     141931.3 0.0198
0  0  26.9 0.03650 0.03652 0.01792   2438     136017.5 0.0203
0  0  26.9 0.03670 0.03672 0.01792   2378     132670.0 0.0205
0  0  26.9 0.03690 0.03691 0.01792   2400     133897.4 0.0204
0  0  26.9 0.03710 0.03711 0.01807   2292     126838.0 0.0209
0  0  26.9 0.03730 0.03730 0.01850   2234     120735.2 0.0212
0  0  26.9 0.03750 0.03750 0.01986   2318     116705.2 0.0208
0  0  26.9 0.03770 0.03770 0.02021   2346     116095.0 0.0206
0  0  26.9 0.03790 0.03789 0.02075   2264     109112.6 0.0210
0  0  26.9 0.03810 0.03809 0.02178   2276     104483.9 0.0210
0  0  26.9 0.03830 0.03828 0.02261   2250      99512.3 0.0211
0  0  26.9 0.03850 0.03848 0.02364   2224      94067.4 0.0212
0  0  26.9 0.03870 0.03867 0.02441   2258      92518.2 0.0210
0  0  26.9 0.03890 0.03887 0.02559   2248      87861.1 0.0211
0  0  26.9 0.03910 0.03906 0.02700   2344      86830.5 0.0207
0  0  26.9 0.03930 0.03926 0.02890   2332      80697.0 0.0207
0  0  26.9 0.03950 0.03945 0.02964   2280      76915.3 0.0209
0  0  26.9 0.03970 0.03975 0.03134   2248      71740.3 0.0211
0  0  26.9 0.03990 0.03994 0.03375   2284      67670.8 0.0209
0  1  26.9 0.00010 0.00010 1.21000      2          1.7 0.7071
0  1  26.9 0.00030 0.00029 1.21000      0          0.0 999.9990
0  1  26.9 0.00050 0.00049 1.21000      0          0.0 999.9990
0  1  26.9 0.00070 0.00068 1.21000      2          1.7 0.7071
0  1  26.9 0.00090 0.00088 1.21000      2          1.7 0.7071
0  1  26.9 0.00110 0.00107 1.21000      2          1.7 0.7071
0  1  26.9 0.00130 0.00127 1.21000      4          3.3 0.5000
0  1  26.9 0.00150 0.00146 1.21000      2          1.7 0.7071
0  1  26.9 0.00170 0.00166 1.21000      2          1.7 0.7071
0  1  26.9 0.00190 0.00186 1.21000      8          6.6 0.3536
0  1  26.9 0.00210 0.00215 1.21000      2          1.7 0.7071
0  1  26.9 0.00230 0.00234 1.21000      4          3.3 0.5000
0  1  26.9 0.00250 0.00254 1.21000      2          1.7 0.7071
0  1  26.9 0.00270 0.00273 1.21000      8          6.6 0.3536
0  1  26.8 0.00290 0.00293 1.21000      4          3.3 0.5000
0  1  26.8 0.00310 0.00313 1.21000      6          5.0 0.4082
0  1  26.8 0.00330 0.00332 1.21000     10          8.3 0.3162
0  1  26.8 0.00350 0.00352 1.21000      6          5.0 0.4082
0  1  26.8 0.00370 0.00371 1.21000      8          6.6 0.3536
0  1  26.8 0.00390 0.00391 1.21000     10          8.3 0.3162
0  1  26.8 0.00410 0.00410 1.21000     12          9.9 0.2887
0  1  26.8 0.00430 0.00430 1.21000     10          8.3 0.3162
0  1  26.8 0.00450 0.00449 1.21000     12          9.9 0.2887
0  1  26.8 0.00470 0.00469 1.21000     12          9.9 0.2887
0  1  26.8 0.00490 0.00488 1.21000     18         14.9 0.2357
0  1  26.8 0.00510 0.00508 1.21000     24         19.8 0.2041
0  1  26.8 0.00530 0.00527 1.21000     36         29.8 0.1667
0  1  26.8 0.00550 0.00547 1.21000     30         24.8 0.1826
0  1  26.8 0.00570 0.00566 1.21000     86         71.1 0.1078
0  1  26.8 0.00590 0.00586 1.21000    168        138.8 0.0772
0  1  26.8 0.00610 0.00605 1.21000    384        317.4 0.0510
0  1  26.8 0.00630 0.00635 1.21000   1542       1274.4 0.0255
0  1  26.8 0.00650 0.00654 1.21000   3652       3018.2 0.0165
0  1  26.8 0.00670 0.00674 1.21000   8058       6659.5 0.0111
0  1  26.8 0.00690 0.00693 1.21000  17690      14619.8 0.0075
0  1  26.8 0.00710 0.00713 1.21000  36524      30185.1 0.0052
0  1  26.8 0.00730 0.00732 1.21000  71408      59014.9 0.0037
0  1  26.8 0.00750 0.00752 0.13825  72484     524278.2 0.0037
0  1  26.8 0.00770 0.00771 0.08038  72976     907864.6 0.0037
0  1  26.8 0.00790 0.00791 0.05091  72798    1429895.9 0.0037
0  1  26.8 0.00810 0.00811 0.03544  71216    2009758.0 0.0037
0  1  26.8 0.00830 0.00830 0.02717  72038    2651482.0 0.0037
0  1  26.8 0.00850 0.00850 0.02278  71646    3145345.8 0.0037
0  1  26.8 0.00870 0.00869 0.02032  71872    3536441.4 0.0037
0  1  26.8 0.00890 0.00889 0.02032  77622    3819368.5 0.0036
0  1  26.8 0.00910 0.00908 0.01794  71738    3999317.7 0.0037
0  1  26.8 0.00930 0.00928 0.01794  74120    4132111.7 0.0037
0  1  26.8 0.00950 0.00947 0.01794  75770    4224097.4 0.0036
0  1  26.8 0.00970 0.00967 0.01794  76976    4291330.7 0.0036
0  1  26.8 0.00990 0.00986 0.01794  77848    4339943.7 0.0036
0  1  26.8 0.01010 0.01006 0.01794  78470    4374619.6 0.0036
0  1  26.8 0.01030 0.01025 0.01794  78952    4401490.6 0.0036
0  1  26.8 0.01050 0.01055 0.01794  79444    4428919.1 0.0035
0  1  26.8 0.01070 0.01074 0.01794  79614    4438396.4 0.0035
0  1  26.8 0.01090 0.01094 0.01794  79708    4443636.8 0.0035
0  1  26.8 0.01110 0.01113 0.01794  79702    4443302.3 0.0035
0  1  26.8 0.01130 0.01133 0.01794  79546    4434605.4 0.0035
0  1  26.8 0.01150 0.01152 0.01794  79334    4422786.7 0.0036
0  1  26.8 0.01170 0.01172 0.01794  78904    4398814.6 0.0036
0  1  26.8 0.01190 0.01191 0.01794  78176    4358229.4 0.0036
0  1  26.8 0.01210 0.01211 0.01794  77080    4297128.6 0.0036
0  1  26.8 0.01230 0.01230 0.01794  75556    4212167.2 0.0036
0  1  26.8 0.01250 0.01250 0.01794  73250    4083610.1 0.0037
0  1  26.8 0.01270 0.01270 0.01794  70406    3925060.1 0.0038
0  1  26.8 0.01290 0.01289 0.01794  66796    3723806.4 0.0039
0  1  26.8 0.01310 0.01309 0.01794  63076    3516420.3 0.0040
0  1  26.8 0.01330 0.01328 0.01794  59700    3328211.9 0.0041
0  1  26.8 0.01350 0.01348 0.01794  57126    3184714.1 0.0042
0  1  26.8 0.01370 0.01367 0.01794  55052    3069090.8 0.0043
0  1  26.8 0.01390 0.01387 0.01794  53790    2998735.7 0.0043
0  1  26.8 0.01410 0.01406 0.01794  53198    2965732.3 0.0043
0  1  26.8 0.01430 0.01426 0.01794  52628    2933955.4 0.0044
0  1  26.8 0.01450 0.01445 0.01794  52460    2924589.6 0.0044
0  1  26.8 0.01470 0.01475 0.01794  52028    2900506.0 0.0044
0  1  26.8 0.01490 0.01494 0.01794  52104    2904742.9 0.0044
0  1  26.8 0.01510 0.01514 0.01794  51904    2893593.2 0.0044
0  1  26.8 0.01530 0.01533 0.01794  51900    2893370.2 0.0044
0  1  26.8 0.01550 0.01553 0.01794  51758    2885453.8 0.0044
0  1  26.8 0.01570 0.01572 0.01794  51624    2877983.4 0.0044
0  1  26.8 0.01590 0.01592 0.01794  51542    2873412.0 0.0044
0  1  26.8 0.01610 0.01611 0.01794  51470    2869398.1 0.0044
0  1  26.8 0.01630 0.01631 0.01794  51536    2873077.5 0.0044
0  1  26.8 0.01650 0.01650 0.01794  51450    2868283.1 0.0044
0  1  26.8 0.01670 0.01670 0.01794  51554    2874081.0 0.0044
0  1  26.8 0.01690 0.01689 0.01794  51332    2861704.8 0.0044
0  1  26.8 0.01710 0.01709 0.01794  51548    2873746.5 0.0044
0  1  26.8 0.01730 0.01729 0.01794  51346    2862485.2 0.0044
0  1  26.8 0.01750 0.01748 0.01794  51238    2856464.4 0.0044
0  1  26.8 0.01770 0.01768 0.01794  51368    2863711.7 0.0044
0  1  26.8 0.01790 0.01787 0.01794  51364    2863488.7 0.0044
0  1  26.8 0.01810 0.01807 0.01794  51146    2851335.5 0.0044
0  1  26.8 0.01830 0.01826 0.01794  50898    2837509.7 0.0044
0  1  26.8 0.01850 0.01846 0.01794  51046    2845760.6 0.0044
0  1  26.8 0.01870 0.01865 0.01794  51044    2845649.1 0.0044
0  1  26.8 0.01890 0.01895 0.01794  50970    2841523.6 0.0044
0  1  26.8 0.01910 0.01914 0.01794  50608    2821342.5 0.0044
0  1  26.8 0.01930 0.01934 0.01794  50598    2820785.0 0.0044
0  1  26.8 0.01950 0.01953 0.01794  50034    2789342.6 0.0045
0  1  26.8 0.01970 0.01973 0.01794  49646    2767712.0 0.0045
0  1  26.8 0.01990 0.01992 0.01794  48802    2720659.9 0.0045
0  1  26.8 0.02010 0.02012 0.01794  47746    2661789.0 0.0046
0  1  26.8 0.02030 0.02031 0.01794  46590    2597343.3 0.0046
0  1  26.8 0.02050 0.02051 0.01794  44954    2506138.0 0.0047
0  1  26.8 0.02070 0.02070 0.01794  43200    2408354.4 0.0048
0  1  26.8 0.02090 0.02090 0.01794  41074    2289832.1 0.0049
0  1  26.8 0.02110 0.02109 0.01794  38348    2137860.5 0.0051
0  1  26.8 0.02130 0.02129 0.01794  36200    2018111.7 0.0053
0  1  26.8 0.02150 0.02148 0.01794  33458    1865248.1 0.0055
0  1  26.8 0.02170 0.02168 0.01794  31200    1739367.0 0.0057
0  1  26.8 0.02190 0.02188 0.01794  29088    1621625.3 0.0059
0  1  26.8 0.02210 0.02207 0.01794  27516    1533987.9 0.0060
0  1  26.8 0.02230 0.02227 0.01794  25918    1444901.1 0.0062
0  1  26.8 0.02250 0.02246 0.01794  24642    1373765.5 0.0064
0  1  26.8 0.02270 0.02266 0.01794  23798    1326713.4 0.0065
0  1  26.8 0.02290 0.02285 0.01794  22816    1271967.9 0.0066
0  1  26.8 0.02310 0.02314 0.01794  22132    1233835.6 0.0067
0  1  26.8 0.02330 0.02334 0.01794  21654    1207187.6 0.0068
0  1  26.8 0.02350 0.02354 0.01794  21374    1191577.9 0.0068
0  1  26.8 0.02370 0.02373 0.01794  21080    1175187.7 0.0069
0  1  26.8 0.02390 0.02393 0.01794  20582    1147424.8 0.0070
0  1  26.8 0.02410 0.02412 0.01794  20226    1127578.1 0.0070
0  1  26.8 0.02430 0.02432 0.01794  20232    1127912.6 0.0070
0  1  26.8 0.02450 0.02451 0.01794  19930    1111076.4 0.0071
0  1  26.8 0.02470 0.02471 0.01794  19548    1089780.3 0.0072
0  1  26.8 0.02490 0.02490 0.01794  19018    1060233.4 0.0073
0  1  26.8 0.02510 0.02510 0.01794  18770    1046407.7 0.0073
0  1  26.8 0.02530 0.02529 0.01794  18984    1058337.9 0.0073
0  1  26.8 0.02550 0.02549 0.01794  18568    1035146.4 0.0073
0  1  26.8 0.02570 0.02568 0.01794  17946    1000470.5 0.0075
0  1  26.8 0.02590 0.02588 0.01794  17854     995341.6 0.0075
0  1  26.8 0.02610 0.02607 0.01794  17482     974603.0 0.0076
0  1  26.8 0.02630 0.02627 0.01794  17238     961000.3 0.0076
0  1  26.8 0.02650 0.02646 0.01794  17022     948958.5 0.0077
0  1  26.8 0.02670 0.02666 0.01794  16536     921864.5 0.0078
0  1  26.8 0.02690 0.02686 0.01794  16188     902463.9 0.0079
0  1  26.8 0.02710 0.02715 0.01794  15762     878714.8 0.0080
0  1  26.8 0.02730 0.02734 0.01794  15278     851732.4 0.0081
0  1  26.8 0.02750 0.02754 0.01794  15104     842032.0 0.0081
0  1  26.8 0.02770 0.02773 0.01794  14802     825195.9 0.0082
0  1  26.8 0.02790 0.02793 0.01794  14154     789070.5 0.0084
0  1  26.8 0.02810 0.02813 0.01794  13652     761084.6 0.0086
0  1  26.8 0.02830 0.02832 0.01794  13442     749377.3 0.0086
0  1  26.8 0.02850 0.02852 0.01794  12972     723175.3 0.0088
0  1  26.8 0.02870 0.02871 0.01794  12864     717154.4 0.0088
0  1  26.8 0.02890 0.02891 0.01794  12210     680694.6 0.0090
0  1  26.8 0.02910 0.02910 0.01794  11816     658729.5 0.0092
0  1  26.8 0.02930 0.02930 0.01794  11330     631635.5 0.0094
0  1  26.8 0.02950 0.02949 0.01794  10768     600304.6 0.0096
0  1  26.8 0.02970 0.02969 0.01794  10260     571984.2 0.0099
0  1  26.8 0.02990 0.02988 0.01794   9892     551468.5 0.0101
0  1  26.8 0.03010 0.03008 0.01794   9446     526604.5 0.0103
0  1  26.8 0.03030 0.03027 0.01794   8862     494047.1 0.0106
0  1  26.8 0.03050 0.03047 0.01794   8510     474423.5 0.0108
0  1  26.8 0.03070 0.03066 0.01794   8014     446772.0 0.0112
0  1  26.8 0.03090 0.03086 0.01794   7236     403399.4 0.0118
0  1  26.8 0.03110 0.03105 0.01794   6968     388458.6 0.0120
0  1  26.8 0.03130 0.03135 0.01794   6348     353894.3 0.0126
0  1  26.8 0.03150 0.03154 0.01794   6008     334939.7 0.0129
0  1  26.8 0.03170 0.03174 0.01794   5482     305615.7 0.0135
0  1  26.8 0.03190 0.03193 0.01794   5388     300375.3 0.0136
0  1  26.8 0.03210 0.03213 0.01794   5042     281086.2 0.0141
0  1  26.8 0.03230 0.03232 0.01794   4914     273950.3 0.0143
0  1  26.8 0.03250 0.03252 0.01794   4648     259121.1 0.0147
0  1  26.8 0.03270 0.03271 0.01794   4484     249978.3 0.0149
0  1  26.8 0.03290 0.03291 0.01794   4254     237156.0 0.0153
0  1  26.8 0.03310 0.03311 0.01794   4060     226340.7 0.0157
0  1  26.8 0.03330 0.03330 0.01794   4036     225002.7 0.0157
0  1  26.8 0.03350 0.03350 0.01794   3922     218647.4 0.0160
0  1  26.8 0.03370 0.03369 0.01794   3798     211734.5 0.0162
0  1  26.8 0.03390 0.03389 0.01794   3694     205936.6 0.0165
0  1  26.8 0.03410 0.03408 0.01794   3608     201142.2 0.0166
0  1  26.8 0.03430 0.03428 0.01794   3444     191999.4 0.0170
0  1  26.8 0.03450 0.03447 0.01794   3426     190995.9 0.0171
0  1  26.8 0.03470 0.03467 0.01794   3224     179734.6 0.0176
0  1  26.8 0.03490 0.03486 0.01794   3162     176278.2 0.0178
0  1  26.8 0.03510 0.03506 0.01794   3166     176501.2 0.0178
0  1  26.8 0.03530 0.03525 0.01794   3042     169588.3 0.0181
0  1  26.8 0.03550 0.03555 0.01794   2990     166689.3 0.0183
0  1  26.8 0.03570 0.03574 0.01794   2774     154647.6 0.0190
0  1  26.8 0.03590 0.03594 0.01794   2716     151414.1 0.0192
0  1  26.8 0.03610 0.03613 0.01794   2642     147288.7 0.0195
0  1  26.8 0.03630 0.03633 0.01794   2510     139929.8 0.0200
0  1  26.8 0.03650 0.03652 0.01794   2428     135358.4 0.0203
0  1  26.8 0.03670 0.03672 0.01794   2390     133240.0 0.0205
0  1  26.8 0.03690 0.03691 0.01794   2308     128668.6 0.0208
0  1  26.8 0.03710 0.03711 0.01864   2278     122195.2 0.0210
0  1  26.8 0.03730 0.03730 0.01945   2320     119308.4 0.0208
0  1  26.8 0.03750 0.03750 0.01982   2248     113420.6 0.0211
0  1  26.8 0.03770 0.03770 0.02136   2352     110122.9 0.0206
0  1  26.8 0.03790 0.03789 0.02136   2264     106002.6 0.0210
0  1  26.7 0.03810 0.03809 0.02221   2270     102208.7 0.0210
0  1  26.7 0.03830 0.03828 0.02304   2260      98094.8 0.0210
0  1  26.7 0.03850 0.03848 0.02459   2304      93703.7 0.0208
0  1  26.7 0.03870 0.03867 0.02513   2284      90883.7 0.0209
0  1  26.7 0.03890 0.03887 0.02580   2244      86961.2 0.0211
0  1  26.7 0.03910 0.03906 0.02736   2274      83126.7 0.0210
0  1  26.7 0.03930 0.03926 0.02908   2230      76675.6 0.0212
0  1  26.7 0.03950 0.03945 0.03092   2304      74511.9 0.0208
0  1  26.7 0.03970 0.03975 0.03304   2354      71239.6 0.0206
0  1  26.7 0.03990 0.03994 0.03454   2260      65439.9 0.0210
0  2  26.7 0.00010 0.00010 1.21000      0          0.0 999.9990
0  2  26.7 0.00030 0.00029 1.21000      2          1.7 0.7071
0  2  26.7 0.00050 0.00049 1.21000      4          3.3 0.5000
0  2  26.7 0.00070 0.00068 1.21000      4          3.3 0.5000
0  2  26.7 0.00090 0.00088 1.21000      0          0.0 999.9990
0  2  26.7 0.00110 0.00107 1.21000      2          1.7 0.7071
0  2  26.7 0.00130 0.00127 1.21000      0          0.0 999.9990
0  2  26.7 0.00150 0.00146 1.21000      4          3.3 0.5000
0  2  26.7 0.00170 0.00166 1.21000      2          1.7 0.7071
0  2  26.7 0.00190 0.00186 1.21000      0          0.0 999.9990
0  2  26.7 0.00210 0.00215 1.21000      4          3.3 0.5000
0  2  26.7 0.00230 0.00234 1.21000      2          1.7 0.7071
0  2  26.7 0.00250 0.00254 1.21000      8          6.6 0.3536
0  2  26.7 0.00270 0.00273 1.21000      6          5.0 0.4082
0  2  26.7 0.00290 0.00293 1.21000      8          6.6 0.3536
0  2  26.7 0.00310 0.00313 1.21000      6          5.0 0.4082
0  2  26.7 0.00330 0.00332 1.21000      2          1.7 0.7071
0  2  26.7 0.00350 0.00352 1.21000      8          6.6 0.3536
0  2  26.7 0.00370 0.00371 1.21000      6          5.0 0.4082
0  2  26.7 0.00390 0.00391 1.21000      6          5.0 0.4082
0  2  26.7 0.00410 0.00410 1.21000      4          3.3 0.5000
0  2  26.7 0.00430 0.00430 1.21000      8          6.6 0.3536
0  2  26.7 0.00450 0.00449 1.21000     20         16.5 0.2236
0  2  26.7 0.00470 0.00469 1.21000     12          9.9 0.2887
0  2  26.7 0.00490 0.00488 1.21000     18         14.9 0.2357
0  2  26.7 0.00510 0.00508 1.21000     16         13.2 0.2500
0  2  26.7 0.00530 0.00527 1.21000     16         13.2 0.2500
0  2  26.7 0.00550 0.00547 1.21000     42         34.7 0.1543
0  2  26.7 0.00570 0.00566 1.21000     68         56.2 0.1213
0  2  26.7 0.00590 0.00586 1.21000    160        132.2 0.0791
0  2  26.7 0.00610 0.00605 1.21000    388        320.7 0.0508
0  2  26.7 0.00630 0.00635 1.21000   1518       1254.5 0.0257
0  2  26.7 0.00650 0.00654 1.21000   3506       2897.5 0.0169
0  2  26.7 0.00670 0.00674 1.21000   7888       6519.0 0.0113
0  2  26.7 0.00690 0.00693 1.21000  16926      13988.4 0.0077
0  2  26.7 0.00710 0.00713 1.21000  35630      29446.3 0.0053
0  2  26.7 0.00730 0.00732 1.21000  69498      57436.4 0.0038
0  2  26.7 0.00750 0.00752 0.13480  71296     528886.7 0.0037
0  2  26.7 0.00770 0.00771 0.07864  71954     914996.8 0.0037
0  2  26.7 0.00790 0.00791 0.04984  72400    1452763.5 0.0037
0  2  26.7 0.00810 0.00811 0.03502  72070    2058181.1 0.0037
0  2  26.7 0.00830 0.00830 0.02681  71448    2665012.6 0.0037
0  2  26.7 0.00850 0.00850 0.02263  72202    3190993.0 0.0037
0  2  26.7 0.00870 0.00869 0.02023  71558    3537906.1 0.0037
0  2  26.7 0.00890 0.00889 0.02023  77252    3819423.7 0.0036
0  2  26.7 0.00910 0.00908 0.01791  71998    4019054.1 0.0037
0  2  26.7 0.00930 0.00928 0.01791  74262    4145434.6 0.0037
0  2  26.7 0.00950 0.00947 0.01791  75898    4236758.9 0.0036
0  2  26.7 0.00970 0.00967 0.01791  77106    4304191.6 0.0036
0  2  26.7 0.00990 0.00986 0.01791  77946    4351081.9 0.0036
0  2  26.7 0.01010 0.01006 0.01791  78588    4386919.4 0.0036
0  2  26.7 0.01030 0.01025 0.01791  79006    4410252.9 0.0036
0  2  26.7 0.01050 0.01055 0.01791  79466    4435930.9 0.0035
0  2  26.7 0.01070 0.01074 0.01791  79676    4447653.5 0.0035
0  2  26.7 0.01090 0.01094 0.01791  79726    4450444.6 0.0035
0  2  26.7 0.01110 0.01113 0.01791  79738    4451114.5 0.0035
0  2  26.7 0.01130 0.01133 0.01791  79574    4441959.7 0.0035
0  2  26.7 0.01150 0.01152 0.01791  79318    4427669.3 0.0036
0  2  26.7 0.01170 0.01172 0.01791  78898    4404224.2 0.0036
0  2  26.7 0.01190 0.01191 0.01791  78172    4363697.6 0.0036
0  2  26.7 0.01210 0.01211 0.01791  76996    4298051.2 0.0036
0  2  26.7 0.01230 0.01230 0.01791  75426    4210411.1 0.0036
0  2  26.7 0.01250 0.01250 0.01791  73120    4081686.1 0.0037
0  2  26.7 0.01270 0.01270 0.01791  70150    3915895.5 0.0038
0  2  26.7 0.01290 0.01289 0.01791  66438    3708685.2 0.0039
0  2  26.7 0.01310 0.01309 0.01791  62892    3510741.3 0.0040
0  2  26.7 0.01330 0.01328 0.01791  59390    3315253.6 0.0041
0  2  26.7 0.01350 0.01348 0.01791  56598    3159399.2 0.0042
0  2  26.7 0.01370 0.01367 0.01791  54610    3048425.6 0.0043
0  2  26.7 0.01390 0.01387 0.01791  53528    2988026.5 0.0043
0  2  26.7 0.01410 0.01406 0.01791  52788    2946718.4 0.0044
0  2  26.7 0.01430 0.01426 0.01791  52122    2909541.1 0.0044
0  2  26.7 0.01450 0.01445 0.01791  52146    2910880.8 0.0044
0  2  26.7 0.01470 0.01475 0.01791  51744    2888440.5 0.0044
0  2  26.7 0.01490 0.01494 0.01791  51592    2879955.6 0.0044
0  2  26.7 0.01510 0.01514 0.01791  51586    2879620.6 0.0044
0  2  26.7 0.01530 0.01533 0.01791  51530    2876494.6 0.0044
0  2  26.7 0.01550 0.01553 0.01791  51492    2874373.4 0.0044
0  2  26.7 0.01570 0.01572 0.01791  51500    2874820.0 0.0044
0  2  26.7 0.01590 0.01592 0.01791  51284    2862762.5 0.0044
0  2  26.7 0.01610 0.01611 0.01791  51100    2852491.3 0.0044
0  2  26.7 0.01630 0.01631 0.01791  51014    2847690.6 0.0044
0  2  26.7 0.01650 0.01650 0.01791  51068    2850705.0 0.0044
0  2  26.7 0.01670 0.01670 0.01791  51072    2850928.3 0.0044
0  2  26.7 0.01690 0.01689 0.01791  51118    2853496.1 0.0044
0  2  26.7 0.01710 0.01709 0.01791  51028    2848472.1 0.0044
0  2  26.7 0.01730 0.01729 0.01791  50904    2841550.2 0.0044
0  2  26.7 0.01750 0.01748 0.01791  50736    2832172.2 0.0044
0  2  26.7 0.01770 0.01768 0.01791  50754    2833176.9 0.0044
0  2  26.7 0.01790 0.01787 0.01791  50862    2839205.7 0.0044
0  2  26.7 0.01810 0.01807 0.01791  50782    2834740.0 0.0044
0  2  26.7 0.01830 0.01826 0.01791  50778    2834516.7 0.0044
0  2  26.7 0.01850 0.01846 0.01791  50740    2832395.4 0.0044
0  2  26.7 0.01870 0.01865 0.01791  50650    2827371.5 0.0044
0  2  26.7 0.01890 0.01895 0.01791  50428    2814979.1 0.0045
0  2  26.7 0.01910 0.01914 0.01791  50510    2819556.4 0.0044
0  2  26.7 0.01930 0.01934 0.01791  50074    2795218.2 0.0045
0  2  26.7 0.01950 0.01953 0.01791  49854    2782937.4 0.0045
0  2  26.7 0.01970 0.01973 0.01791  49386    2756812.8 0.0045
0  2  26.7 0.01990 0.01992 0.01791  48506    2707689.7 0.0045
0  2  26.7 0.02010 0.02012 0.01791  47488    2650863.1 0.0046
0  2  26.7 0.02030 0.02031 0.01791  46266    2582648.9 0.0046
0  2  26.7 0.02050 0.02051 0.01791  44482    2483062.9 0.0047
0  2  26.7 0.02070 0.02070 0.01791  42514    2373205.7 0.0048
0  2  26.7 0.02090 0.02090 0.01791  40100    2238452.1 0.0050
0  2  26.7 0.02110 0.02109 0.01791  37922    2116872.3 0.0051
0  2  26.7 0.02130 0.02129 0.01791  35522    1982900.1 0.0053
0  2  26.7 0.02150 0.02148 0.01791  33016    1843010.8 0.0055
0  2  26.7 0.02170 0.02168 0.01791  30826    1720761.2 0.0057
0  2  26.7 0.02190 0.02188 0.01791  28580    1595385.5 0.0059
0  2  26.7 0.02210 0.02207 0.01791  27088    1512099.5 0.0061
0  2  26.7 0.02230 0.02227 0.01791  25562    1426915.5 0.0063
0  2  26.7 0.02250 0.02246 0.01791  24202    1350997.9 0.0064
0  2  26.7 0.02270 0.02266 0.01791  23560    1315160.4 0.0065
0  2  26.7 0.02290 0.02285 0.01791  22722    1268381.7 0.0066
0  2  26.7 0.02310 0.02314 0.01791  21732    1213118.2 0.0068
0  2  26.7 0.02330 0.02334 0.01791  21394    1194250.5 0.0068
0  2  26.7 0.02350 0.02354 0.01791  20734    1157408.1 0.0069
0  2  26.7 0.02370 0.02373 0.01791  20702    1155621.8 0.0070
0  2  26.7 0.02390 0.02393 0.01791  20176    1126259.6 0.0070
0  2  26.7 0.02410 0.02412 0.01791  19932    1112639.1 0.0071
0  2  26.7 0.02430 0.02432 0.01791  19800    1105270.6 0.0071
0  2  26.7 0.02450 0.02451 0.01791  19398    1082830.2 0.0072
0  2  26.7 0.02470 0.02471 0.01791  19006    1060948.1 0.0073
0  2  26.7 0.02490 0.02490 0.01791  19010    1061171.4 0.0073
0  2  26.7 0.02510 0.02510 0.01791  18478    1031474.2 0.0074
0  2  26.7 0.02530 0.02529 0.01791  18240    1018188.7 0.0074
0  2  26.7 0.02550 0.02549 0.01791  18088    1009703.8 0.0074
0  2  26.7 0.02570 0.02568 0.01791  17720     989161.4 0.0075
0  2  26.7 0.02590 0.02588 0.01791  17344     968172.4 0.0076
0  2  26.7 0.02610 0.02607 0.01791  17198     960022.4 0.0076
0  2  26.7 0.02630 0.02627 0.01791  16932     945173.8 0.0077
0  2  26.7 0.02650 0.02646 0.01791  16502     921170.5 0.0078
0  2  26.7 0.02670 0.02666 0.01791  16188     903642.4 0.0079
0  2  26.7 0.02690 0.02686 0.01791  15860     885332.9 0.0079
0  2  26.7 0.02710 0.02715 0.01791  15384     858761.8 0.0081
0  2  26.7 0.02730 0.02734 0.01791  15056     840452.2 0.0081
0  2  26.7 0.02750 0.02754 0.01791  14604     815220.8 0.0083
0  2  26.7 0.02770 0.02773 0.01791  14178     791440.7 0.0084
0  2  26.7 0.02790 0.02793 0.01791  14002     781616.1 0.0085
0  2  26.7 0.02810 0.02813 0.01791  13378     746783.3 0.0086
0  2  26.7 0.02830 0.02832 0.01791  13016     726575.9 0.0088
0  2  26.7 0.02850 0.02852 0.01791  12682     707931.4 0.0089
0  2  26.7 0.02870 0.02871 0.01791  12268     684821.2 0.0090
0  2  26.7 0.02890 0.02891 0.01791  11834     660594.6 0.0092
0  2  26.7 0.02910 0.02910 0.01791  11518     642954.9 0.0093
0  2  26.7 0.02930 0.02930 0.01791  11032     615825.5 0.0095
0  2  26.7 0.02950 0.02949 0.01791  10688     596622.8 0.0097
0  2  26.7 0.02970 0.02969 0.01791  10002     558329.1 0.0100
0  2  26.7 0.02990 0.02988 0.01791   9630     537563.4 0.0102
0  2  26.7 0.03010 0.03008 0.01791   9064     505968.3 0.0105
0  2  26.7 0.03030 0.03027 0.01791   8588     479397.2 0.0108
0  2  26.7 0.03050 0.03047 0.01791   8306     463655.4 0.0110
0  2  26.7 0.03070 0.03066 0.01791   7670     428152.8 0.0114
0  2  26.6 0.03090 0.03086 0.01791   7168     400130.3 0.0118
0  2  26.6 0.03110 0.03105 0.01791   6674     372554.3 0.0122
0  2  26.6 0.03130 0.03135 0.01791   6222     347322.9 0.0127
0  2  26.6 0.03150 0.03154 0.01791   5806     324101.1 0.0131
0  2  26.6 0.03170 0.03174 0.01791   5446     304005.2 0.0136
0  2  26.6 0.03190 0.03193 0.01791   5182     289268.3 0.0139
0  2  26.6 0.03210 0.03213 0.01791   4830     269619.0 0.0144
0  2  26.6 0.03230 0.03232 0.01791   4766     266046.4 0.0145
0  2  26.6 0.03250 0.03252 0.01791   4576     255440.3 0.0148
0  2  26.6 0.03270 0.03271 0.01791   4380     244499.3 0.0151
0  2  26.6 0.03290 0.03291 0.01791   4202     234563.0 0.0154
0  2  26.6 0.03310 0.03311 0.01791   4020     224403.4 0.0158
0  2  26.6 0.03330 0.03330 0.01791   4036     225296.6 0.0157
0  2  26.6 0.03350 0.03350 0.01791   3806     212457.6 0.0162
0  2  26.6 0.03370 0.03369 0.01791   3776     210782.9 0.0163
0  2  26.6 0.03390 0.03389 0.01791   3612     201628.1 0.0166
0  2  26.6 0.03410 0.03408 0.01791   3504     195599.4 0.0169
0  2  26.6 0.03430 0.03428 0.01791   3394     189459.0 0.0172
0  2  26.6 0.03450 0.03447 0.01791   3306     184546.7 0.0174
0  2  26.6 0.03470 0.03467 0.01791   3176     177289.9 0.0177
0  2  26.6 0.03490 0.03486 0.01791   3100     173047.4 0.0180
0  2  26.6 0.03510 0.03506 0.01791   3022     168693.3 0.0182
0  2  26.6 0.03530 0.03525 0.01791   2880     160766.6 0.0186
0  2  26.6 0.03550 0.03555 0.01791   2726     152170.1 0.0192
0  2  26.6 0.03570 0.03574 0.01791   2830     157975.5 0.0188
0  2  26.6 0.03590 0.03594 0.01791   2652     148039.3 0.0194
0  2  26.6 0.03610 0.03613 0.01791   2562     143015.3 0.0198
0  2  26.6 0.03630 0.03633 0.01791   2468     137768.1 0.0201
0  2  26.6 0.03650 0.03652 0.01791   2422     135200.3 0.0203
0  2  26.6 0.03670 0.03672 0.01791   2304     128613.3 0.0208
0  2  26.6 0.03690 0.03691 0.01801   2362     131138.9 0.0206
0  2  26.6 0.03710 0.03711 0.01954   2272     116285.1 0.0210
0  2  26.6 0.03730 0.03730 0.01972   2228     113006.7 0.0212
0  2  26.6 0.03750 0.03750 0.01972   2226     112905.2 0.0212
0  2  26.6 0.03770 0.03770 0.02139   2274     106287.8 0.0210
0  2  26.6 0.03790 0.03789 0.02207   2298     104122.5 0.0209
0  2  26.6 0.03810 0.03809 0.02294   2238      97570.5 0.0211
0  2  26.6 0.03830 0.03828 0.02427   2336      96238.1 0.0207
0  2  26.6 0.03850 0.03848 0.02470   2242      90785.9 0.0211
0  2  26.6 0.03870 0.03867 0.02644   2348      88798.7 0.0206
0  2  26.6 0.03890 0.03887 0.02798   2304      82338.8 0.0208
0  2  26.6 0.03910 0.03906 0.02932   2280      77750.3 0.0209
0  2  26.6 0.03930 0.03926 0.02932   2232      76113.4 0.0212
0  2  26.6 0.03950 0.03945 0.03139   2242      71430.9 0.0211
0  2  26.6 0.03970 0.03975 0.03356   2242      66801.7 0.0211
0  2  26.6 0.03990 0.03994 0.03488   2270      65079.1 0.0210
0  3  26.6 0.00010 0.00010 1.21000      2          1.7 0.7071
0  3  26.6 0.00030 0.00029 1.21000      0          0.0 999.9990
0  3  26.6 0.00050 0.00049 1.21000      0          0.0 999.9990
0  3  26.6 0.00070 0.00068 1.21000      0          0.0 999.9990
0  3  26.6 0.00090 0.00088 1.21000      2          1.7 0.7071
0  3  26.6 0.00110 0.00107 1.21000      6          5.0 0.4082
0  3  26.6 0.00130 0.00127 1.21000      4          3.3 0.5000
0  3  26.6 0.00150 0.00146 1.21000      6          5.0 0.4082
0  3  26.6 0.00170 0.00166 1.21000      2          1.7 0.7071
0  3  26.6 0.00190 0.00186 1.21000      4          3.3 0.5000
0  3  26.6 0.00210 0.00215 1.21000      6          5.0 0.4082
0  3  26.6 0.00230 0.00234 1.21000      8          6.6 0.3536
0  3  26.6 0.00250 0.00254 1.21000      2          1.7 0.7071
0  3  26.6 0.00270 0.00273 1.21000      4          3.3 0.5000
0  3  26.6 0.00290 0.00293 1.21000      6          5.0 0.4082
0  3  26.6 0.00310 0.00313 1.21000      4          3.3 0.5000
0  3  26.6 0.00330 0.00332 1.21000     10          8.3 0.3162
0  3  26.6 0.00350 0.00352 1.21000      4          3.3 0.5000
0  3  26.6 0.00370 0.00371 1.21000     10          8.3 0.3162
0  3  26.6 0.00390 0.00391 1.21000     10          8.3 0.3162
0  3  26.6 0.00410 0.00410 1.21000     12          9.9 0.2887
0  3  26.6 0.00430 0.00430 1.21000     16         13.2 0.2500
0  3  26.6 0.00450 0.00449 1.21000     10          8.3 0.3162
0  3  26.6 0.00470 0.00469 1.21000     14         11.6 0.2673
0  3  26.6 0.00490 0.00488 1.21000     20         16.5 0.2236
0  3  26.6 0.00510 0.00508 1.21000     10          8.3 0.3162
0  3  26.6 0.00530 0.00527 1.21000     28         23.1 0.1890
0  3  26.6 0.00550 0.00547 1.21000     48         39.7 0.1443
0  3  26.6 0.00570 0.00566 1.21000     80         66.1 0.1118
0  3  26.6 0.00590 0.00586 1.21000    222        183.5 0.0671
0  3  26.6 0.00610 0.00605 1.21000    472        390.1 0.0460
0  3  26.6 0.00630 0.00635 1.21000   1718       1419.8 0.0241
0  3  26.6 0.00650 0.00654 1.21000   4006       3310.7 0.0158
0  3  26.6 0.00670 0.00674 1.21000   8950       7396.7 0.0106
0  3  26.6 0.00690 0.00693 1.21000  19590      16190.1 0.0071
0  3  26.6 0.00710 0.00713 1.21000  40616      33566.9 0.0050
0  3  26.6 0.00730 0.00732 1.21000  79778      65932.2 0.0035
0  3  26.6 0.00750 0.00752 0.13231  73148     552867.1 0.0037
0  3  26.6 0.00770 0.00771 0.07754  71922     927579.2 0.0037
0  3  26.6 0.00790 0.00791 0.04921  72044    1464060.6 0.0037
0  3  26.6 0.00810 0.00811 0.03475  72634    2090087.4 0.0037
0  3  26.6 0.00830 0.00830 0.02682  72510    2703839.1 0.0037
0  3  26.6 0.00850 0.00850 0.02249  71550    3181491.3 0.0037
0  3  26.6 0.00870 0.00869 0.02023  72034    3560237.3 0.0037
0  3  26.6 0.00890 0.00889 0.02023  77366    3823768.2 0.0036
0  3  26.6 0.00910 0.00908 0.01793  72116    4022895.4 0.0037
0  3  26.6 0.00930 0.00928 0.01793  74154    4136582.6 0.0037
0  3  26.6 0.00950 0.00947 0.01793  76066    4243241.0 0.0036
0  3  26.6 0.00970 0.00967 0.01793  77150    4303710.5 0.0036
0  3  26.6 0.00990 0.00986 0.01793  77986    4350345.6 0.0036
0  3  26.6 0.01010 0.01006 0.01793  78622    4385824.0 0.0036
0  3  26.6 0.01030 0.01025 0.01793  79060    4410257.3 0.0036
0  3  26.6 0.01050 0.01055 0.01793  79530    4436475.6 0.0035
0  3  26.6 0.01070 0.01074 0.01793  79654    4443392.8 0.0035
0  3  26.6 0.01090 0.01094 0.01793  79738    4448078.6 0.0035
0  3  26.6 0.01110 0.01113 0.01793  79746    4448524.9 0.0035
0  3  26.6 0.01130 0.01133 0.01793  79620    4441496.1 0.0035
0  3  26.6 0.01150 0.01152 0.01793  79296    4423422.2 0.0036
0  3  26.6 0.01170 0.01172 0.01793  78860    4399100.5 0.0036
0  3  26.6 0.01190 0.01191 0.01793  78124    4358043.8 0.0036
0  3  26.6 0.01210 0.01211 0.01793  76894    4289429.8 0.0036
0  3  26.6 0.01230 0.01230 0.01793  75324    4201849.5 0.0036
0  3  26.6 0.01250 0.01250 0.01793  73084    4076894.0 0.0037
0  3  26.6 0.01270 0.01270 0.01793  70048    3907534.8 0.0038
0  3  26.6 0.01290 0.01289 0.01793  66346    3701023.6 0.0039
0  3  26.6 0.01310 0.01309 0.01793  62638    3494177.8 0.0040
0  3  26.6 0.01330 0.01328 0.01793  59194    3302058.8 0.0041
0  3  26.6 0.01350 0.01348 0.01793  56172    3133480.5 0.0042
0  3  26.6 0.01370 0.01367 0.01793  54374    3033181.5 0.0043
0  3  26.6 0.01390 0.01387 0.01793  53120    2963228.8 0.0043
0  3  26.6 0.01410 0.01406 0.01793  52556    2931766.8 0.0044
0  3  26.6 0.01430 0.01426 0.01793  52050    2903540.2 0.0044
0  3  26.6 0.01450 0.01445 0.01793  51734    2885912.6 0.0044
0  3  26.6 0.01470 0.01475 0.01793  51458    2870516.3 0.0044
0  3  26.6 0.01490 0.01494 0.01793  51448    2869958.5 0.0044
0  3  26.6 0.01510 0.01514 0.01793  51260    2859471.1 0.0044
0  3  26.6 0.01530 0.01533 0.01793  51340    2863933.8 0.0044
0  3  26.6 0.01550 0.01553 0.01793  51206    2856458.8 0.0044
0  3  26.6 0.01570 0.01572 0.01793  51314    2862483.5 0.0044
0  3  26.6 0.01590 0.01592 0.01793  51102    2850657.3 0.0044
0  3  26.6 0.01610 0.01611 0.01793  50984    2844074.8 0.0044
0  3  26.6 0.01630 0.01631 0.01793  50920    2840504.7 0.0044
0  3  26.6 0.01650 0.01650 0.01793  50664    2826224.1 0.0044
0  3  26.6 0.01670 0.01670 0.01793  50922    2840616.3 0.0044
0  3  26.6 0.01690 0.01689 0.01793  50888    2838719.6 0.0044
0  3  26.6 0.01710 0.01709 0.01793  50810    2834368.5 0.0044
0  3  26.6 0.01730 0.01729 0.01793  50618    2823658.0 0.0044
0  3  26.6 0.01750 0.01748 0.01793  50846    2836376.7 0.0044
0  3  26.6 0.01770 0.01768 0.01793  50700    2828232.3 0.0044
0  3  26.6 0.01790 0.01787 0.01793  50654    2825666.2 0.0044
0  3  26.6 0.01810 0.01807 0.01793  50556    2820199.4 0.0044
0  3  26.6 0.01830 0.01826 0.01793  50632    2824439.0 0.0044
0  3  26.6 0.01850 0.01846 0.01793  50320    2807034.5 0.0045
0  3  26.6 0.01870 0.01865 0.01793  50280    2804803.1 0.0045
0  3  26.6 0.01890 0.01895 0.01793  50204    2800563.6 0.0045
0  3  26.6 0.01910 0.01914 0.01793  50148    2797439.7 0.0045
0  3  26.6 0.01930 0.01934 0.01793  49932    2785390.4 0.0045
0  3  26.6 0.01950 0.01953 0.01793  49570    2765196.7 0.0045
0  3  26.6 0.01970 0.01973 0.01793  49086    2738197.4 0.0045
0  3  26.6 0.01990 0.01992 0.01793  48336    2696359.7 0.0045
0  3  26.6 0.02010 0.02012 0.01793  47342    2640910.7 0.0046
0  3  26.6 0.02030 0.02031 0.01793  45838    2557012.1 0.0047
0  3  26.6 0.02050 0.02051 0.01793  44276    2469878.0 0.0048
0  3  26.6 0.02070 0.02070 0.01793  42518    2371810.3 0.0048
0  3  26.6 0.02090 0.02090 0.01793  40078    2235698.1 0.0050
0  3  26.6 0.02110 0.02109 0.01793  37908    2114647.5 0.0051
0  3  26.6 0.02130 0.02129 0.01793  35432    1976527.1 0.0053
0  3  26.6 0.02150 0.02148 0.01793  32628    1820109.7 0.0055
0  3  26.6 0.02170 0.02168 0.01793  30760    1715905.8 0.0057
0  3  26.6 0.02190 0.02188 0.01793  28390    1583698.5 0.0059
0  3  26.6 0.02210 0.02207 0.01793  26746    1491990.1 0.0061
0  3  26.6 0.02230 0.02227 0.01793  25192    1405302.3 0.0063
0  3  26.6 0.02250 0.02246 0.01793  24068    1342601.5 0.0064
0  3  26.6 0.02270 0.02266 0.01793  23034    1284921.1 0.0066
0  3  26.6 0.02290 0.02285 0.01793  22290    1243418.1 0.0067
0  3  26.6 0.02310 0.02314 0.01793  21586    1204146.4 0.0068
0  3  26.6 0.02330 0.02334 0.01793  21114    1177816.5 0.0069
0  3  26.6 0.02350 0.02354 0.01793  20728    1156284.0 0.0069
0  3  26.6 0.02370 0.02373 0.01793  20118    1122256.0 0.0071
0  3  26.6 0.02390 0.02393 0.01793  20130    1122925.4 0.0070
0  3  26.6 0.02410 0.02412 0.01793  19576    1092021.2 0.0071
0  3  26.6 0.02430 0.02432 0.01793  19472    1086219.7 0.0072
0  3  26.6 0.02450 0.02451 0.01793  19340    1078856.3 0.0072
0  3  26.6 0.02470 0.02471 0.01793  18844    1051187.6 0.0073
0  3  26.6 0.02490 0.02490 0.01793  18696    1042931.6 0.0073
0  3  26.6 0.02510 0.02510 0.01793  18506    1032332.7 0.0074
0  3  26.6 0.02530 0.02529 0.01793  18092    1009238.2 0.0074
0  3  26.6 0.02550 0.02549 0.01793  17742     989713.9 0.0075
0  3  26.6 0.02570 0.02568 0.01793  17334     966954.2 0.0076
0  3  26.6 0.02590 0.02588 0.01793  17208     959925.5 0.0076
0  3  26.6 0.02610 0.02607 0.01793  16940     944975.4 0.0077
0  3  26.6 0.02630 0.02627 0.01793  16784     936273.2 0.0077
0  3  26.6 0.02650 0.02646 0.01793  16566     924112.3 0.0078
0  3  26.6 0.02670 0.02666 0.01793  16190     903137.7 0.0079
0  3  26.6 0.02690 0.02686 0.01793  15964     890530.6 0.0079
0  3  26.6 0.02710 0.02715 0.01793  15200     847911.8 0.0081
0  3  26.6 0.02730 0.02734 0.01793  14704     820243.1 0.0082
0  3  26.6 0.02750 0.02754 0.01793  14534     810759.9 0.0083
0  3  26.6 0.02770 0.02773 0.01793  14054     783983.8 0.0084
0  3  26.6 0.02790 0.02793 0.01793  13596     758434.8 0.0086
0  3  26.6 0.02810 0.02813 0.01793  13272     740360.9 0.0087
0  3  26.6 0.02830 0.02832 0.01793  13094     730431.4 0.0087
0  3  26.6 0.02850 0.02852 0.01793  12514     698076.9 0.0089
0  3  26.6 0.02870 0.02871 0.01793  12136     676990.7 0.0091
0  3  26.6 0.02890 0.02891 0.01793  11624     648429.4 0.0093
0  3  26.6 0.02910 0.02910 0.01793  11270     628682.0 0.0094
0  3  26.6 0.02930 0.02930 0.01793  10814     603244.7 0.0096
0  3  26.6 0.02950 0.02949 0.01793  10528     587290.5 0.0097
0  3  26.6 0.02970 0.02969 0.01793  10012     558506.1 0.0100
0  3  26.6 0.02990 0.02988 0.01793   9702     541213.2 0.0102
0  3  26.6 0.03010 0.03008 0.01793   8982     501049.0 0.0106
0  3  26.6 0.03030 0.03027 0.01793   8500     474161.2 0.0108
0  3  26.6 0.03050 0.03047 0.01793   8204     457649.3 0.0110
0  3  26.6 0.03070 0.03066 0.01793   7576     422617.1 0.0115
0  3  26.6 0.03090 0.03086 0.01793   7086     395283.1 0.0119
0  3  26.6 0.03110 0.03105 0.01793   6730     375424.1 0.0122
0  3  26.6 0.03130 0.03135 0.01793   6130     341953.9 0.0128
0  3  26.6 0.03150 0.03154 0.01793   5868     327338.6 0.0131
0  3  26.6 0.03170 0.03174 0.01793   5364     299223.6 0.0137
0  3  26.6 0.03190 0.03193 0.01793   5076     283157.9 0.0140
0  3  26.6 0.03210 0.03213 0.01793   4932     275125.1 0.0142
0  3  26.6 0.03230 0.03232 0.01793   4666     260286.6 0.0146
0  3  26.6 0.03250 0.03252 0.01793   4522     252253.8 0.0149
0  3  26.6 0.03270 0.03271 0.01793   4232     236076.5 0.0154
0  3  26.6 0.03290 0.03291 0.01793   4080     227597.4 0.0157
0  3  26.6 0.03310 0.03311 0.01793   4002     223246.3 0.0158
0  3  26.6 0.03330 0.03330 0.01793   3826     213428.3 0.0162
0  3  26.6 0.03350 0.03350 0.01793   3772     210416.0 0.0163
0  3  26.6 0.03370 0.03369 0.01793   3712     207069.0 0.0164
0  3  26.6 0.03390 0.03389 0.01793   3608     201267.5 0.0166
0  3  26.6 0.03410 0.03408 0.01793   3434     191561.1 0.0171
0  3  26.6 0.03430 0.03428 0.01793   3394     189329.8 0.0172
0  3  26.6 0.03450 0.03447 0.01793   3246     181073.8 0.0176
0  3  26.6 0.03470 0.03467 0.01793   3228     180069.7 0.0176
0  3  26.6 0.03490 0.03486 0.01793   3192     178061.5 0.0177
0  3  26.6 0.03510 0.03506 0.01793   3036     169359.2 0.0181
0  3  26.6 0.03530 0.03525 0.01793   2898     161661.1 0.0186
0  3  26.6 0.03550 0.03555 0.01793   2708     151062.2 0.0192
0  3  26.6 0.03570 0.03574 0.01793   2704     150839.1 0.0192
0  3  26.6 0.03590 0.03594 0.01793   2550     142248.4 0.0198
0  3  26.6 0.03610 0.03613 0.01793   2468     137674.1 0.0201
0  3  26.6 0.03630 0.03633 0.01793   2624     146376.4 0.0195
0  3  26.6 0.03650 0.03652 0.01793   2290     127744.6 0.0209
0  3  26.6 0.03670 0.03672 0.01793   2398     133769.3 0.0204
0  3  26.6 0.03690 0.03691 0.01831   2244     122587.1 0.0211
0  3  26.6 0.03710 0.03711 0.01895   2346     123775.8 0.0206
0  3  26.6 0.03730 0.03730 0.01948   2232     114581.2 0.0212
0  3  26.6 0.03750 0.03750 0.02083   2224     106775.2 0.0212
0  3  26.6 0.03770 0.03770 0.02139   2260     105671.3 0.0210
0  3  26.6 0.03790 0.03789 0.02178   2272     104320.0 0.0210
0  3  26.6 0.03810 0.03809 0.02309   2240      97018.5 0.0211
0  3  26.6 0.03830 0.03828 0.02309   2246      97278.4 0.0211
0  3  26.6 0.03850 0.03848 0.02540   2248      88513.6 0.0211
0  3  26.6 0.03870 0.03867 0.02570   2288      89034.5 0.0209
0  3  26.6 0.03890 0.03887 0.02729   2224      81480.7 0.0212
0  3  26.6 0.03910 0.03906 0.02837   2228      78544.1 0.0212
0  3  26.6 0.03930 0.03926 0.02965   2254      76027.6 0.0211
0  3  26.6 0.03950 0.03945 0.03214   2300      71553.9 0.0209
0  3  26.6 0.03970 0.03975 0.03365   2236      66449.1 0.0211
0  3  26.6 0.03990 0.03994 0.03554   2238      62976.6 0.0211
