# Scan Time    : Fri, 18 Mar 2022 03:45:08 +0000 (GMT) +177632000 nsec
# Board Lane   : 0
# Board Loc    : Bore Paddle
# SiPM Biases  :  56.327  56.680  56.393  56.526
# SiPM Currents:   0.995   1.046   1.393   1.141
#
7 -1  25.6 0.00010 0.00010 1.21000      2          1.7 0.7071
7 -1  25.6 0.00030 0.00029 1.21000      0          0.0 999.9990
7 -1  25.6 0.00050 0.00049 1.21000      4          3.3 0.5000
7 -1  25.6 0.00070 0.00068 1.21000      2          1.7 0.7071
7 -1  25.6 0.00090 0.00088 1.21000      4          3.3 0.5000
7 -1  25.6 0.00110 0.00107 1.21000      6          5.0 0.4082
7 -1  25.6 0.00130 0.00127 1.21000     10          8.3 0.3162
7 -1  25.6 0.00150 0.00146 1.21000      4          3.3 0.5000
7 -1  25.6 0.00170 0.00166 1.21000     12          9.9 0.2887
7 -1  25.6 0.00190 0.00186 1.21000     14         11.6 0.2673
7 -1  25.6 0.00210 0.00215 1.21000    126        104.1 0.0891
7 -1  25.6 0.00230 0.00234 1.21000    274        226.4 0.0604
7 -1  25.6 0.00250 0.00254 1.21000    794        656.2 0.0355
7 -1  25.6 0.00270 0.00273 1.21000   2036       1682.6 0.0222
7 -1  25.6 0.00290 0.00293 1.21000   5404       4466.1 0.0136
7 -1  25.6 0.00310 0.00313 1.21000  12740      10528.9 0.0089
7 -1  25.6 0.00330 0.00332 1.21000  30986      25608.3 0.0057
7 -1  25.6 0.00350 0.00352 1.21000  71332      58952.1 0.0037
7 -1  25.6 0.00370 0.00371 0.56573  71546     126467.2 0.0037
7 -1  25.5 0.00390 0.00391 0.26917  72416     269037.4 0.0037
7 -1  25.5 0.00410 0.00410 0.14786  78434     530460.8 0.0036
7 -1  25.5 0.00430 0.00430 0.07115  71150    1000053.9 0.0037
7 -1  25.5 0.00450 0.00449 0.04049  72462    1789834.8 0.0037
7 -1  25.5 0.00470 0.00469 0.02493  71928    2885320.6 0.0037
7 -1  25.5 0.00490 0.00488 0.01665  72380    4348080.9 0.0037
7 -1  25.5 0.00510 0.00508 0.01186  71428    6023458.1 0.0037
7 -1  25.5 0.00530 0.00527 0.00942  73746    7826354.3 0.0037
7 -1  25.5 0.00550 0.00547 0.00780  72048    9242287.0 0.0037
7 -1  25.5 0.00570 0.00566 0.00688  71570   10409689.1 0.0037
7 -1  25.5 0.00590 0.00586 0.00688  77754   11309137.5 0.0036
7 -1  25.5 0.00610 0.00605 0.00603  72136   11958562.7 0.0037
7 -1  25.5 0.00630 0.00635 0.00603  76560   12691964.6 0.0036
7 -1  25.5 0.00650 0.00654 0.00603  78520   13016889.5 0.0036
7 -1  25.5 0.00670 0.00674 0.00542  71376   13162092.3 0.0037
7 -1  25.5 0.00690 0.00693 0.00542  72248   13322893.5 0.0037
7 -1  25.5 0.00710 0.00713 0.00542  72832   13430586.0 0.0037
7 -1  25.5 0.00730 0.00732 0.00542  73160   13491070.8 0.0037
7 -1  25.5 0.00750 0.00752 0.00542  73202   13498815.8 0.0037
7 -1  25.5 0.00770 0.00771 0.00542  72852   13434274.1 0.0037
7 -1  25.5 0.00790 0.00791 0.00542  72174   13309247.5 0.0037
7 -1  25.5 0.00810 0.00811 0.00542  71050   13101976.3 0.0038
7 -1  25.5 0.00830 0.00830 0.00542  69192   12759351.7 0.0038
7 -1  25.5 0.00850 0.00850 0.00542  66632   12287274.9 0.0039
7 -1  25.5 0.00870 0.00869 0.00542  62668   11556293.4 0.0040
7 -1  25.5 0.00890 0.00889 0.00542  57730   10645701.5 0.0042
7 -1  25.5 0.00910 0.00908 0.00542  51120    9426784.3 0.0044
7 -1  25.5 0.00930 0.00928 0.00542  44348    8177993.6 0.0047
7 -1  25.5 0.00950 0.00947 0.00542  37834    6976779.3 0.0051
7 -1  25.5 0.00970 0.00967 0.00542  32734    6036313.7 0.0055
7 -1  25.5 0.00990 0.00986 0.00542  28898    5328936.1 0.0059
7 -1  25.5 0.01010 0.01006 0.00542  26272    4844688.5 0.0062
7 -1  25.5 0.01030 0.01025 0.00542  25084    4625615.4 0.0063
7 -1  25.5 0.01050 0.01055 0.00542  24314    4483623.5 0.0064
7 -1  25.5 0.01070 0.01074 0.00542  23596    4351220.7 0.0065
7 -1  25.5 0.01090 0.01094 0.00542  23540    4340894.0 0.0065
7 -1  25.5 0.01110 0.01113 0.00542  23410    4316921.4 0.0065
7 -1  25.5 0.01130 0.01133 0.00542  23144    4267869.6 0.0066
7 -1  25.5 0.01150 0.01152 0.00542  22930    4228407.0 0.0066
7 -1  25.5 0.01170 0.01172 0.00542  23276    4292211.1 0.0066
7 -1  25.5 0.01190 0.01191 0.00542  22922    4226931.7 0.0066
7 -1  25.5 0.01210 0.01211 0.00542  22944    4230988.6 0.0066
7 -1  25.5 0.01230 0.01230 0.00542  23134    4266025.6 0.0066
7 -1  25.5 0.01250 0.01250 0.00542  23268    4290735.9 0.0066
7 -1  25.5 0.01270 0.01270 0.00542  22954    4232832.7 0.0066
7 -1  25.5 0.01290 0.01289 0.00542  23186    4275614.7 0.0066
7 -1  25.5 0.01310 0.01309 0.00542  22946    4231357.5 0.0066
7 -1  25.5 0.01330 0.01328 0.00542  22926    4227669.4 0.0066
7 -1  25.5 0.01350 0.01348 0.00542  22366    4124402.5 0.0067
7 -1  25.5 0.01370 0.01367 0.00542  22102    4075719.6 0.0067
7 -1  25.5 0.01390 0.01387 0.00542  21546    3973190.4 0.0068
7 -1  25.5 0.01410 0.01406 0.00542  20578    3794686.4 0.0070
7 -1  25.5 0.01430 0.01426 0.00542  19378    3573400.4 0.0072
7 -1  25.5 0.01450 0.01445 0.00542  18254    3366129.1 0.0074
7 -1  25.5 0.01470 0.01475 0.00542  16196    2986623.6 0.0079
7 -1  25.5 0.01490 0.01494 0.00542  14450    2664652.5 0.0083
7 -1  25.5 0.01510 0.01514 0.00542  12988    2395052.3 0.0088
7 -1  25.5 0.01530 0.01533 0.00542  11528    2125821.0 0.0093
7 -1  25.5 0.01550 0.01553 0.00542   9928    1830773.0 0.0100
7 -1  25.5 0.01570 0.01572 0.00542   8780    1619076.0 0.0107
7 -1  25.5 0.01590 0.01592 0.00542   7760    1430982.9 0.0114
7 -1  25.5 0.01610 0.01611 0.00542   7232    1333617.1 0.0118
7 -1  25.5 0.01630 0.01631 0.00542   6542    1206377.6 0.0124
7 -1  25.5 0.01650 0.01650 0.00542   5946    1096472.2 0.0130
7 -1  25.5 0.01670 0.01670 0.00542   5498    1013858.8 0.0135
7 -1  25.5 0.01690 0.01689 0.00542   5392     994311.8 0.0136
7 -1  25.5 0.01710 0.01709 0.00542   5234     965175.8 0.0138
7 -1  25.5 0.01730 0.01729 0.00542   5034     928294.8 0.0141
7 -1  25.5 0.01750 0.01748 0.00542   4982     918705.8 0.0142
7 -1  25.5 0.01770 0.01768 0.00542   4868     897683.6 0.0143
7 -1  25.5 0.01790 0.01787 0.00542   4594     847156.6 0.0148
7 -1  25.5 0.01810 0.01807 0.00542   4558     840518.1 0.0148
7 -1  25.5 0.01830 0.01826 0.00542   4402     811750.9 0.0151
7 -1  25.5 0.01850 0.01846 0.00542   4342     800686.6 0.0152
7 -1  25.5 0.01870 0.01865 0.00542   4274     788147.0 0.0153
7 -1  25.5 0.01890 0.01895 0.00542   4120     759748.7 0.0156
7 -1  25.5 0.01910 0.01914 0.00542   4046     746102.7 0.0157
7 -1  25.5 0.01930 0.01934 0.00542   3936     725818.1 0.0159
7 -1  25.5 0.01950 0.01953 0.00542   3760     693362.9 0.0163
7 -1  25.5 0.01970 0.01973 0.00542   3786     698157.4 0.0163
7 -1  25.5 0.01990 0.01992 0.00542   3744     690412.4 0.0163
7 -1  25.5 0.02010 0.02012 0.00542   3462     638410.2 0.0170
7 -1  25.5 0.02030 0.02031 0.00542   3456     637303.7 0.0170
7 -1  25.5 0.02050 0.02051 0.00542   3310     610380.6 0.0174
7 -1  25.5 0.02070 0.02070 0.00542   3144     579769.4 0.0178
7 -1  25.5 0.02090 0.02090 0.00542   2930     540306.7 0.0185
7 -1  25.5 0.02110 0.02109 0.00542   2750     507113.8 0.0191
7 -1  25.5 0.02130 0.02129 0.00542   2652     489042.1 0.0194
7 -1  25.5 0.02150 0.02148 0.00542   2500     461012.5 0.0200
7 -1  25.5 0.02170 0.02168 0.00542   2308     425606.8 0.0208
7 -1  25.5 0.02190 0.02188 0.00569   2236     392659.5 0.0211
7 -1  25.5 0.02210 0.02207 0.00624   2248     360300.2 0.0211
7 -1  25.5 0.02230 0.02227 0.00681   2246     329846.4 0.0211
7 -1  25.5 0.02250 0.02246 0.00780   2222     284794.7 0.0212
7 -1  25.5 0.02270 0.02266 0.00836   2334     279035.7 0.0207
7 -1  25.5 0.02290 0.02285 0.00935   2226     238123.3 0.0212
7 -1  25.5 0.02310 0.02314 0.01039   2230     214624.0 0.0212
7 -1  25.5 0.02330 0.02334 0.01110   2278     205232.7 0.0210
7 -1  25.5 0.02350 0.02354 0.01116   2224     199285.5 0.0212
7 -1  25.5 0.02370 0.02373 0.01198   2228     185957.7 0.0212
7 -1  25.5 0.02390 0.02393 0.01276   2238     175359.5 0.0211
7 -1  25.5 0.02410 0.02412 0.01340   2258     168486.4 0.0210
7 -1  25.5 0.02430 0.02432 0.01343   2240     166842.3 0.0211
7 -1  25.5 0.02450 0.02451 0.01485   2392     161093.8 0.0204
7 -1  25.5 0.02470 0.02471 0.01485   2358     158804.0 0.0206
7 -1  25.5 0.02490 0.02490 0.01485   2264     152473.4 0.0210
7 -1  25.5 0.02510 0.02510 0.01577   2264     143552.8 0.0210
7 -1  25.5 0.02530 0.02529 0.01596   2310     144755.7 0.0208
7 -1  25.5 0.02550 0.02549 0.01671   2264     135488.2 0.0210
7 -1  25.5 0.02570 0.02568 0.01692   2272     134253.6 0.0210
7 -1  25.5 0.02590 0.02588 0.01751   2256     128868.5 0.0211
7 -1  25.5 0.02610 0.02607 0.01789   2270     126867.1 0.0210
7 -1  25.5 0.02630 0.02627 0.01873   2256     120471.6 0.0211
7 -1  25.5 0.02650 0.02646 0.01873   2222     118656.0 0.0212
7 -1  25.5 0.02670 0.02666 0.01959   2264     115566.6 0.0210
7 -1  25.5 0.02690 0.02686 0.01959   2238     114239.4 0.0211
7 -1  25.5 0.02710 0.02715 0.02067   2226     107681.6 0.0212
7 -1  25.5 0.02730 0.02734 0.02208   2322     105147.2 0.0208
7 -1  25.5 0.02750 0.02754 0.02253   2342     103952.8 0.0207
7 -1  25.5 0.02770 0.02773 0.02393   2340      97787.4 0.0207
7 -1  25.5 0.02790 0.02793 0.02393   2224      92939.8 0.0212
7 -1  25.5 0.02810 0.02813 0.02580   2274      88135.0 0.0210
7 -1  25.5 0.02830 0.02832 0.02580   2240      86817.3 0.0211
7 -1  25.5 0.02850 0.02852 0.02855   2232      78175.7 0.0212
7 -1  25.5 0.02870 0.02871 0.02977   2282      76655.0 0.0209
7 -1  25.5 0.02890 0.02891 0.03174   2232      70319.0 0.0212
7 -1  25.5 0.02910 0.02910 0.03340   2248      67296.8 0.0211
7 -1  25.5 0.02930 0.02930 0.03628   2266      62462.5 0.0210
7 -1  25.5 0.02950 0.02949 0.04043   2340      57883.7 0.0207
7 -1  25.5 0.02970 0.02969 0.04302   2348      54579.0 0.0206
7 -1  25.5 0.02990 0.02988 0.04739   2318      48912.4 0.0208
7 -1  25.5 0.03010 0.03008 0.04925   2238      45439.1 0.0211
7 -1  25.5 0.03030 0.03027 0.05456   2296      42085.1 0.0209
7 -1  25.5 0.03050 0.03047 0.05684   2334      41065.6 0.0207
7 -1  25.5 0.03070 0.03066 0.06083   2286      37578.3 0.0209
7 -1  25.5 0.03090 0.03086 0.06083   2274      37381.0 0.0210
7 -1  25.5 0.03110 0.03105 0.06782   2326      34295.5 0.0207
7 -1  25.5 0.03130 0.03135 0.06844   2222      32467.2 0.0212
7 -1  25.5 0.03150 0.03154 0.07160   2268      31677.7 0.0210
7 -1  25.5 0.03170 0.03174 0.07768   2472      31823.3 0.0201
7 -1  25.5 0.03190 0.03193 0.07789   2248      28861.5 0.0211
7 -1  25.5 0.03210 0.03213 0.07789   2258      28989.9 0.0210
7 -1  25.5 0.03230 0.03232 0.07860   2226      28321.8 0.0212
7 -1  25.5 0.03250 0.03252 0.08310   2310      27798.6 0.0208
7 -1  25.5 0.03270 0.03271 0.08547   2238      26185.6 0.0211
7 -1  25.5 0.03290 0.03291 0.08547   2258      26419.7 0.0210
7 -1  25.5 0.03310 0.03311 0.08966   2244      25026.9 0.0211
7 -1  25.5 0.03330 0.03330 0.08966   2236      24937.7 0.0211
7 -1  25.5 0.03350 0.03350 0.09611   2290      23827.3 0.0209
7 -1  25.5 0.03370 0.03369 0.09672   2298      23759.9 0.0209
7 -1  25.5 0.03390 0.03389 0.09672   2240      23160.2 0.0211
7 -1  25.5 0.03410 0.03408 0.10185   2330      22876.4 0.0207
7 -1  25.5 0.03430 0.03428 0.10726   2362      22021.7 0.0206
7 -1  25.5 0.03450 0.03447 0.10745   2294      21349.2 0.0209
7 -1  25.5 0.03470 0.03467 0.10745   2230      20753.6 0.0212
7 -1  25.5 0.03490 0.03486 0.11569   2314      20002.6 0.0208
7 -1  25.5 0.03510 0.03506 0.11579   2272      19621.8 0.0210
7 -1  25.5 0.03530 0.03525 0.11867   2234      18824.8 0.0212
7 -1  25.5 0.03550 0.03555 0.13106   2286      17442.4 0.0209
7 -1  25.5 0.03570 0.03574 0.13867   2258      16282.8 0.0210
7 -1  25.5 0.03590 0.03594 0.14439   2318      16053.5 0.0208
7 -1  25.5 0.03610 0.03613 0.15120   2252      14894.5 0.0211
7 -1  25.5 0.03630 0.03633 0.16054   2278      14189.9 0.0210
7 -1  25.5 0.03650 0.03652 0.17498   2270      12972.6 0.0210
7 -1  25.5 0.03670 0.03672 0.18280   2224      12166.3 0.0212
7 -1  25.5 0.03690 0.03691 0.19973   2274      11385.5 0.0210
7 -1  25.5 0.03710 0.03711 0.20993   2314      11022.7 0.0208
7 -1  25.5 0.03730 0.03730 0.22528   2254      10005.5 0.0211
7 -1  25.5 0.03750 0.03750 0.23753   2272       9565.0 0.0210
7 -1  25.5 0.03770 0.03770 0.25177   2288       9087.7 0.0209
7 -1  25.5 0.03790 0.03789 0.26438   2290       8661.8 0.0209
7 -1  25.5 0.03810 0.03809 0.27804   2242       8063.7 0.0211
7 -1  25.5 0.03830 0.03828 0.27804   2222       7991.8 0.0212
7 -1  25.5 0.03850 0.03848 0.29874   2304       7712.4 0.0208
7 -1  25.5 0.03870 0.03867 0.30228   2228       7370.7 0.0212
7 -1  25.5 0.03890 0.03887 0.31682   2228       7032.4 0.0212
7 -1  25.5 0.03910 0.03906 0.31682   2266       7152.3 0.0210
7 -1  25.5 0.03930 0.03926 0.32743   2264       6914.4 0.0210
7 -1  25.5 0.03950 0.03945 0.34645   2376       6858.1 0.0205
7 -1  25.5 0.03970 0.03975 0.34645   2294       6621.4 0.0209
7 -1  25.5 0.03990 0.03994 0.35931   2264       6300.9 0.0210
7  0  25.5 0.00010 0.00010 1.21000    282        233.1 0.0595
7  0  25.5 0.00030 0.00029 1.21000     22         18.2 0.2132
7  0  25.5 0.00050 0.00049 1.21000     32         26.4 0.1768
7  0  25.5 0.00070 0.00068 1.21000     24         19.8 0.2041
7  0  25.5 0.00090 0.00088 1.21000     20         16.5 0.2236
7  0  25.5 0.00110 0.00107 1.21000     18         14.9 0.2357
7  0  25.5 0.00130 0.00127 1.21000     30         24.8 0.1826
7  0  25.5 0.00150 0.00146 1.21000     40         33.1 0.1581
7  0  25.5 0.00170 0.00166 1.21000     28         23.1 0.1890
7  0  25.5 0.00190 0.00186 1.21000     44         36.4 0.1508
7  0  25.5 0.00210 0.00215 1.21000    160        132.2 0.0791
7  0  25.5 0.00230 0.00234 1.21000    352        290.9 0.0533
7  0  25.5 0.00250 0.00254 1.21000    864        714.0 0.0340
7  0  25.5 0.00270 0.00273 1.21000   2430       2008.3 0.0203
7  0  25.5 0.00290 0.00293 1.21000   6152       5084.3 0.0127
7  0  25.5 0.00310 0.00313 1.21000  14654      12110.7 0.0083
7  0  25.5 0.00330 0.00332 1.21000  34050      28140.5 0.0054
7  0  25.5 0.00350 0.00352 1.21000  78066      64517.4 0.0036
7  0  25.5 0.00370 0.00371 0.43497  71386     164116.9 0.0037
7  0  25.5 0.00390 0.00391 0.23894  79564     332987.4 0.0035
7  0  25.5 0.00410 0.00410 0.11458  72126     629476.4 0.0037
7  0  25.5 0.00430 0.00430 0.06570  72112    1097663.7 0.0037
7  0  25.5 0.00450 0.00449 0.04229  71642    1693924.7 0.0037
7  0  25.5 0.00470 0.00469 0.03069  71766    2338127.0 0.0037
7  0  25.5 0.00490 0.00488 0.02413  71928    2980811.1 0.0037
7  0  25.5 0.00510 0.00508 0.02062  72130    3497592.4 0.0037
7  0  25.5 0.00530 0.00527 0.02062  79764    3867766.0 0.0035
7  0  25.5 0.00550 0.00547 0.01750  71994    4113753.0 0.0037
7  0  25.5 0.00570 0.00566 0.01750  74872    4278202.5 0.0037
7  0  25.5 0.00590 0.00586 0.01750  76778    4387111.8 0.0036
7  0  25.5 0.00610 0.00605 0.01750  78006    4457280.0 0.0036
7  0  25.5 0.00630 0.00635 0.01750  79180    4524362.6 0.0036
7  0  25.5 0.00650 0.00654 0.01750  79642    4550761.4 0.0035
7  0  25.5 0.00670 0.00674 0.01750  79960    4568932.0 0.0035
7  0  25.5 0.00690 0.00693 0.01572  71902    4572984.4 0.0037
7  0  25.5 0.00710 0.00713 0.01572  71962    4576800.4 0.0037
7  0  25.5 0.00730 0.00732 0.01572  71928    4574638.0 0.0037
7  0  25.5 0.00750 0.00752 0.01572  71808    4567005.9 0.0037
7  0  25.5 0.00770 0.00771 0.01572  71554    4550851.5 0.0037
7  0  25.5 0.00790 0.00791 0.01572  71168    4526301.8 0.0037
7  0  25.5 0.00810 0.00811 0.01572  70582    4489032.1 0.0038
7  0  25.5 0.00830 0.00830 0.01572  69660    4430392.6 0.0038
7  0  25.5 0.00850 0.00850 0.01572  68256    4341097.9 0.0038
7  0  25.5 0.00870 0.00869 0.01572  66096    4203721.4 0.0039
7  0  25.5 0.00890 0.00889 0.01572  63054    4010249.5 0.0040
7  0  25.5 0.00910 0.00908 0.01572  58368    3712218.7 0.0041
7  0  25.5 0.00930 0.00928 0.01572  51996    3306958.0 0.0044
7  0  25.5 0.00950 0.00947 0.01572  44030    2800318.5 0.0048
7  0  25.5 0.00970 0.00967 0.01572  35790    2276252.5 0.0053
7  0  25.5 0.00990 0.00986 0.01572  28430    1808154.8 0.0059
7  0  25.5 0.01010 0.01006 0.01572  23326    1483539.2 0.0065
7  0  25.5 0.01030 0.01025 0.01572  19680    1251652.7 0.0071
7  0  25.5 0.01050 0.01055 0.01572  16968    1079168.9 0.0077
7  0  25.5 0.01070 0.01074 0.01572  16452    1046351.1 0.0078
7  0  25.5 0.01090 0.01094 0.01572  16160    1027779.9 0.0079
7  0  25.5 0.01110 0.01113 0.01572  15944    1014042.2 0.0079
7  0  25.5 0.01130 0.01133 0.01572  15820    1006155.8 0.0080
7  0  25.5 0.01150 0.01152 0.01572  15776    1003357.4 0.0080
7  0  25.5 0.01170 0.01172 0.01572  16022    1019003.0 0.0079
7  0  25.5 0.01190 0.01191 0.01572  15830    1006791.8 0.0079
7  0  25.5 0.01210 0.01211 0.01572  15922    1012643.0 0.0079
7  0  25.5 0.01230 0.01230 0.01572  15836    1007173.4 0.0079
7  0  25.5 0.01250 0.01250 0.01572  15826    1006537.4 0.0079
7  0  25.5 0.01270 0.01270 0.01572  15976    1016077.4 0.0079
7  0  25.5 0.01290 0.01289 0.01572  15724    1000050.2 0.0080
7  0  25.5 0.01310 0.01309 0.01572  15706     998905.4 0.0080
7  0  25.5 0.01330 0.01328 0.01572  15740    1001067.8 0.0080
7  0  25.5 0.01350 0.01348 0.01572  15458     983132.5 0.0080
7  0  25.5 0.01370 0.01367 0.01572  15148     963416.4 0.0081
7  0  25.5 0.01390 0.01387 0.01572  14456     919405.1 0.0083
7  0  25.5 0.01410 0.01406 0.01572  13846     880608.9 0.0085
7  0  25.5 0.01430 0.01426 0.01572  13002     826930.3 0.0088
7  0  25.5 0.01450 0.01445 0.01572  11894     756461.2 0.0092
7  0  25.5 0.01470 0.01475 0.01572  10108     642871.2 0.0099
7  0  25.5 0.01490 0.01494 0.01572   8768     557646.9 0.0107
7  0  25.5 0.01510 0.01514 0.01572   7204     458176.1 0.0118
7  0  25.5 0.01530 0.01533 0.01572   6222     395720.7 0.0127
7  0  25.5 0.01550 0.01553 0.01572   5202     330848.4 0.0139
7  0  25.5 0.01570 0.01572 0.01572   4316     274498.6 0.0152
7  0  25.5 0.01590 0.01592 0.01572   3814     242571.3 0.0162
7  0  25.5 0.01610 0.01611 0.01572   3330     211788.8 0.0173
7  0  25.5 0.01630 0.01631 0.01572   2930     186348.7 0.0185
7  0  25.5 0.01650 0.01650 0.01572   2786     177190.3 0.0189
7  0  25.5 0.01670 0.01670 0.01572   2600     165360.6 0.0196
7  0  25.5 0.01690 0.01689 0.01572   2538     161417.4 0.0198
7  0  25.5 0.01710 0.01709 0.01572   2442     155311.8 0.0202
7  0  25.5 0.01730 0.01729 0.01572   2404     152895.0 0.0204
7  0  25.5 0.01750 0.01748 0.01572   2456     156202.2 0.0202
7  0  25.5 0.01770 0.01768 0.01572   2426     154294.2 0.0203
7  0  25.5 0.01790 0.01787 0.01572   2280     145008.5 0.0209
7  0  25.5 0.01810 0.01807 0.01572   2266     144118.1 0.0210
7  0  25.5 0.01830 0.01826 0.01575   2230     141573.2 0.0212
7  0  25.5 0.01850 0.01846 0.01611   2274     141118.0 0.0210
7  0  25.5 0.01870 0.01865 0.01611   2232     138511.6 0.0212
7  0  25.5 0.01890 0.01895 0.01764   2308     130851.8 0.0208
7  0  25.5 0.01910 0.01914 0.01764   2372     134480.3 0.0205
7  0  25.5 0.01930 0.01934 0.01764   2288     129717.9 0.0209
7  0  25.5 0.01950 0.01953 0.01764   2240     126996.6 0.0211
7  0  25.5 0.01970 0.01973 0.01873   2342     125008.7 0.0207
7  0  25.5 0.01990 0.01992 0.01873   2272     121272.3 0.0210
7  0  25.5 0.02010 0.02012 0.01884   2282     121148.3 0.0209
7  0  25.5 0.02030 0.02031 0.02023   2386     117929.9 0.0205
7  0  25.5 0.02050 0.02051 0.02062   2306     111821.5 0.0208
7  0  25.5 0.02070 0.02070 0.02062   2246     108912.0 0.0211
7  0  25.5 0.02090 0.02090 0.02262   2250      99451.2 0.0211
7  0  25.5 0.02110 0.02109 0.02340   2232      95370.0 0.0212
7  0  25.5 0.02130 0.02129 0.02571   2260      87886.6 0.0210
7  0  25.5 0.02150 0.02148 0.02708   2286      84431.8 0.0209
7  0  25.5 0.02170 0.02168 0.02943   2244      76241.2 0.0211
7  0  25.5 0.02190 0.02188 0.03534   2342      66261.8 0.0207
7  0  25.5 0.02210 0.02207 0.03920   2390      60970.4 0.0205
7  0  25.5 0.02230 0.02227 0.04365   2382      54574.7 0.0205
7  0  25.5 0.02250 0.02246 0.04992   2348      47036.4 0.0206
7  0  25.5 0.02270 0.02266 0.05692   2312      40616.9 0.0208
7  0  25.5 0.02290 0.02285 0.06086   2314      38021.2 0.0208
7  0  25.5 0.02310 0.02314 0.07148   2424      33913.5 0.0203
7  0  25.5 0.02330 0.02334 0.07522   2290      30442.1 0.0209
7  0  25.5 0.02350 0.02354 0.07760   2328      30000.1 0.0207
7  0  25.5 0.02370 0.02373 0.07881   2232      28322.9 0.0212
7  0  25.5 0.02390 0.02393 0.08394   2322      27661.5 0.0208
7  0  25.5 0.02410 0.02412 0.08394   2230      26565.5 0.0212
7  0  25.5 0.02430 0.02432 0.08745   2300      26300.8 0.0209
7  0  25.5 0.02450 0.02451 0.08745   2266      25912.0 0.0210
7  0  25.5 0.02470 0.02471 0.09013   2274      25231.1 0.0210
7  0  25.5 0.02490 0.02490 0.09021   2248      24920.2 0.0211
7  0  25.5 0.02510 0.02510 0.09029   2242      24831.3 0.0211
7  0  25.5 0.02530 0.02529 0.09499   2296      24170.5 0.0209
7  0  25.5 0.02550 0.02549 0.09691   2360      24352.3 0.0206
7  0  25.5 0.02570 0.02568 0.09691   2298      23712.5 0.0209
7  0  25.5 0.02590 0.02588 0.09878   2298      23264.3 0.0209
7  0  25.5 0.02610 0.02607 0.09940   2258      22715.3 0.0210
7  0  25.5 0.02630 0.02627 0.09940   2240      22534.3 0.0211
7  0  25.5 0.02650 0.02646 0.10779   2416      22415.0 0.0203
7  0  25.5 0.02670 0.02666 0.10779   2234      20726.4 0.0212
7  0  25.5 0.02690 0.02686 0.10788   2262      20967.3 0.0210
7  0  25.5 0.02710 0.02715 0.11291   2362      20918.8 0.0206
7  0  25.5 0.02730 0.02734 0.11291   2248      19909.2 0.0211
7  0  25.5 0.02750 0.02754 0.11508   2326      20211.3 0.0207
7  0  25.5 0.02770 0.02773 0.12177   2240      18395.2 0.0211
7  0  25.5 0.02790 0.02793 0.12823   2300      17935.9 0.0209
7  0  25.5 0.02810 0.02813 0.13339   2272      17033.0 0.0210
7  0  25.5 0.02830 0.02832 0.14060   2286      16258.7 0.0209
7  0  25.5 0.02850 0.02852 0.14863   2258      15192.3 0.0210
7  0  25.5 0.02870 0.02871 0.16207   2278      14056.0 0.0210
7  0  25.5 0.02890 0.02891 0.16874   2234      13239.0 0.0212
7  0  25.5 0.02910 0.02910 0.18245   2228      12211.6 0.0212
7  0  25.5 0.02930 0.02930 0.19814   2256      11385.7 0.0211
7  0  25.5 0.02950 0.02949 0.23696   2348       9908.7 0.0206
7  0  25.5 0.02970 0.02969 0.24596   2236       9091.0 0.0211
7  0  25.5 0.02990 0.02988 0.26556   2240       8435.1 0.0211
7  0  25.5 0.03010 0.03008 0.29269   2252       7694.1 0.0211
7  0  25.5 0.03030 0.03027 0.30911   2304       7453.7 0.0208
7  0  25.5 0.03050 0.03047 0.33472   2282       6817.7 0.0209
7  0  25.5 0.03070 0.03066 0.34689   2278       6566.8 0.0210
7  0  25.5 0.03090 0.03086 0.35751   2246       6282.3 0.0211
7  0  25.5 0.03110 0.03105 0.37674   2302       6110.4 0.0208
7  0  25.5 0.03130 0.03135 0.39763   2270       5708.8 0.0210
7  0  25.5 0.03150 0.03154 0.39763   2228       5603.2 0.0212
7  0  25.5 0.03170 0.03174 0.41287   2254       5459.4 0.0211
7  0  25.5 0.03190 0.03193 0.42429   2298       5416.1 0.0209
7  0  25.5 0.03210 0.03213 0.42429   2292       5402.0 0.0209
7  0  25.5 0.03230 0.03232 0.42429   2232       5260.6 0.0212
7  0  25.6 0.03250 0.03252 0.45085   2338       5185.7 0.0207
7  0  25.6 0.03270 0.03271 0.45085   2286       5070.4 0.0209
7  0  25.6 0.03290 0.03291 0.45085   2284       5065.9 0.0209
7  0  25.6 0.03310 0.03311 0.45085   2360       5234.5 0.0206
7  0  25.6 0.03330 0.03330 0.45786   2300       5023.4 0.0209
7  0  25.6 0.03350 0.03350 0.48354   2268       4690.4 0.0210
7  0  25.6 0.03370 0.03369 0.48354   2240       4632.5 0.0211
7  0  25.6 0.03390 0.03389 0.48616   2252       4632.2 0.0211
7  0  25.6 0.03410 0.03408 0.48616   2262       4652.7 0.0210
7  0  25.6 0.03430 0.03428 0.51069   2316       4535.1 0.0208
7  0  25.6 0.03450 0.03447 0.51069   2226       4358.8 0.0212
7  0  25.6 0.03470 0.03467 0.53877   2302       4272.7 0.0208
7  0  25.6 0.03490 0.03486 0.54764   2256       4119.5 0.0211
7  0  25.6 0.03510 0.03506 0.58008   2372       4089.1 0.0205
7  0  25.6 0.03530 0.03525 0.60857   2318       3809.0 0.0208
7  0  25.6 0.03550 0.03555 0.60857   2262       3716.9 0.0210
7  0  25.6 0.03570 0.03574 0.65706   2224       3384.8 0.0212
7  0  25.6 0.03590 0.03594 0.65706   2236       3403.0 0.0211
7  0  25.6 0.03610 0.03613 0.74212   2222       2994.1 0.0212
7  0  25.6 0.03630 0.03633 0.79355   2272       2863.1 0.0210
7  0  25.6 0.03650 0.03652 0.86013   2262       2629.8 0.0210
7  0  25.6 0.03670 0.03672 0.93412   2292       2453.6 0.0209
7  0  25.6 0.03690 0.03691 1.00304   2320       2313.0 0.0208
7  0  25.6 0.03710 0.03711 1.08762   2274       2090.8 0.0210
7  0  25.6 0.03730 0.03730 1.14290   2314       2024.7 0.0208
7  0  25.6 0.03750 0.03750 1.21000   2098       1733.9 0.0218
7  0  25.6 0.03770 0.03770 1.21000   1990       1644.6 0.0224
7  0  25.6 0.03790 0.03789 1.21000   1926       1591.7 0.0228
7  0  25.6 0.03810 0.03809 1.21000   1964       1623.1 0.0226
7  0  25.6 0.03830 0.03828 1.21000   1728       1428.1 0.0241
7  0  25.6 0.03850 0.03848 1.21000   1782       1472.7 0.0237
7  0  25.6 0.03870 0.03867 1.21000   1674       1383.5 0.0244
7  0  25.6 0.03890 0.03887 1.21000   1748       1444.6 0.0239
7  0  25.6 0.03910 0.03906 1.21000   1696       1401.7 0.0243
7  0  25.6 0.03930 0.03926 1.21000   1644       1358.7 0.0247
7  0  25.6 0.03950 0.03945 1.21000   1574       1300.8 0.0252
7  0  25.6 0.03970 0.03975 1.21000   1578       1304.1 0.0252
7  0  25.6 0.03990 0.03994 1.21000   1494       1234.7 0.0259
7  1  25.6 0.00010 0.00010 1.21000     26         21.5 0.1961
7  1  25.6 0.00030 0.00029 1.21000     24         19.8 0.2041
7  1  25.6 0.00050 0.00049 1.21000     32         26.4 0.1768
7  1  25.6 0.00070 0.00068 1.21000     34         28.1 0.1715
7  1  25.6 0.00090 0.00088 1.21000     44         36.4 0.1508
7  1  25.6 0.00110 0.00107 1.21000     40         33.1 0.1581
7  1  25.6 0.00130 0.00127 1.21000     42         34.7 0.1543
7  1  25.6 0.00150 0.00146 1.21000     44         36.4 0.1508
7  1  25.6 0.00170 0.00166 1.21000     48         39.7 0.1443
7  1  25.6 0.00190 0.00186 1.21000     64         52.9 0.1250
7  1  25.6 0.00210 0.00215 1.21000    166        137.2 0.0776
7  1  25.6 0.00230 0.00234 1.21000    338        279.3 0.0544
7  1  25.6 0.00250 0.00254 1.21000    846        699.2 0.0344
7  1  25.6 0.00270 0.00273 1.21000   2186       1806.6 0.0214
7  1  25.6 0.00290 0.00293 1.21000   5430       4487.6 0.0136
7  1  25.6 0.00310 0.00313 1.21000  13448      11114.0 0.0086
7  1  25.6 0.00330 0.00332 1.21000  32218      26626.4 0.0056
7  1  25.6 0.00350 0.00352 1.21000  72580      59983.5 0.0037
7  1  25.6 0.00370 0.00371 0.46094  72534     157362.3 0.0037
7  1  25.6 0.00390 0.00391 0.22735  71790     315769.9 0.0037
7  1  25.6 0.00410 0.00410 0.12489  75100     601336.4 0.0036
7  1  25.6 0.00430 0.00430 0.06875  72412    1053295.1 0.0037
7  1  25.6 0.00450 0.00449 0.04389  72168    1644368.6 0.0037
7  1  25.6 0.00470 0.00469 0.03144  72018    2290995.3 0.0037
7  1  25.6 0.00490 0.00488 0.02476  71984    2907617.9 0.0037
7  1  25.6 0.00510 0.00508 0.02092  72252    3452923.5 0.0037
7  1  25.6 0.00530 0.00527 0.01881  72056    3831435.1 0.0037
7  1  25.6 0.00550 0.00547 0.01881  77000    4094322.5 0.0036
7  1  25.6 0.00570 0.00566 0.01689  71776    4250678.8 0.0037
7  1  25.6 0.00590 0.00586 0.01689  73758    4368055.8 0.0037
7  1  25.6 0.00610 0.00605 0.01689  74978    4440305.9 0.0037
7  1  25.6 0.00630 0.00635 0.01689  76138    4509002.8 0.0036
7  1  25.6 0.00650 0.00654 0.01689  76602    4536481.6 0.0036
7  1  25.6 0.00670 0.00674 0.01689  76924    4555550.9 0.0036
7  1  25.6 0.00690 0.00693 0.01689  77112    4566684.5 0.0036
7  1  25.6 0.00710 0.00713 0.01689  77198    4571777.5 0.0036
7  1  25.6 0.00730 0.00732 0.01689  77178    4570593.1 0.0036
7  1  25.7 0.00750 0.00752 0.01689  77046    4562775.9 0.0036
7  1  25.7 0.00770 0.00771 0.01689  76790    4547615.2 0.0036
7  1  25.7 0.00790 0.00791 0.01689  76410    4525111.0 0.0036
7  1  25.7 0.00810 0.00811 0.01689  75786    4488156.9 0.0036
7  1  25.7 0.00830 0.00830 0.01689  74930    4437463.3 0.0037
7  1  25.7 0.00850 0.00850 0.01689  73458    4350289.3 0.0037
7  1  25.7 0.00870 0.00869 0.01689  71348    4225332.1 0.0037
7  1  25.7 0.00890 0.00889 0.01689  68026    4028598.4 0.0038
7  1  25.7 0.00910 0.00908 0.01689  63242    3745283.0 0.0040
7  1  25.7 0.00930 0.00928 0.01689  56522    3347314.8 0.0042
7  1  25.7 0.00950 0.00947 0.01689  48148    2851394.4 0.0046
7  1  25.7 0.00970 0.00967 0.01689  39474    2337707.5 0.0050
7  1  25.7 0.00990 0.00986 0.01689  31448    1862396.2 0.0056
7  1  25.7 0.01010 0.01006 0.01689  25770    1526136.8 0.0062
7  1  25.7 0.01030 0.01025 0.01689  21768    1289132.5 0.0068
7  1  25.7 0.01050 0.01055 0.01689  18814    1114192.4 0.0073
7  1  25.7 0.01070 0.01074 0.01689  18040    1068355.0 0.0074
7  1  25.7 0.01090 0.01094 0.01689  17624    1043718.8 0.0075
7  1  25.7 0.01110 0.01113 0.01689  17572    1040639.3 0.0075
7  1  25.7 0.01130 0.01133 0.01689  17396    1030216.4 0.0076
7  1  25.7 0.01150 0.01152 0.01689  17468    1034480.3 0.0076
7  1  25.7 0.01170 0.01172 0.01689  18056    1069302.5 0.0074
7  1  25.7 0.01190 0.01191 0.01689  18242    1080317.7 0.0074
7  1  25.7 0.01210 0.01211 0.01689  18122    1073211.1 0.0074
7  1  25.7 0.01230 0.01230 0.01689  18192    1077356.6 0.0074
7  1  25.7 0.01250 0.01250 0.01689  17962    1063735.7 0.0075
7  1  25.7 0.01270 0.01270 0.01689  17992    1065512.3 0.0075
7  1  25.7 0.01290 0.01289 0.01689  17922    1061366.8 0.0075
7  1  25.7 0.01310 0.01309 0.01689  17688    1047509.0 0.0075
7  1  25.7 0.01330 0.01328 0.01689  17930    1061840.6 0.0075
7  1  25.7 0.01350 0.01348 0.01689  17716    1049167.2 0.0075
7  1  25.7 0.01370 0.01367 0.01689  17470    1034598.7 0.0076
7  1  25.7 0.01390 0.01387 0.01689  17340    1026900.0 0.0076
7  1  25.7 0.01410 0.01406 0.01689  17214    1019438.1 0.0076
7  1  25.7 0.01430 0.01426 0.01689  16508     977627.7 0.0078
7  1  25.7 0.01450 0.01445 0.01689  15810     936291.1 0.0080
7  1  25.7 0.01470 0.01475 0.01689  13928     824836.4 0.0085
7  1  25.7 0.01490 0.01494 0.01689  12524     741689.4 0.0089
7  1  25.7 0.01510 0.01514 0.01689  11198     663161.8 0.0094
7  1  25.7 0.01530 0.01533 0.01689   9562     566275.5 0.0102
7  1  25.7 0.01550 0.01553 0.01689   8200     485615.9 0.0110
7  1  25.7 0.01570 0.01572 0.01689   6756     400100.1 0.0122
7  1  25.7 0.01590 0.01592 0.01689   5684     336614.7 0.0133
7  1  25.7 0.01610 0.01611 0.01689   4740     280709.7 0.0145
7  1  25.7 0.01630 0.01631 0.01689   4084     241860.4 0.0156
7  1  25.7 0.01650 0.01650 0.01689   3462     205024.7 0.0170
7  1  25.7 0.01670 0.01670 0.01689   3090     182994.3 0.0180
7  1  25.7 0.01690 0.01689 0.01689   2900     171742.2 0.0186
7  1  25.7 0.01710 0.01709 0.01689   2650     156936.8 0.0194
7  1  25.7 0.01730 0.01729 0.01689   2570     152199.1 0.0197
7  1  25.7 0.01750 0.01748 0.01689   2380     140947.1 0.0205
7  1  25.7 0.01770 0.01768 0.01689   2390     141539.3 0.0205
7  1  25.7 0.01790 0.01787 0.01689   2400     142131.5 0.0204
7  1  25.7 0.01810 0.01807 0.01689   2284     135261.8 0.0209
7  1  25.7 0.01830 0.01826 0.01689   2318     137275.3 0.0208
7  1  25.7 0.01850 0.01846 0.01689   2246     133011.4 0.0211
7  1  25.7 0.01870 0.01865 0.01689   2306     136564.7 0.0208
7  1  25.7 0.01890 0.01895 0.01740   2300     132195.5 0.0209
7  1  25.7 0.01910 0.01914 0.01740   2246     129091.7 0.0211
7  1  25.7 0.01930 0.01934 0.01854   2350     126721.1 0.0206
7  1  25.7 0.01950 0.01953 0.01854   2258     121760.1 0.0210
7  1  25.7 0.01970 0.01973 0.01854   2234     120465.9 0.0212
7  1  25.7 0.01990 0.01992 0.01854   2286     123270.0 0.0209
7  1  25.7 0.02010 0.02012 0.01934   2276     117695.4 0.0210
7  1  25.7 0.02030 0.02031 0.01934   2230     115316.7 0.0212
7  1  25.7 0.02050 0.02051 0.02084   2280     109416.7 0.0209
7  1  25.7 0.02070 0.02070 0.02166   2328     107496.7 0.0207
7  1  25.7 0.02090 0.02090 0.02261   2310     102164.6 0.0208
7  1  25.7 0.02110 0.02109 0.02379   2342      98424.6 0.0207
7  1  25.7 0.02130 0.02129 0.02425   2250      92770.9 0.0211
7  1  25.7 0.02150 0.02148 0.02561   2280      89015.5 0.0209
7  1  25.7 0.02170 0.02168 0.02777   2328      83825.5 0.0207
7  1  25.7 0.02190 0.02188 0.02892   2232      77185.9 0.0212
7  1  25.7 0.02210 0.02207 0.03181   2246      70609.1 0.0211
7  1  25.7 0.02230 0.02227 0.03669   2294      62531.0 0.0209
7  1  25.7 0.02250 0.02246 0.04204   2306      54852.6 0.0208
7  1  25.7 0.02270 0.02266 0.04643   2256      48591.6 0.0211
7  1  25.7 0.02290 0.02285 0.05421   2232      41171.3 0.0212
7  1  25.7 0.02310 0.02314 0.06670   2300      34482.8 0.0209
7  1  25.7 0.02330 0.02334 0.08004   2296      28684.7 0.0209
7  1  25.7 0.02350 0.02354 0.08658   2230      25757.7 0.0212
7  1  25.7 0.02370 0.02373 0.09818   2318      23609.6 0.0208
7  1  25.7 0.02390 0.02393 0.10570   2268      21457.7 0.0210
7  1  25.7 0.02410 0.02412 0.11696   2320      19835.8 0.0208
7  1  25.7 0.02430 0.02432 0.12616   2312      18326.2 0.0208
7  1  25.7 0.02450 0.02451 0.12673   2232      17612.4 0.0212
7  1  25.7 0.02470 0.02471 0.14080   2262      16065.8 0.0210
7  1  25.7 0.02490 0.02490 0.14080   2276      16165.3 0.0210
7  1  25.7 0.02510 0.02510 0.14402   2282      15845.2 0.0209
7  1  25.7 0.02530 0.02529 0.15211   2280      14989.3 0.0209
7  1  25.7 0.02550 0.02549 0.15561   2290      14716.2 0.0209
7  1  25.7 0.02570 0.02568 0.15561   2246      14433.5 0.0211
7  1  25.7 0.02590 0.02588 0.15846   2222      14022.2 0.0212
7  1  25.7 0.02610 0.02607 0.16500   2242      13588.1 0.0211
7  1  25.7 0.02630 0.02627 0.16942   2316      13670.2 0.0208
7  1  25.7 0.02650 0.02646 0.17537   2286      13035.4 0.0209
7  1  25.7 0.02670 0.02666 0.18951   2274      11999.1 0.0210
7  1  25.7 0.02690 0.02686 0.19752   2300      11644.7 0.0209
7  1  25.7 0.02710 0.02715 0.20151   2270      11265.2 0.0210
7  1  25.7 0.02730 0.02734 0.21281   2270      10667.0 0.0210
7  1  25.7 0.02750 0.02754 0.21474   2290      10664.1 0.0209
7  1  25.7 0.02770 0.02773 0.23253   2272       9770.8 0.0210
7  1  25.7 0.02790 0.02793 0.23253   2296       9874.0 0.0209
7  1  25.7 0.02810 0.02813 0.23253   2268       9753.6 0.0210
7  1  25.7 0.02830 0.02832 0.23253   2252       9684.8 0.0211
7  1  25.7 0.02850 0.02852 0.24601   2364       9609.5 0.0206
7  1  25.7 0.02870 0.02871 0.25602   2244       8764.8 0.0211
7  1  25.7 0.02890 0.02891 0.27038   2226       8232.8 0.0212
7  1  25.7 0.02910 0.02910 0.30239   2300       7606.1 0.0209
7  1  25.7 0.02930 0.02930 0.31244   2244       7182.2 0.0211
7  1  25.7 0.02950 0.02949 0.34747   2250       6475.4 0.0211
7  1  25.7 0.02970 0.02969 0.36874   2230       6047.5 0.0212
7  1  25.7 0.02990 0.02988 0.40683   2328       5722.3 0.0207
7  1  25.7 0.03010 0.03008 0.45647   2314       5069.3 0.0208
7  1  25.7 0.03030 0.03027 0.50249   2240       4457.8 0.0211
7  1  25.7 0.03050 0.03047 0.55882   2298       4112.2 0.0209
7  1  25.7 0.03070 0.03066 0.62412   2302       3688.4 0.0208
7  1  25.7 0.03090 0.03086 0.69479   2224       3201.0 0.0212
7  1  25.7 0.03110 0.03105 0.75090   2276       3031.0 0.0210
7  1  25.7 0.03130 0.03135 0.86592   2246       2593.8 0.0211
7  1  25.7 0.03150 0.03154 0.95812   2302       2402.6 0.0208
7  1  25.7 0.03170 0.03174 1.02348   2224       2173.0 0.0212
7  1  25.7 0.03190 0.03193 1.10396   2350       2128.7 0.0206
7  1  25.7 0.03210 0.03213 1.10396   2236       2025.4 0.0211
7  1  25.7 0.03230 0.03232 1.20486   2268       1882.4 0.0210
7  1  25.7 0.03250 0.03252 1.20486   2240       1859.1 0.0211
7  1  25.7 0.03270 0.03271 1.21000   2066       1707.4 0.0220
7  1  25.7 0.03290 0.03291 1.21000   2090       1727.3 0.0219
7  1  25.7 0.03310 0.03311 1.21000   2104       1738.8 0.0218
7  1  25.7 0.03330 0.03330 1.21000   2010       1661.2 0.0223
7  1  25.7 0.03350 0.03350 1.21000   1910       1578.5 0.0229
7  1  25.7 0.03370 0.03369 1.21000   1886       1558.7 0.0230
7  1  25.7 0.03390 0.03389 1.21000   1848       1527.3 0.0233
7  1  25.7 0.03410 0.03408 1.21000   1826       1509.1 0.0234
7  1  25.7 0.03430 0.03428 1.21000   1746       1443.0 0.0239
7  1  25.8 0.03450 0.03447 1.21000   1656       1368.6 0.0246
7  1  25.8 0.03470 0.03467 1.21000   1668       1378.5 0.0245
7  1  25.8 0.03490 0.03486 1.21000   1588       1312.4 0.0251
7  1  25.8 0.03510 0.03506 1.21000   1636       1352.1 0.0247
7  1  25.8 0.03530 0.03525 1.21000   1462       1208.3 0.0262
7  1  25.8 0.03550 0.03555 1.21000   1448       1196.7 0.0263
7  1  25.8 0.03570 0.03574 1.21000   1362       1125.6 0.0271
7  1  25.8 0.03590 0.03594 1.21000   1342       1109.1 0.0273
7  1  25.8 0.03610 0.03613 1.21000   1260       1041.3 0.0282
7  1  25.8 0.03630 0.03633 1.21000   1158        957.0 0.0294
7  1  25.8 0.03650 0.03652 1.21000   1120        925.6 0.0299
7  1  25.8 0.03670 0.03672 1.21000   1068        882.6 0.0306
7  1  25.8 0.03690 0.03691 1.21000   1066        881.0 0.0306
7  1  25.8 0.03710 0.03711 1.21000    984        813.2 0.0319
7  1  25.8 0.03730 0.03730 1.21000    850        702.5 0.0343
7  1  25.8 0.03750 0.03750 1.21000    872        720.7 0.0339
7  1  25.8 0.03770 0.03770 1.21000    756        624.8 0.0364
7  1  25.8 0.03790 0.03789 1.21000    720        595.0 0.0373
7  1  25.8 0.03810 0.03809 1.21000    638        527.3 0.0396
7  1  25.8 0.03830 0.03828 1.21000    618        510.7 0.0402
7  1  25.8 0.03850 0.03848 1.21000    586        484.3 0.0413
7  1  25.8 0.03870 0.03867 1.21000    508        419.8 0.0444
7  1  25.8 0.03890 0.03887 1.21000    518        428.1 0.0439
7  1  25.8 0.03910 0.03906 1.21000    480        396.7 0.0456
7  1  25.8 0.03930 0.03926 1.21000    476        393.4 0.0458
7  1  25.8 0.03950 0.03945 1.21000    406        335.5 0.0496
7  1  25.8 0.03970 0.03975 1.21000    430        355.4 0.0482
7  1  25.8 0.03990 0.03994 1.21000    398        328.9 0.0501
7  2  25.8 0.00010 0.00010 1.21000      4          3.3 0.5000
7  2  25.8 0.00030 0.00029 1.21000      4          3.3 0.5000
7  2  25.8 0.00050 0.00049 1.21000      2          1.7 0.7071
7  2  25.8 0.00070 0.00068 1.21000      8          6.6 0.3536
7  2  25.8 0.00090 0.00088 1.21000      8          6.6 0.3536
7  2  25.8 0.00110 0.00107 1.21000      6          5.0 0.4082
7  2  25.8 0.00130 0.00127 1.21000      4          3.3 0.5000
7  2  25.8 0.00150 0.00146 1.21000     12          9.9 0.2887
7  2  25.8 0.00170 0.00166 1.21000     14         11.6 0.2673
7  2  25.8 0.00190 0.00186 1.21000     20         16.5 0.2236
7  2  25.8 0.00210 0.00215 1.21000     96         79.3 0.1021
7  2  25.8 0.00230 0.00234 1.21000    228        188.4 0.0662
7  2  25.8 0.00250 0.00254 1.21000    634        524.0 0.0397
7  2  25.8 0.00270 0.00273 1.21000   1718       1419.8 0.0241
7  2  25.8 0.00290 0.00293 1.21000   4516       3732.2 0.0149
7  2  25.8 0.00310 0.00313 1.21000  11186       9244.6 0.0095
7  2  25.8 0.00330 0.00332 1.21000  26002      21489.3 0.0062
7  2  25.8 0.00350 0.00352 1.21000  61240      50611.6 0.0040
7  2  25.8 0.00370 0.00371 0.54820  72266     131823.0 0.0037
7  2  25.8 0.00390 0.00391 0.26815  72554     270570.2 0.0037
7  2  25.8 0.00410 0.00410 0.14730  76302     517994.6 0.0036
7  2  25.8 0.00430 0.00430 0.08092  74338     918694.3 0.0037
7  2  25.8 0.00450 0.00449 0.04889  71824    1469044.7 0.0037
7  2  25.8 0.00470 0.00469 0.03403  71276    2094343.8 0.0037
7  2  25.8 0.00490 0.00488 0.02601  72146    2773251.2 0.0037
7  2  25.8 0.00510 0.00508 0.02174  71588    3293295.4 0.0037
7  2  25.8 0.00530 0.00527 0.01916  71724    3743799.9 0.0037
7  2  25.8 0.00550 0.00547 0.01916  77224    4030885.1 0.0036
7  2  25.8 0.00570 0.00566 0.01705  71840    4212441.1 0.0037
7  2  25.8 0.00590 0.00586 0.01705  73974    4337571.2 0.0037
7  2  25.8 0.00610 0.00605 0.01705  75378    4419896.7 0.0036
7  2  25.8 0.00630 0.00635 0.01705  76624    4492957.7 0.0036
7  2  25.8 0.00650 0.00654 0.01705  77150    4523800.5 0.0036
7  2  25.8 0.00670 0.00674 0.01705  77530    4546082.3 0.0036
7  2  25.8 0.00690 0.00693 0.01705  77762    4559686.0 0.0036
7  2  25.8 0.00710 0.00713 0.01705  77880    4566605.1 0.0036
7  2  25.8 0.00730 0.00732 0.01705  77886    4566956.9 0.0036
7  2  25.8 0.00750 0.00752 0.01705  77800    4561914.2 0.0036
7  2  25.8 0.00770 0.00771 0.01705  77584    4549248.7 0.0036
7  2  25.8 0.00790 0.00791 0.01705  77240    4529077.8 0.0036
7  2  25.8 0.00810 0.00811 0.01705  76700    4497414.1 0.0036
7  2  25.8 0.00830 0.00830 0.01705  75806    4444993.1 0.0036
7  2  25.8 0.00850 0.00850 0.01705  74540    4370759.4 0.0037
7  2  25.8 0.00870 0.00869 0.01705  72554    4254307.5 0.0037
7  2  25.8 0.00890 0.00889 0.01705  69656    4084379.1 0.0038
7  2  25.8 0.00910 0.00908 0.01705  65312    3829662.4 0.0039
7  2  25.8 0.00930 0.00928 0.01705  59280    3475967.5 0.0041
7  2  25.8 0.00950 0.00947 0.01705  51856    3040650.7 0.0044
7  2  25.8 0.00970 0.00967 0.01705  43834    2570269.2 0.0048
7  2  25.8 0.00990 0.00986 0.01705  36538    2142457.8 0.0052
7  2  25.8 0.01010 0.01006 0.01705  30898    1811748.4 0.0057
7  2  25.8 0.01030 0.01025 0.01705  27640    1620710.9 0.0060
7  2  25.8 0.01050 0.01055 0.01705  24742    1450782.5 0.0064
7  2  25.8 0.01070 0.01074 0.01705  23738    1391911.5 0.0065
7  2  25.8 0.01090 0.01094 0.01705  23306    1366580.6 0.0066
7  2  25.8 0.01110 0.01113 0.01705  23208    1360834.2 0.0066
7  2  25.8 0.01130 0.01133 0.01705  23420    1373265.2 0.0065
7  2  25.8 0.01150 0.01152 0.01705  22838    1339138.8 0.0066
7  2  25.8 0.01170 0.01172 0.01705  23386    1371271.5 0.0065
7  2  25.8 0.01190 0.01191 0.01705  22868    1340897.9 0.0066
7  2  25.8 0.01210 0.01211 0.01705  22844    1339490.6 0.0066
7  2  25.8 0.01230 0.01230 0.01705  23052    1351687.0 0.0066
7  2  25.8 0.01250 0.01250 0.01705  22660    1328701.5 0.0066
7  2  25.8 0.01270 0.01270 0.01705  22612    1325886.9 0.0067
7  2  25.8 0.01290 0.01289 0.01705  22464    1317208.7 0.0067
7  2  25.8 0.01310 0.01309 0.01705  22618    1326238.7 0.0066
7  2  25.8 0.01330 0.01328 0.01705  22450    1316387.8 0.0067
7  2  25.8 0.01350 0.01348 0.01705  22162    1299500.5 0.0067
7  2  25.8 0.01370 0.01367 0.01705  21652    1269596.0 0.0068
7  2  25.8 0.01390 0.01387 0.01705  21012    1232068.6 0.0069
7  2  25.8 0.01410 0.01406 0.01705  19930    1168624.0 0.0071
7  2  25.8 0.01430 0.01426 0.01705  18696    1096266.7 0.0073
7  2  25.8 0.01450 0.01445 0.01705  17172    1006904.8 0.0076
7  2  25.8 0.01470 0.01475 0.01705  15270     895378.3 0.0081
7  2  25.8 0.01490 0.01494 0.01705  13558     794992.7 0.0086
7  2  25.8 0.01510 0.01514 0.01705  11724     687453.5 0.0092
7  2  25.8 0.01530 0.01533 0.01705  10012     587067.9 0.0100
7  2  25.8 0.01550 0.01553 0.01705   8422     493836.0 0.0109
7  2  25.8 0.01570 0.01572 0.01705   7220     423355.0 0.0118
7  2  25.8 0.01590 0.01592 0.01705   6378     373983.1 0.0125
7  2  25.8 0.01610 0.01611 0.01705   5634     330357.6 0.0133
7  2  25.8 0.01630 0.01631 0.01705   4962     290954.0 0.0142
7  2  25.8 0.01650 0.01650 0.01705   4652     272776.7 0.0147
7  2  25.8 0.01670 0.01670 0.01705   4384     257062.1 0.0151
7  2  25.8 0.01690 0.01689 0.01705   4240     248618.5 0.0154
7  2  25.8 0.01710 0.01709 0.01705   4120     241582.1 0.0156
7  2  25.8 0.01730 0.01729 0.01705   3956     231965.7 0.0159
7  2  25.8 0.01750 0.01748 0.01705   3966     232552.1 0.0159
7  2  25.8 0.01770 0.01768 0.01705   3912     229385.7 0.0160
7  2  25.8 0.01790 0.01787 0.01705   3804     223053.0 0.0162
7  2  25.8 0.01810 0.01807 0.01705   3770     221059.3 0.0163
7  2  25.8 0.01830 0.01826 0.01705   3816     223756.6 0.0162
7  2  25.8 0.01850 0.01846 0.01705   3618     212146.6 0.0166
7  2  25.8 0.01870 0.01865 0.01705   3546     207924.8 0.0168
7  2  25.8 0.01890 0.01895 0.01705   3538     207455.7 0.0168
7  2  25.8 0.01910 0.01914 0.01705   3526     206752.0 0.0168
7  2  25.8 0.01930 0.01934 0.01705   3418     200419.3 0.0171
7  2  25.8 0.01950 0.01953 0.01705   3260     191154.8 0.0175
7  2  25.8 0.01970 0.01973 0.01705   3200     187636.6 0.0177
7  2  25.8 0.01990 0.01992 0.01705   3358     196901.1 0.0173
7  2  25.8 0.02010 0.02012 0.01705   3144     184352.9 0.0178
7  2  25.8 0.02030 0.02031 0.01705   3094     181421.1 0.0180
7  2  25.8 0.02050 0.02051 0.01705   2978     174619.3 0.0183
7  2  25.8 0.02070 0.02070 0.01705   2802     164299.3 0.0189
7  2  25.8 0.02090 0.02090 0.01705   2720     159491.1 0.0192
7  2  25.8 0.02110 0.02109 0.01705   2546     149288.3 0.0198
7  2  25.8 0.02130 0.02129 0.01705   2346     137561.1 0.0206
7  2  25.8 0.02150 0.02148 0.01743   2308     132409.4 0.0208
7  2  25.8 0.02170 0.02168 0.01944   2364     121583.8 0.0206
7  2  25.8 0.02190 0.02188 0.02141   2266     105851.5 0.0210
7  2  25.9 0.02210 0.02207 0.02341   2272      97056.6 0.0210
7  2  25.9 0.02230 0.02227 0.02716   2274      83737.7 0.0210
7  2  25.9 0.02250 0.02246 0.03059   2336      76353.2 0.0207
7  2  25.9 0.02270 0.02266 0.03416   2248      65805.1 0.0211
7  2  25.9 0.02290 0.02285 0.03747   2268      60534.3 0.0210
7  2  25.9 0.02310 0.02314 0.04306   2338      54290.9 0.0207
7  2  25.9 0.02330 0.02334 0.04535   2244      49481.6 0.0211
7  2  25.9 0.02350 0.02354 0.04691   2254      48046.8 0.0211
7  2  25.9 0.02370 0.02373 0.04878   2264      46408.6 0.0210
7  2  25.9 0.02390 0.02393 0.05167   2268      43896.1 0.0210
7  2  25.9 0.02410 0.02412 0.05167   2224      43044.5 0.0212
7  2  25.9 0.02430 0.02432 0.05452   2268      41596.4 0.0210
7  2  25.9 0.02450 0.02451 0.05452   2242      41119.6 0.0211
7  2  25.9 0.02470 0.02471 0.05452   2250      41266.3 0.0211
7  2  25.9 0.02490 0.02490 0.05927   2328      39278.7 0.0207
7  2  25.9 0.02510 0.02510 0.05927   2354      39717.4 0.0206
7  2  25.9 0.02530 0.02529 0.05927   2304      38873.8 0.0208
7  2  25.9 0.02550 0.02549 0.05927   2244      37861.4 0.0211
7  2  25.9 0.02570 0.02568 0.06387   2336      36575.6 0.0207
7  2  25.9 0.02590 0.02588 0.06387   2356      36888.8 0.0206
7  2  25.9 0.02610 0.02607 0.06387   2268      35510.9 0.0210
7  2  25.9 0.02630 0.02627 0.06515   2324      35670.7 0.0207
7  2  25.9 0.02650 0.02646 0.06515   2358      36192.6 0.0206
7  2  25.9 0.02670 0.02666 0.06515   2260      34688.4 0.0210
7  2  25.9 0.02690 0.02686 0.06807   2254      33112.2 0.0211
7  2  25.9 0.02710 0.02715 0.06945   2262      32571.7 0.0210
7  2  25.9 0.02730 0.02734 0.07215   2276      31543.4 0.0210
7  2  25.9 0.02750 0.02754 0.07584   2370      31250.1 0.0205
7  2  25.9 0.02770 0.02773 0.07773   2222      28586.6 0.0212
7  2  25.9 0.02790 0.02793 0.07815   2268      29020.8 0.0210
7  2  25.9 0.02810 0.02813 0.08316   2228      26790.7 0.0212
7  2  25.9 0.02830 0.02832 0.08744   2316      26487.2 0.0208
7  2  25.9 0.02850 0.02852 0.09113   2224      24404.8 0.0212
7  2  25.9 0.02870 0.02871 0.09907   2308      23295.5 0.0208
7  2  25.9 0.02890 0.02891 0.10704   2316      21636.7 0.0208
7  2  25.9 0.02910 0.02910 0.11346   2236      19707.9 0.0211
7  2  25.9 0.02930 0.02930 0.12419   2332      18778.0 0.0207
7  2  25.9 0.02950 0.02949 0.13668   2258      16519.9 0.0210
7  2  25.9 0.02970 0.02969 0.15458   2228      14413.7 0.0212
7  2  25.9 0.02990 0.02988 0.16497   2312      14014.9 0.0208
7  2  25.9 0.03010 0.03008 0.17886   2268      12680.5 0.0210
7  2  25.9 0.03030 0.03027 0.18147   2246      12376.7 0.0211
7  2  25.9 0.03050 0.03047 0.20190   2238      11084.8 0.0211
7  2  25.9 0.03070 0.03066 0.20190   2266      11223.5 0.0210
7  2  25.9 0.03090 0.03086 0.22997   2350      10218.9 0.0206
7  2  25.9 0.03110 0.03105 0.22997   2264       9844.9 0.0210
7  2  25.9 0.03130 0.03135 0.22997   2256       9810.1 0.0211
7  2  25.9 0.03150 0.03154 0.24781   2278       9192.7 0.0210
7  2  25.9 0.03170 0.03174 0.24781   2250       9079.7 0.0211
7  2  25.9 0.03190 0.03193 0.25328   2304       9096.8 0.0208
7  2  25.9 0.03210 0.03213 0.25328   2260       8923.1 0.0210
7  2  25.9 0.03230 0.03232 0.26079   2272       8712.1 0.0210
7  2  25.9 0.03250 0.03252 0.26753   2264       8462.6 0.0210
7  2  25.9 0.03270 0.03271 0.27445   2312       8424.2 0.0208
7  2  25.9 0.03290 0.03291 0.27445   2292       8351.3 0.0209
7  2  25.9 0.03310 0.03311 0.27445   2324       8467.9 0.0207
7  2  25.9 0.03330 0.03330 0.30189   2416       8002.9 0.0203
7  2  25.9 0.03350 0.03350 0.30189   2352       7790.9 0.0206
7  2  25.9 0.03370 0.03369 0.30189   2330       7718.0 0.0207
7  2  25.9 0.03390 0.03389 0.30189   2248       7446.4 0.0211
7  2  25.9 0.03410 0.03408 0.30189   2278       7545.8 0.0210
7  2  25.9 0.03430 0.03428 0.30602   2236       7306.6 0.0211
7  2  25.9 0.03450 0.03447 0.31657   2294       7246.5 0.0209
7  2  25.9 0.03470 0.03467 0.31657   2250       7107.5 0.0211
7  2  25.9 0.03490 0.03486 0.34014   2304       6773.7 0.0208
7  2  25.9 0.03510 0.03506 0.34733   2302       6627.7 0.0208
7  2  25.9 0.03530 0.03525 0.34733   2232       6426.2 0.0212
7  2  25.9 0.03550 0.03555 0.37574   2240       5961.6 0.0211
7  2  25.9 0.03570 0.03574 0.41648   2272       5455.2 0.0210
7  2  25.9 0.03590 0.03594 0.41648   2268       5445.6 0.0210
7  2  25.9 0.03610 0.03613 0.45995   2288       4974.5 0.0209
7  2  25.9 0.03630 0.03633 0.47006   2238       4761.1 0.0211
7  2  25.9 0.03650 0.03652 0.53235   2382       4474.5 0.0205
7  2  25.9 0.03670 0.03672 0.55615   2304       4142.8 0.0208
7  2  25.9 0.03690 0.03691 0.59989   2252       3754.0 0.0211
7  2  25.9 0.03710 0.03711 0.66250   2338       3529.1 0.0207
7  2  25.9 0.03730 0.03730 0.68703   2344       3411.8 0.0207
7  2  25.9 0.03750 0.03750 0.72350   2308       3190.0 0.0208
7  2  25.9 0.03770 0.03770 0.76033   2306       3032.9 0.0208
7  2  25.9 0.03790 0.03789 0.83812   2368       2825.4 0.0205
7  2  25.9 0.03810 0.03809 0.83812   2276       2715.6 0.0210
7  2  25.9 0.03830 0.03828 0.85973   2278       2649.7 0.0210
7  2  25.9 0.03850 0.03848 0.92465   2272       2457.1 0.0210
7  2  25.9 0.03870 0.03867 0.92465   2238       2420.4 0.0211
7  2  25.9 0.03890 0.03887 0.95919   2290       2387.4 0.0209
7  2  25.9 0.03910 0.03906 0.95919   2282       2379.1 0.0209
7  2  25.9 0.03930 0.03926 0.95919   2270       2366.6 0.0210
7  2  25.9 0.03950 0.03945 0.98120   2238       2280.9 0.0211
7  2  25.9 0.03970 0.03975 1.02790   2314       2251.2 0.0208
7  2  25.9 0.03990 0.03994 1.04867   2312       2204.7 0.0208
7  3  25.9 0.00010 0.00010 1.21000      6          5.0 0.4082
7  3  25.9 0.00030 0.00029 1.21000      2          1.7 0.7071
7  3  25.9 0.00050 0.00049 1.21000      2          1.7 0.7071
7  3  25.9 0.00070 0.00068 1.21000      0          0.0 999.9990
7  3  26.0 0.00090 0.00088 1.21000      2          1.7 0.7071
7  3  26.0 0.00110 0.00107 1.21000      2          1.7 0.7071
7  3  26.0 0.00130 0.00127 1.21000     10          8.3 0.3162
7  3  26.0 0.00150 0.00146 1.21000     12          9.9 0.2887
7  3  26.0 0.00170 0.00166 1.21000     10          8.3 0.3162
7  3  26.0 0.00190 0.00186 1.21000     32         26.4 0.1768
7  3  26.0 0.00210 0.00215 1.21000     98         81.0 0.1010
7  3  26.0 0.00230 0.00234 1.21000    212        175.2 0.0687
7  3  26.0 0.00250 0.00254 1.21000    614        507.4 0.0404
7  3  26.0 0.00270 0.00273 1.21000   1800       1487.6 0.0236
7  3  26.0 0.00290 0.00293 1.21000   4358       3601.7 0.0151
7  3  26.0 0.00310 0.00313 1.21000  11228       9279.3 0.0094
7  3  26.0 0.00330 0.00332 1.21000  26362      21786.8 0.0062
7  3  26.0 0.00350 0.00352 1.21000  60842      50282.6 0.0041
7  3  26.0 0.00370 0.00371 0.54895  72034     131221.6 0.0037
7  3  26.0 0.00390 0.00391 0.26453  71682     270983.6 0.0037
7  3  26.0 0.00410 0.00410 0.14531  74774     514581.7 0.0037
7  3  26.0 0.00430 0.00430 0.07982  74592     934473.0 0.0037
7  3  26.0 0.00450 0.00449 0.04828  72558    1502916.4 0.0037
7  3  26.0 0.00470 0.00469 0.03376  71978    2132363.6 0.0037
7  3  26.0 0.00490 0.00488 0.02581  72268    2799952.7 0.0037
7  3  26.0 0.00510 0.00508 0.02149  71732    3337493.4 0.0037
7  3  26.0 0.00530 0.00527 0.01925  71912    3736219.6 0.0037
7  3  26.0 0.00550 0.00547 0.01925  77406    4021662.8 0.0036
7  3  26.0 0.00570 0.00566 0.01715  72628    4235663.7 0.0037
7  3  26.0 0.00590 0.00586 0.01715  74790    4361751.5 0.0037
7  3  26.0 0.00610 0.00605 0.01715  76158    4441533.2 0.0036
7  3  26.0 0.00630 0.00635 0.01715  77428    4515599.6 0.0036
7  3  26.0 0.00650 0.00654 0.01715  77978    4547675.6 0.0036
7  3  26.0 0.00670 0.00674 0.01715  78330    4568204.2 0.0036
7  3  26.0 0.00690 0.00693 0.01715  78550    4581034.6 0.0036
7  3  26.0 0.00710 0.00713 0.01715  78670    4588033.0 0.0036
7  3  26.0 0.00730 0.00732 0.01715  78670    4588033.0 0.0036
7  3  26.0 0.00750 0.00752 0.01715  78574    4582434.3 0.0036
7  3  26.0 0.00770 0.00771 0.01715  78354    4569603.9 0.0036
7  3  26.0 0.00790 0.00791 0.01715  78008    4549425.2 0.0036
7  3  26.0 0.00810 0.00811 0.01715  77432    4515832.9 0.0036
7  3  26.0 0.00830 0.00830 0.01715  76574    4465794.3 0.0036
7  3  26.0 0.00850 0.00850 0.01715  75266    4389511.8 0.0036
7  3  26.0 0.00870 0.00869 0.01715  73210    4269605.9 0.0037
7  3  26.0 0.00890 0.00889 0.01715  70316    4100827.9 0.0038
7  3  26.0 0.00910 0.00908 0.01715  65670    3829873.2 0.0039
7  3  26.0 0.00930 0.00928 0.01715  59580    3474704.5 0.0041
7  3  26.0 0.00950 0.00947 0.01715  51576    3007911.4 0.0044
7  3  26.0 0.00970 0.00967 0.01715  43296    2525021.9 0.0048
7  3  26.0 0.00990 0.00986 0.01715  34876    2033967.7 0.0054
7  3  26.0 0.01010 0.01006 0.01715  28852    1682648.1 0.0059
7  3  26.0 0.01030 0.01025 0.01715  24794    1445985.6 0.0064
7  3  26.0 0.01050 0.01055 0.01715  21708    1266010.2 0.0068
7  3  26.0 0.01070 0.01074 0.01715  20788    1212355.8 0.0069
7  3  26.0 0.01090 0.01094 0.01715  20266    1181912.8 0.0070
7  3  26.0 0.01110 0.01113 0.01715  20208    1178530.2 0.0070
7  3  26.0 0.01130 0.01133 0.01715  20236    1180163.2 0.0070
7  3  26.0 0.01150 0.01152 0.01715  19968    1164533.4 0.0071
7  3  26.0 0.01170 0.01172 0.01715  20066    1170248.8 0.0071
7  3  26.0 0.01190 0.01191 0.01715  20096    1171998.4 0.0071
7  3  26.0 0.01210 0.01211 0.01715  19924    1161967.3 0.0071
7  3  26.0 0.01230 0.01230 0.01715  19800    1154735.6 0.0071
7  3  26.0 0.01250 0.01250 0.01715  19652    1146104.3 0.0071
7  3  26.0 0.01270 0.01270 0.01715  19850    1157651.6 0.0071
7  3  26.0 0.01290 0.01289 0.01715  20064    1170132.1 0.0071
7  3  26.0 0.01310 0.01309 0.01715  19706    1149253.6 0.0071
7  3  26.0 0.01330 0.01328 0.01715  19672    1147270.7 0.0071
7  3  26.0 0.01350 0.01348 0.01715  19544    1139805.7 0.0072
7  3  26.0 0.01370 0.01367 0.01715  19282    1124525.9 0.0072
7  3  26.0 0.01390 0.01387 0.01715  18732    1092449.9 0.0073
7  3  26.0 0.01410 0.01406 0.01715  18020    1050926.1 0.0074
7  3  26.0 0.01430 0.01426 0.01715  17244    1005669.8 0.0076
7  3  26.0 0.01450 0.01445 0.01715  15630     911541.3 0.0080
7  3  26.0 0.01470 0.01475 0.01715  13708     799450.3 0.0085
7  3  26.0 0.01490 0.01494 0.01715  12104     705905.1 0.0091
7  3  26.0 0.01510 0.01514 0.01715  10288     599996.0 0.0099
7  3  26.0 0.01530 0.01533 0.01715   8732     509250.1 0.0107
7  3  26.0 0.01550 0.01553 0.01715   7316     426669.0 0.0117
7  3  26.0 0.01570 0.01572 0.01715   6418     374297.6 0.0125
7  3  26.0 0.01590 0.01592 0.01715   5480     319593.5 0.0135
7  3  26.0 0.01610 0.01611 0.01715   4772     278303.0 0.0145
7  3  26.0 0.01630 0.01631 0.01715   4278     249492.9 0.0153
7  3  26.0 0.01650 0.01650 0.01715   3984     232346.8 0.0158
7  3  26.0 0.01670 0.01670 0.01715   3644     212518.0 0.0166
7  3  26.0 0.01690 0.01689 0.01715   3482     203070.2 0.0169
7  3  26.0 0.01710 0.01709 0.01715   3432     200154.2 0.0171
7  3  26.0 0.01730 0.01729 0.01715   3472     202487.0 0.0170
7  3  26.0 0.01750 0.01748 0.01715   3286     191639.5 0.0174
7  3  26.0 0.01770 0.01768 0.01715   3250     189539.9 0.0175
7  3  26.0 0.01790 0.01787 0.01715   3138     183008.1 0.0179
7  3  26.0 0.01810 0.01807 0.01715   3240     188956.7 0.0176
7  3  26.0 0.01830 0.01826 0.01715   3030     176709.5 0.0182
7  3  26.0 0.01850 0.01846 0.01715   3058     178342.5 0.0181
7  3  26.0 0.01870 0.01865 0.01715   3016     175893.1 0.0182
7  3  26.0 0.01890 0.01895 0.01715   2942     171577.4 0.0184
7  3  26.0 0.01910 0.01914 0.01715   2906     169477.9 0.0186
7  3  26.0 0.01930 0.01934 0.01715   2842     165745.4 0.0188
7  3  26.0 0.01950 0.01953 0.01715   2822     164579.0 0.0188
7  3  26.0 0.01970 0.01973 0.01715   2752     160496.6 0.0191
7  3  26.0 0.01990 0.01992 0.01715   2762     161079.8 0.0190
7  3  26.0 0.02010 0.02012 0.01715   2630     153381.6 0.0195
7  3  26.0 0.02030 0.02031 0.01715   2480     144633.6 0.0201
7  3  26.0 0.02050 0.02051 0.01715   2490     145216.8 0.0200
7  3  26.0 0.02070 0.02070 0.01715   2424     141367.6 0.0203
7  3  26.0 0.02090 0.02090 0.01715   2332     136002.2 0.0207
7  3  26.0 0.02110 0.02109 0.01826   2274     124516.7 0.0210
7  3  26.0 0.02130 0.02129 0.01884   2232     118476.7 0.0212
7  3  26.0 0.02150 0.02148 0.02111   2280     107981.3 0.0209
7  3  26.0 0.02170 0.02168 0.02317   2344     101183.0 0.0207
7  3  26.0 0.02190 0.02188 0.02468   2318      93936.4 0.0208
7  3  26.0 0.02210 0.02207 0.02886   2346      81293.9 0.0206
7  3  26.0 0.02230 0.02227 0.03156   2240      70983.5 0.0211
7  3  26.0 0.02250 0.02246 0.03601   2320      64417.9 0.0208
7  3  26.0 0.02270 0.02266 0.03993   2254      56445.1 0.0211
7  3  26.0 0.02290 0.02285 0.04437   2232      50309.8 0.0212
7  3  26.0 0.02310 0.02314 0.05081   2268      44633.3 0.0210
7  3  26.0 0.02330 0.02334 0.05702   2354      41280.3 0.0206
7  3  26.0 0.02350 0.02354 0.05954   2306      38727.9 0.0208
7  3  26.0 0.02370 0.02373 0.06306   2304      36534.9 0.0208
7  3  26.0 0.02390 0.02393 0.06398   2274      35539.9 0.0210
7  3  26.0 0.02410 0.02412 0.06829   2372      34735.8 0.0205
7  3  26.0 0.02430 0.02432 0.06829   2316      33915.7 0.0208
7  3  26.0 0.02450 0.02451 0.07083   2302      32500.0 0.0208
7  3  26.0 0.02470 0.02471 0.07180   2266      31559.8 0.0210
7  3  26.0 0.02490 0.02490 0.07432   2270      30543.4 0.0210
7  3  26.0 0.02510 0.02510 0.07432   2304      31000.9 0.0208
7  3  26.0 0.02530 0.02529 0.07432   2260      30408.9 0.0210
7  3  26.0 0.02550 0.02549 0.07746   2244      28970.6 0.0211
7  3  26.0 0.02570 0.02568 0.07746   2244      28970.6 0.0211
7  3  26.0 0.02590 0.02588 0.07746   2226      28738.3 0.0212
7  3  26.0 0.02610 0.02607 0.07746   2226      28738.3 0.0212
7  3  26.0 0.02630 0.02627 0.08390   2388      28461.0 0.0205
7  3  26.0 0.02650 0.02646 0.08390   2312      27555.2 0.0208
7  3  26.0 0.02670 0.02666 0.08398   2268      27006.4 0.0210
7  3  26.0 0.02690 0.02686 0.08687   2256      25968.9 0.0211
7  3  26.0 0.02710 0.02715 0.09210   2324      25234.7 0.0207
7  3  26.0 0.02730 0.02734 0.09260   2250      24299.2 0.0211
7  3  26.0 0.02750 0.02754 0.09728   2386      24527.7 0.0205
7  3  26.0 0.02770 0.02773 0.09763   2276      23312.7 0.0210
7  3  26.0 0.02790 0.02793 0.10109   2234      22099.9 0.0212
7  3  26.0 0.02810 0.02813 0.10787   2314      21451.6 0.0208
7  3  26.0 0.02830 0.02832 0.11762   2382      20251.1 0.0205
7  3  26.0 0.02850 0.02852 0.11762   2264      19247.9 0.0210
7  3  26.0 0.02870 0.02871 0.12496   2320      18566.0 0.0208
7  3  26.0 0.02890 0.02891 0.13732   2344      17069.7 0.0207
7  3  26.0 0.02910 0.02910 0.14911   2334      15652.9 0.0207
7  3  26.0 0.02930 0.02930 0.15864   2242      14132.2 0.0211
7  3  26.0 0.02950 0.02949 0.17112   2240      13090.2 0.0211
7  3  26.0 0.02970 0.02969 0.19326   2242      11601.1 0.0211
7  3  26.0 0.02990 0.02988 0.21300   2426      11389.4 0.0203
7  3  26.0 0.03010 0.03008 0.22708   2258       9943.5 0.0210
7  3  26.0 0.03030 0.03027 0.24944   2236       8964.0 0.0211
7  3  26.0 0.03050 0.03047 0.26874   2330       8670.0 0.0207
7  3  26.0 0.03070 0.03066 0.28971   2332       8049.4 0.0207
7  3  26.0 0.03090 0.03086 0.31028   2348       7567.5 0.0206
7  3  26.0 0.03110 0.03105 0.31028   2272       7322.5 0.0210
7  3  26.0 0.03130 0.03135 0.32247   2274       7051.9 0.0210
7  3  26.0 0.03150 0.03154 0.33137   2308       6965.1 0.0208
7  3  26.0 0.03170 0.03174 0.34975   2296       6564.6 0.0209
7  3  26.0 0.03190 0.03193 0.34975   2286       6536.0 0.0209
7  3  26.0 0.03210 0.03213 0.35779   2236       6249.4 0.0211
7  3  26.0 0.03230 0.03232 0.35779   2242       6266.2 0.0211
7  3  26.0 0.03250 0.03252 0.36632   2250       6142.2 0.0211
7  3  26.0 0.03270 0.03271 0.36632   2230       6087.6 0.0212
7  3  26.0 0.03290 0.03291 0.39513   2308       5841.2 0.0208
7  3  26.0 0.03310 0.03311 0.39513   2334       5907.0 0.0207
7  3  26.0 0.03330 0.03330 0.39513   2304       5831.0 0.0208
7  3  26.0 0.03350 0.03350 0.39513   2244       5679.2 0.0211
7  3  26.0 0.03370 0.03369 0.41219   2360       5725.5 0.0206
7  3  26.0 0.03390 0.03389 0.41219   2234       5419.8 0.0212
7  3  26.0 0.03410 0.03408 0.42318   2260       5340.5 0.0210
7  3  26.0 0.03430 0.03428 0.42432   2254       5312.0 0.0211
7  3  26.0 0.03450 0.03447 0.44812   2306       5145.9 0.0208
7  3  26.0 0.03470 0.03467 0.44933   2226       4954.0 0.0212
7  3  26.0 0.03490 0.03486 0.44933   2226       4954.0 0.0212
7  3  26.0 0.03510 0.03506 0.49038   2308       4706.5 0.0208
7  3  26.0 0.03530 0.03525 0.50438   2298       4556.1 0.0209
7  3  26.0 0.03550 0.03555 0.50438   2228       4417.3 0.0212
7  3  26.0 0.03570 0.03574 0.55312   2268       4100.4 0.0210
7  3  26.0 0.03590 0.03594 0.58221   2266       3892.1 0.0210
7  3  26.0 0.03610 0.03613 0.61195   2302       3761.8 0.0208
7  3  26.0 0.03630 0.03633 0.66589   2238       3360.9 0.0211
7  3  26.0 0.03650 0.03652 0.70957   2388       3365.4 0.0205
7  3  26.0 0.03670 0.03672 0.76167   2254       2959.3 0.0211
7  3  26.0 0.03690 0.03691 0.84501   2420       2863.9 0.0203
7  3  26.0 0.03710 0.03711 0.88734   2250       2535.7 0.0211
7  3  26.0 0.03730 0.03730 0.96745   2358       2437.3 0.0206
7  3  26.0 0.03750 0.03750 1.04354   2304       2207.9 0.0208
7  3  26.0 0.03770 0.03770 1.11693   2286       2046.7 0.0209
7  3  26.0 0.03790 0.03789 1.11693   2232       1998.3 0.0212
7  3  26.0 0.03810 0.03809 1.21000   2044       1689.3 0.0221
7  3  26.0 0.03830 0.03828 1.21000   1924       1590.1 0.0228
7  3  26.0 0.03850 0.03848 1.21000   1956       1616.5 0.0226
7  3  26.0 0.03870 0.03867 1.21000   1892       1563.6 0.0230
7  3  26.0 0.03890 0.03887 1.21000   1848       1527.3 0.0233
7  3  26.0 0.03910 0.03906 1.21000   1778       1469.4 0.0237
7  3  26.0 0.03930 0.03926 1.21000   1672       1381.8 0.0245
7  3  26.0 0.03950 0.03945 1.21000   1740       1438.0 0.0240
7  3  26.0 0.03970 0.03975 1.21000   1726       1426.4 0.0241
7  3  26.0 0.03990 0.03994 1.21000   1680       1388.4 0.0244
