# Scan Time    : Fri, 18 Mar 2022 13:28:30 +0000 (GMT) +981610000 nsec
# Board Lane   : 7
# Board Loc    : BTOF - Northwest
# SiPM Biases  :  56.984  57.064  56.786  57.271
# SiPM Currents:   1.384   1.283   1.104   1.415
#
5 -1  26.4 0.00010 0.00010 1.20000  41402      34501.7 0.0049
5 -1  26.4 0.00030 0.00029 1.20000  77380      64483.3 0.0036
5 -1  26.4 0.00050 0.00049 0.50505  72470     143490.5 0.0037
5 -1  26.4 0.00070 0.00068 0.24951  72342     289940.7 0.0037
5 -1  26.4 0.00090 0.00088 0.13706  78744     574522.4 0.0036
5 -1  26.4 0.00110 0.00107 0.06767  70084    1035724.5 0.0038
5 -1  26.4 0.00130 0.00127 0.03815  71064    1862892.6 0.0038
5 -1  26.4 0.00150 0.00146 0.02392  71844    3004136.1 0.0037
5 -1  26.4 0.00170 0.00166 0.01675  71426    4265112.9 0.0037
5 -1  26.4 0.00190 0.00186 0.01210  71988    5947809.8 0.0037
5 -1  26.4 0.00210 0.00215 0.00861  72618    8436139.0 0.0037
5 -1  26.4 0.00230 0.00234 0.00732  71742    9807010.2 0.0037
5 -1  26.4 0.00250 0.00254 0.00732  79138   10818030.9 0.0036
5 -1  26.4 0.00270 0.00273 0.00621  71724   11553844.7 0.0037
5 -1  26.4 0.00290 0.00293 0.00621  75160   12107341.6 0.0036
5 -1  26.4 0.00310 0.00313 0.00621  77400   12468177.7 0.0036
5 -1  26.4 0.00330 0.00332 0.00621  79680   12835457.4 0.0035
5 -1  26.4 0.00350 0.00352 0.00551  72644   13189180.2 0.0037
5 -1  26.4 0.00370 0.00371 0.00551  73680   13377275.4 0.0037
5 -1  26.4 0.00390 0.00391 0.00551  74506   13527243.3 0.0037
5 -1  26.4 0.00410 0.00410 0.00551  74834   13586794.7 0.0037
5 -1  26.4 0.00430 0.00430 0.00551  75006   13618022.8 0.0037
5 -1  26.4 0.00450 0.00449 0.00551  74892   13597325.1 0.0037
5 -1  26.4 0.00470 0.00469 0.00551  74588   13542131.1 0.0037
5 -1  26.4 0.00490 0.00488 0.00551  73748   13389621.5 0.0037
5 -1  26.4 0.00510 0.00508 0.00551  72510   13164851.3 0.0037
5 -1  26.4 0.00530 0.00527 0.00551  70616   12820978.3 0.0038
5 -1  26.4 0.00550 0.00547 0.00551  67740   12298814.3 0.0038
5 -1  26.4 0.00570 0.00566 0.00551  63982   11616515.2 0.0040
5 -1  26.4 0.00590 0.00586 0.00551  58564   10632827.9 0.0041
5 -1  26.4 0.00610 0.00605 0.00551  52836    9592857.3 0.0044
5 -1  26.4 0.00630 0.00635 0.00551  43250    7852431.6 0.0048
5 -1  26.4 0.00650 0.00654 0.00551  37260    6764892.5 0.0052
5 -1  26.4 0.00670 0.00674 0.00551  32744    5944971.6 0.0055
5 -1  26.4 0.00690 0.00693 0.00551  29798    5410098.4 0.0058
5 -1  26.4 0.00710 0.00713 0.00551  27894    5064409.9 0.0060
5 -1  26.4 0.00730 0.00732 0.00551  26484    4808411.5 0.0061
5 -1  26.4 0.00750 0.00752 0.00551  26066    4732519.8 0.0062
5 -1  26.4 0.00770 0.00771 0.00551  25688    4663890.5 0.0062
5 -1  26.4 0.00790 0.00791 0.00551  25314    4595987.4 0.0063
5 -1  26.4 0.00810 0.00811 0.00551  25194    4574200.3 0.0063
5 -1  26.4 0.00830 0.00830 0.00551  25084    4554228.8 0.0063
5 -1  26.4 0.00850 0.00850 0.00551  25048    4547692.7 0.0063
5 -1  26.4 0.00870 0.00869 0.00551  24848    4511380.8 0.0063
5 -1  26.4 0.00890 0.00889 0.00551  25022    4542972.1 0.0063
5 -1  26.4 0.00910 0.00908 0.00551  24982    4535709.8 0.0063
5 -1  26.4 0.00930 0.00928 0.00551  24922    4524816.2 0.0063
5 -1  26.4 0.00950 0.00947 0.00551  24736    4491046.2 0.0064
5 -1  26.4 0.00970 0.00967 0.00551  24816    4505570.9 0.0063
5 -1  26.4 0.00990 0.00986 0.00551  24688    4482331.4 0.0064
5 -1  26.4 0.01010 0.01006 0.00551  24400    4430042.4 0.0064
5 -1  26.4 0.01030 0.01025 0.00551  24758    4495040.5 0.0064
5 -1  26.4 0.01050 0.01055 0.00551  24606    4467443.5 0.0064
5 -1  26.4 0.01070 0.01074 0.00551  24556    4458365.6 0.0064
5 -1  26.4 0.01090 0.01094 0.00551  24496    4447472.0 0.0064
5 -1  26.4 0.01110 0.01113 0.00551  24306    4412975.8 0.0064
5 -1  26.4 0.01130 0.01133 0.00551  24096    4374848.4 0.0064
5 -1  26.4 0.01150 0.01152 0.00551  23652    4294236.1 0.0065
5 -1  26.4 0.01170 0.01172 0.00551  23012    4178038.3 0.0066
5 -1  26.4 0.01190 0.01191 0.00551  22242    4038237.8 0.0067
5 -1  26.4 0.01210 0.01211 0.00551  21170    3843606.4 0.0069
5 -1  26.4 0.01230 0.01230 0.00551  19884    3610121.4 0.0071
5 -1  26.4 0.01250 0.01250 0.00551  18282    3319263.7 0.0074
5 -1  26.4 0.01270 0.01270 0.00551  16876    3063991.6 0.0077
5 -1  26.4 0.01290 0.01289 0.00551  14926    2709951.3 0.0082
5 -1  26.4 0.01310 0.01309 0.00551  13134    2384597.4 0.0087
5 -1  26.4 0.01330 0.01328 0.00551  11652    2115526.8 0.0093
5 -1  26.4 0.01350 0.01348 0.00551  10390    1886399.2 0.0098
5 -1  26.4 0.01370 0.01367 0.00551   9086    1649646.1 0.0105
5 -1  26.4 0.01390 0.01387 0.00551   8022    1456467.2 0.0112
5 -1  26.4 0.01410 0.01406 0.00551   7272    1320297.9 0.0117
5 -1  26.4 0.01430 0.01426 0.00551   6680    1212814.9 0.0122
5 -1  26.4 0.01450 0.01445 0.00551   6096    1106784.4 0.0128
5 -1  26.4 0.01470 0.01475 0.00551   5520    1002206.3 0.0135
5 -1  26.4 0.01490 0.01494 0.00551   5470     993128.3 0.0135
5 -1  26.4 0.01510 0.01514 0.00551   5072     920867.8 0.0140
5 -1  26.4 0.01530 0.01533 0.00551   4928     894723.3 0.0142
5 -1  26.4 0.01550 0.01553 0.00551   4776     867126.3 0.0145
5 -1  26.4 0.01570 0.01572 0.00551   4756     863495.1 0.0145
5 -1  26.4 0.01590 0.01592 0.00551   4586     832630.1 0.0148
5 -1  26.4 0.01610 0.01611 0.00551   4426     803580.6 0.0150
5 -1  26.4 0.01630 0.01631 0.00551   4300     780704.2 0.0152
5 -1  26.4 0.01650 0.01650 0.00551   4222     766542.6 0.0154
5 -1  26.4 0.01670 0.01670 0.00551   4066     738219.4 0.0157
5 -1  26.4 0.01690 0.01689 0.00551   3978     722242.2 0.0159
5 -1  26.4 0.01710 0.01709 0.00551   3900     708080.5 0.0160
5 -1  26.4 0.01730 0.01729 0.00551   3838     696823.9 0.0161
5 -1  26.4 0.01750 0.01748 0.00551   3860     700818.2 0.0161
5 -1  26.4 0.01770 0.01768 0.00551   3662     664869.5 0.0165
5 -1  26.4 0.01790 0.01787 0.00551   3384     614396.0 0.0172
5 -1  26.4 0.01810 0.01807 0.00551   3444     625289.6 0.0170
5 -1  26.4 0.01830 0.01826 0.00551   3160     573726.8 0.0178
5 -1  26.4 0.01850 0.01846 0.00551   3172     575905.5 0.0178
5 -1  26.4 0.01870 0.01865 0.00551   2942     534146.9 0.0184
5 -1  26.4 0.01890 0.01895 0.00551   2836     514901.6 0.0188
5 -1  26.4 0.01910 0.01914 0.00551   2734     496382.6 0.0191
5 -1  26.4 0.01930 0.01934 0.00551   2678     486215.3 0.0193
5 -1  26.4 0.01950 0.01953 0.00551   2458     446272.3 0.0202
5 -1  26.4 0.01970 0.01973 0.00551   2394     434652.5 0.0204
5 -1  26.4 0.01990 0.01992 0.00570   2294     402736.0 0.0209
5 -1  26.4 0.02010 0.02012 0.00616   2366     384354.1 0.0206
5 -1  26.4 0.02030 0.02031 0.00664   2288     344516.6 0.0209
5 -1  26.4 0.02050 0.02051 0.00720   2356     327413.2 0.0206
5 -1  26.4 0.02070 0.02070 0.00762   2222     291718.3 0.0212
5 -1  26.4 0.02090 0.02090 0.00856   2236     261085.2 0.0211
5 -1  26.4 0.02110 0.02109 0.00945   2270     240182.9 0.0210
5 -1  26.4 0.02130 0.02129 0.01027   2226     216659.7 0.0212
5 -1  26.4 0.02150 0.02148 0.01203   2266     188386.8 0.0210
5 -1  26.4 0.02170 0.02168 0.01296   2272     175364.6 0.0210
5 -1  26.4 0.02190 0.02188 0.01417   2292     161781.1 0.0209
5 -1  26.4 0.02210 0.02207 0.01555   2298     147743.9 0.0209
5 -1  26.4 0.02230 0.02227 0.01732   2298     132716.8 0.0209
5 -1  26.4 0.02250 0.02246 0.01738   2256     129822.1 0.0211
5 -1  26.4 0.02270 0.02266 0.01933   2292     118597.5 0.0209
5 -1  26.4 0.02290 0.02285 0.02034   2236     109920.4 0.0211
5 -1  26.4 0.02310 0.02314 0.02161   2252     104229.9 0.0211
5 -1  26.4 0.02330 0.02334 0.02424   2372      97847.0 0.0205
5 -1  26.4 0.02350 0.02354 0.02424   2278      93969.4 0.0210
5 -1  26.4 0.02370 0.02373 0.02424   2260      93226.9 0.0210
5 -1  26.4 0.02390 0.02393 0.02600   2264      87087.3 0.0210
5 -1  26.4 0.02410 0.02412 0.02614   2290      87611.7 0.0209
5 -1  26.4 0.02430 0.02432 0.02821   2280      80832.1 0.0209
5 -1  26.4 0.02450 0.02451 0.02926   2272      77655.6 0.0210
5 -1  26.5 0.02470 0.02471 0.03007   2270      75492.2 0.0210
5 -1  26.5 0.02490 0.02490 0.03162   2252      71223.9 0.0211
5 -1  26.5 0.02510 0.02510 0.03262   2288      70148.0 0.0209
5 -1  26.5 0.02530 0.02529 0.03390   2332      68794.1 0.0207
5 -1  26.5 0.02550 0.02549 0.03418   2250      65837.4 0.0211
5 -1  26.5 0.02570 0.02568 0.03759   2312      61497.9 0.0208
5 -1  26.5 0.02590 0.02588 0.03922   2232      56911.8 0.0212
5 -1  26.5 0.02610 0.02607 0.03957   2254      56955.4 0.0211
5 -1  26.5 0.02630 0.02627 0.04132   2256      54594.4 0.0211
5 -1  26.5 0.02650 0.02646 0.04303   2246      52199.8 0.0211
5 -1  26.5 0.02670 0.02666 0.04605   2298      49901.8 0.0209
5 -1  26.5 0.02690 0.02686 0.04873   2290      46997.7 0.0209
5 -1  26.5 0.02710 0.02715 0.05256   2224      42313.4 0.0212
5 -1  26.5 0.02730 0.02734 0.05646   2298      40703.9 0.0209
5 -1  26.5 0.02750 0.02754 0.05833   2224      38127.0 0.0212
5 -1  26.5 0.02770 0.02773 0.06361   2380      37416.7 0.0205
5 -1  26.5 0.02790 0.02793 0.06590   2244      34050.2 0.0211
5 -1  26.5 0.02810 0.02813 0.07053   2276      32270.5 0.0210
5 -1  26.5 0.02830 0.02832 0.07519   2252      29950.1 0.0211
5 -1  26.5 0.02850 0.02852 0.08120   2236      27536.2 0.0211
5 -1  26.5 0.02870 0.02871 0.08995   2304      25615.4 0.0208
5 -1  26.5 0.02890 0.02891 0.09626   2234      23207.5 0.0212
5 -1  26.5 0.02910 0.02910 0.10156   2324      22882.1 0.0207
5 -1  26.5 0.02930 0.02930 0.11363   2308      20311.0 0.0208
5 -1  26.5 0.02950 0.02949 0.12428   2258      18169.0 0.0210
5 -1  26.5 0.02970 0.02969 0.13216   2252      17040.4 0.0211
5 -1  26.5 0.02990 0.02988 0.14312   2330      16280.3 0.0207
5 -1  26.5 0.03010 0.03008 0.15135   2244      14826.4 0.0211
5 -1  26.5 0.03030 0.03027 0.16200   2242      13839.9 0.0211
5 -1  26.5 0.03050 0.03047 0.18253   2258      12370.4 0.0210
5 -1  26.5 0.03070 0.03066 0.19078   2254      11815.0 0.0211
5 -1  26.5 0.03090 0.03086 0.20186   2238      11087.0 0.0211
5 -1  26.5 0.03110 0.03105 0.22332   2340      10478.2 0.0207
5 -1  26.5 0.03130 0.03135 0.23188   2240       9660.2 0.0211
5 -1  26.5 0.03150 0.03154 0.24304   2266       9323.8 0.0210
5 -1  26.5 0.03170 0.03174 0.25117   2286       9101.3 0.0209
5 -1  26.5 0.03190 0.03193 0.26913   2328       8650.2 0.0207
5 -1  26.5 0.03210 0.03213 0.27866   2238       8031.4 0.0211
5 -1  26.5 0.03230 0.03232 0.29626   2278       7689.3 0.0210
5 -1  26.5 0.03250 0.03252 0.32049   2282       7120.4 0.0209
5 -1  26.5 0.03270 0.03271 0.32194   2272       7057.3 0.0210
5 -1  26.5 0.03290 0.03291 0.34288   2238       6527.0 0.0211
5 -1  26.5 0.03310 0.03311 0.35305   2244       6356.0 0.0211
5 -1  26.5 0.03330 0.03330 0.35305   2250       6373.0 0.0211
5 -1  26.5 0.03350 0.03350 0.38701   2312       5974.0 0.0208
5 -1  26.5 0.03370 0.03369 0.38701   2226       5751.8 0.0212
5 -1  26.5 0.03390 0.03389 0.43785   2448       5591.0 0.0202
5 -1  26.5 0.03410 0.03408 0.43785   2274       5193.6 0.0210
5 -1  26.5 0.03430 0.03428 0.46417   2420       5213.6 0.0203
5 -1  26.5 0.03450 0.03447 0.47749   2254       4720.5 0.0211
5 -1  26.5 0.03470 0.03467 0.49906   2390       4789.0 0.0205
5 -1  26.5 0.03490 0.03486 0.51895   2248       4331.8 0.0211
5 -1  26.5 0.03510 0.03506 0.57945   2310       3986.5 0.0208
5 -1  26.5 0.03530 0.03525 0.57945   2266       3910.6 0.0210
5 -1  26.5 0.03550 0.03555 0.62746   2222       3541.3 0.0212
5 -1  26.5 0.03570 0.03574 0.66076   2230       3374.9 0.0212
5 -1  26.5 0.03590 0.03594 0.70452   2312       3281.7 0.0208
5 -1  26.5 0.03610 0.03613 0.73288   2262       3086.4 0.0210
5 -1  26.5 0.03630 0.03633 0.81912   2342       2859.2 0.0207
5 -1  26.5 0.03650 0.03652 0.83490   2316       2774.0 0.0208
5 -1  26.5 0.03670 0.03672 0.88754   2260       2546.4 0.0210
5 -1  26.5 0.03690 0.03691 0.91302   2296       2514.7 0.0209
5 -1  26.5 0.03710 0.03711 1.00972   2250       2228.3 0.0211
5 -1  26.5 0.03730 0.03730 1.07061   2328       2174.5 0.0207
5 -1  26.5 0.03750 0.03750 1.12020   2230       1990.7 0.0212
5 -1  26.5 0.03770 0.03770 1.15987   2330       2008.8 0.0207
5 -1  26.5 0.03790 0.03789 1.21000   2072       1712.4 0.0220
5 -1  26.5 0.03810 0.03809 1.21000   2016       1666.1 0.0223
5 -1  26.5 0.03830 0.03828 1.21000   1858       1535.5 0.0232
5 -1  26.5 0.03850 0.03848 1.21000   1788       1477.7 0.0236
5 -1  26.5 0.03870 0.03867 1.21000   1650       1363.6 0.0246
5 -1  26.5 0.03890 0.03887 1.21000   1594       1317.4 0.0250
5 -1  26.5 0.03910 0.03906 1.21000   1468       1213.2 0.0261
5 -1  26.5 0.03930 0.03926 1.21000   1442       1191.7 0.0263
5 -1  26.5 0.03950 0.03945 1.21000   1384       1143.8 0.0269
5 -1  26.5 0.03970 0.03975 1.21000   1306       1079.3 0.0277
5 -1  26.5 0.03990 0.03994 1.21000   1252       1034.7 0.0283
5  0  26.5 0.00010 0.00010 1.21000  41562      34348.8 0.0049
5  0  26.5 0.00030 0.00029 1.21000  75356      62277.7 0.0036
5  0  26.5 0.00050 0.00049 0.44302  72584     163840.8 0.0037
5  0  26.5 0.00070 0.00068 0.24336  78302     321754.7 0.0036
5  0  26.5 0.00090 0.00088 0.11802  71960     609714.8 0.0037
5  0  26.5 0.00110 0.00107 0.06995  71648    1024297.9 0.0037
5  0  26.5 0.00130 0.00127 0.04404  71786    1630145.6 0.0037
5  0  26.5 0.00150 0.00146 0.03166  72002    2273946.6 0.0037
5  0  26.5 0.00170 0.00166 0.02533  72202    2850455.3 0.0037
5  0  26.5 0.00190 0.00186 0.02134  71534    3352657.7 0.0037
5  0  26.5 0.00210 0.00215 0.01843  71790    3895056.6 0.0037
5  0  26.5 0.00230 0.00234 0.01843  76026    4124886.1 0.0036
5  0  26.5 0.00250 0.00254 0.01843  78624    4265843.8 0.0036
5  0  26.5 0.00270 0.00273 0.01650  72472    4391018.0 0.0037
5  0  26.5 0.00290 0.00293 0.01650  73506    4453667.2 0.0037
5  0  26.5 0.00310 0.00313 0.01650  74166    4493656.1 0.0037
5  0  26.5 0.00330 0.00332 0.01650  74644    4522617.7 0.0037
5  0  26.5 0.00350 0.00352 0.01650  75022    4545520.4 0.0037
5  0  26.5 0.00370 0.00371 0.01650  75256    4559698.3 0.0036
5  0  26.5 0.00390 0.00391 0.01650  75390    4567817.2 0.0036
5  0  26.5 0.00410 0.00410 0.01650  75420    4569634.9 0.0036
5  0  26.5 0.00430 0.00430 0.01650  75354    4565636.0 0.0036
5  0  26.5 0.00450 0.00449 0.01650  75200    4556305.3 0.0036
5  0  26.5 0.00470 0.00469 0.01650  74980    4542975.7 0.0037
5  0  26.5 0.00490 0.00488 0.01650  74586    4519103.5 0.0037
5  0  26.5 0.00510 0.00508 0.01650  73902    4477660.5 0.0037
5  0  26.5 0.00530 0.00527 0.01650  73032    4424948.0 0.0037
5  0  26.5 0.00550 0.00547 0.01650  71592    4337699.6 0.0037
5  0  26.5 0.00570 0.00566 0.01650  69602    4217127.1 0.0038
5  0  26.5 0.00590 0.00586 0.01650  66444    4025786.5 0.0039
5  0  26.5 0.00610 0.00605 0.01650  62178    3767313.2 0.0040
5  0  26.5 0.00630 0.00635 0.01650  52846    3201895.1 0.0044
5  0  26.5 0.00650 0.00654 0.01650  45370    2748930.5 0.0047
5  0  26.5 0.00670 0.00674 0.01650  37420    2267246.6 0.0052
5  0  26.5 0.00690 0.00693 0.01650  31118    1885413.7 0.0057
5  0  26.5 0.00710 0.00713 0.01650  26576    1610217.7 0.0061
5  0  26.5 0.00730 0.00732 0.01650  23566    1427844.3 0.0065
5  0  26.5 0.00750 0.00752 0.01650  22146    1341807.7 0.0067
5  0  26.5 0.00770 0.00771 0.01650  21432    1298547.0 0.0068
5  0  26.5 0.00790 0.00791 0.01650  20752    1257346.4 0.0069
5  0  26.5 0.00810 0.00811 0.01650  20566    1246076.8 0.0070
5  0  26.5 0.00830 0.00830 0.01650  20566    1246076.8 0.0070
5  0  26.5 0.00850 0.00850 0.01650  20384    1235049.6 0.0070
5  0  26.5 0.00870 0.00869 0.01650  20546    1244865.0 0.0070
5  0  26.5 0.00890 0.00889 0.01650  20600    1248136.8 0.0070
5  0  26.5 0.00910 0.00908 0.01650  20268    1228021.2 0.0070
5  0  26.5 0.00930 0.00928 0.01650  20446    1238806.1 0.0070
5  0  26.5 0.00950 0.00947 0.01650  20596    1247894.5 0.0070
5  0  26.5 0.00970 0.00967 0.01650  20492    1241593.2 0.0070
5  0  26.5 0.00990 0.00986 0.01650  20534    1244137.9 0.0070
5  0  26.5 0.01010 0.01006 0.01650  20316    1230929.5 0.0070
5  0  26.5 0.01030 0.01025 0.01650  20422    1237351.9 0.0070
5  0  26.5 0.01050 0.01055 0.01650  20404    1236261.3 0.0070
5  0  26.5 0.01070 0.01074 0.01650  20384    1235049.6 0.0070
5  0  26.5 0.01090 0.01094 0.01650  20338    1232262.5 0.0070
5  0  26.5 0.01110 0.01113 0.01650  20184    1222931.7 0.0070
5  0  26.5 0.01130 0.01133 0.01650  20170    1222083.5 0.0070
5  0  26.5 0.01150 0.01152 0.01650  19964    1209602.1 0.0071
5  0  26.5 0.01170 0.01172 0.01650  19302    1169492.1 0.0072
5  0  26.5 0.01190 0.01191 0.01650  18786    1138228.1 0.0073
5  0  26.5 0.01210 0.01211 0.01650  17524    1061764.5 0.0076
5  0  26.5 0.01230 0.01230 0.01650  16338     989905.8 0.0078
5  0  26.5 0.01250 0.01250 0.01650  15046     911624.6 0.0082
5  0  26.5 0.01270 0.01270 0.01650  13640     826436.2 0.0086
5  0  26.5 0.01290 0.01289 0.01650  11662     706590.9 0.0093
5  0  26.5 0.01310 0.01309 0.01650  10140     614374.1 0.0099
5  0  26.5 0.01330 0.01328 0.01650   8404     509191.3 0.0109
5  0  26.5 0.01350 0.01348 0.01650   7046     426911.3 0.0119
5  0  26.5 0.01370 0.01367 0.01650   5846     354204.3 0.0131
5  0  26.5 0.01390 0.01387 0.01650   4868     294948.1 0.0143
5  0  26.5 0.01410 0.01406 0.01650   4174     252899.2 0.0155
5  0  26.5 0.01430 0.01426 0.01650   3752     227330.6 0.0163
5  0  26.5 0.01450 0.01445 0.01650   3264     197763.0 0.0175
5  0  26.5 0.01470 0.01475 0.01650   2948     178616.9 0.0184
5  0  26.5 0.01490 0.01494 0.01650   2702     163711.9 0.0192
5  0  26.5 0.01510 0.01514 0.01650   2718     164681.4 0.0192
5  0  26.5 0.01530 0.01533 0.01650   2440     147837.6 0.0202
5  0  26.5 0.01550 0.01553 0.01650   2564     155350.6 0.0197
5  0  26.5 0.01570 0.01572 0.01650   2546     154260.0 0.0198
5  0  26.5 0.01590 0.01592 0.01650   2444     148079.9 0.0202
5  0  26.5 0.01610 0.01611 0.01650   2254     136568.0 0.0211
5  0  26.5 0.01630 0.01631 0.01650   2328     141051.6 0.0207
5  0  26.5 0.01650 0.01650 0.01679   2338     139234.9 0.0207
5  0  26.5 0.01670 0.01670 0.01679   2330     138758.5 0.0207
5  0  26.5 0.01690 0.01689 0.01702   2286     134300.1 0.0209
5  0  26.5 0.01710 0.01709 0.01732   2322     134091.8 0.0208
5  0  26.5 0.01730 0.01729 0.01789   2296     128328.7 0.0209
5  0  26.5 0.01750 0.01748 0.01789   2328     130117.3 0.0207
5  0  26.5 0.01770 0.01768 0.01789   2222     124192.7 0.0212
5  0  26.5 0.01790 0.01787 0.01904   2260     118698.9 0.0210
5  0  26.5 0.01810 0.01807 0.02003   2296     114619.9 0.0209
5  0  26.5 0.01830 0.01826 0.02003   2232     111425.0 0.0212
5  0  26.5 0.01850 0.01846 0.02003   2232     111425.0 0.0212
5  0  26.5 0.01870 0.01865 0.02190   2296     104817.0 0.0209
5  0  26.5 0.01890 0.01895 0.02220   2256     101600.4 0.0211
5  0  26.5 0.01910 0.01914 0.02423   2262      93343.2 0.0210
5  0  26.5 0.01930 0.01934 0.02423   2224      91775.1 0.0212
5  0  26.5 0.01950 0.01953 0.02650   2224      83936.8 0.0212
5  0  26.5 0.01970 0.01973 0.02728   2226      81600.1 0.0212
5  0  26.5 0.01990 0.01992 0.03040   2348      77240.4 0.0206
5  0  26.5 0.02010 0.02012 0.03273   2270      69364.6 0.0210
5  0  26.5 0.02030 0.02031 0.03496   2300      65789.9 0.0209
5  0  26.5 0.02050 0.02051 0.03815   2256      59133.4 0.0211
5  0  26.5 0.02070 0.02070 0.04457   2344      52591.8 0.0207
5  0  26.5 0.02090 0.02090 0.04898   2310      47163.8 0.0208
5  0  26.5 0.02110 0.02109 0.05606   2272      40528.1 0.0210
5  0  26.5 0.02130 0.02129 0.06342   2238      35286.3 0.0211
5  0  26.5 0.02150 0.02148 0.07528   2324      30870.5 0.0207
5  0  26.5 0.02170 0.02168 0.08927   2396      26841.0 0.0204
5  0  26.5 0.02190 0.02188 0.09851   2292      23267.4 0.0209
5  0  26.5 0.02210 0.02207 0.10896   2226      20430.4 0.0212
5  0  26.5 0.02230 0.02227 0.12274   2246      18299.2 0.0211
5  0  26.5 0.02250 0.02246 0.13474   2234      16579.5 0.0212
5  0  26.6 0.02270 0.02266 0.14769   2282      15450.9 0.0209
5  0  26.6 0.02290 0.02285 0.15054   2234      14839.9 0.0212
5  0  26.6 0.02310 0.02314 0.16625   2238      13461.5 0.0211
5  0  26.6 0.02330 0.02334 0.18600   2332      12537.3 0.0207
5  0  26.6 0.02350 0.02354 0.18600   2246      12075.0 0.0211
5  0  26.6 0.02370 0.02373 0.19077   2308      12098.1 0.0208
5  0  26.6 0.02390 0.02393 0.20143   2274      11289.1 0.0210
5  0  26.6 0.02410 0.02412 0.20143   2244      11140.2 0.0211
5  0  26.6 0.02430 0.02432 0.21049   2338      11107.4 0.0207
5  0  26.6 0.02450 0.02451 0.21613   2326      10762.0 0.0207
5  0  26.6 0.02470 0.02471 0.22934   2304      10046.1 0.0208
5  0  26.6 0.02490 0.02490 0.22934   2246       9793.2 0.0211
5  0  26.6 0.02510 0.02510 0.24609   2276       9248.6 0.0210
5  0  26.6 0.02530 0.02529 0.24676   2272       9207.4 0.0210
5  0  26.6 0.02550 0.02549 0.25863   2302       8900.8 0.0208
5  0  26.6 0.02570 0.02568 0.26313   2226       8459.7 0.0212
5  0  26.6 0.02590 0.02588 0.27921   2354       8430.8 0.0206
5  0  26.6 0.02610 0.02607 0.27921   2228       7979.5 0.0212
5  0  26.6 0.02630 0.02627 0.30383   2234       7352.9 0.0212
5  0  26.6 0.02650 0.02646 0.31488   2326       7386.9 0.0207
5  0  26.6 0.02670 0.02666 0.33222   2462       7410.7 0.0202
5  0  26.6 0.02690 0.02686 0.34206   2328       6805.8 0.0207
5  0  26.6 0.02710 0.02715 0.36337   2258       6214.1 0.0210
5  0  26.6 0.02730 0.02734 0.38312   2336       6097.3 0.0207
5  0  26.6 0.02750 0.02754 0.40146   2352       5858.6 0.0206
5  0  26.6 0.02770 0.02773 0.42397   2298       5420.1 0.0209
5  0  26.6 0.02790 0.02793 0.44354   2232       5032.3 0.0212
5  0  26.6 0.02810 0.02813 0.48028   2310       4809.7 0.0208
5  0  26.6 0.02830 0.02832 0.53669   2320       4322.8 0.0208
5  0  26.6 0.02850 0.02852 0.56093   2286       4075.4 0.0209
5  0  26.6 0.02870 0.02871 0.61978   2344       3782.0 0.0207
5  0  26.6 0.02890 0.02891 0.67517   2222       3291.0 0.0212
5  0  26.6 0.02910 0.02910 0.74287   2338       3147.3 0.0207
5  0  26.6 0.02930 0.02930 0.83366   2252       2701.3 0.0211
5  0  26.6 0.02950 0.02949 0.89661   2254       2513.9 0.0211
5  0  26.6 0.02970 0.02969 1.00036   2250       2249.2 0.0211
5  0  26.6 0.02990 0.02988 1.12837   2276       2017.1 0.0210
5  0  26.6 0.03010 0.03008 1.21000   2020       1669.4 0.0222
5  0  26.6 0.03030 0.03027 1.21000   1934       1598.3 0.0227
5  0  26.6 0.03050 0.03047 1.21000   1662       1373.6 0.0245
5  0  26.6 0.03070 0.03066 1.21000   1580       1305.8 0.0252
5  0  26.6 0.03090 0.03086 1.21000   1420       1173.6 0.0265
5  0  26.6 0.03110 0.03105 1.21000   1342       1109.1 0.0273
5  0  26.6 0.03130 0.03135 1.21000   1300       1074.4 0.0277
5  0  26.6 0.03150 0.03154 1.21000   1224       1011.6 0.0286
5  0  26.6 0.03170 0.03174 1.21000   1196        988.4 0.0289
5  0  26.6 0.03190 0.03193 1.21000   1136        938.8 0.0297
5  0  26.6 0.03210 0.03213 1.21000   1102        910.7 0.0301
5  0  26.6 0.03230 0.03232 1.21000   1048        866.1 0.0309
5  0  26.6 0.03250 0.03252 1.21000   1040        859.5 0.0310
5  0  26.6 0.03270 0.03271 1.21000   1034        854.5 0.0311
5  0  26.6 0.03290 0.03291 1.21000    954        788.4 0.0324
5  0  26.6 0.03310 0.03311 1.21000    870        719.0 0.0339
5  0  26.6 0.03330 0.03330 1.21000    956        790.1 0.0323
5  0  26.6 0.03350 0.03350 1.21000    900        743.8 0.0333
5  0  26.6 0.03370 0.03369 1.21000    914        755.4 0.0331
5  0  26.6 0.03390 0.03389 1.21000    810        669.4 0.0351
5  0  26.6 0.03410 0.03408 1.21000    842        695.9 0.0345
5  0  26.6 0.03430 0.03428 1.21000    792        654.5 0.0355
5  0  26.6 0.03450 0.03447 1.21000    732        605.0 0.0370
5  0  26.6 0.03470 0.03467 1.21000    762        629.8 0.0362
5  0  26.6 0.03490 0.03486 1.21000    724        598.3 0.0372
5  0  26.6 0.03510 0.03506 1.21000    666        550.4 0.0387
5  0  26.6 0.03530 0.03525 1.21000    710        586.8 0.0375
5  0  26.6 0.03550 0.03555 1.21000    614        507.4 0.0404
5  0  26.6 0.03570 0.03574 1.21000    664        548.8 0.0388
5  0  26.6 0.03590 0.03594 1.21000    586        484.3 0.0413
5  0  26.6 0.03610 0.03613 1.21000    522        431.4 0.0438
5  0  26.6 0.03630 0.03633 1.21000    498        411.6 0.0448
5  0  26.6 0.03650 0.03652 1.21000    488        403.3 0.0453
5  0  26.6 0.03670 0.03672 1.21000    494        408.3 0.0450
5  0  26.6 0.03690 0.03691 1.21000    496        409.9 0.0449
5  0  26.6 0.03710 0.03711 1.21000    472        390.1 0.0460
5  0  26.6 0.03730 0.03730 1.21000    458        378.5 0.0467
5  0  26.6 0.03750 0.03750 1.21000    392        324.0 0.0505
5  0  26.6 0.03770 0.03770 1.21000    388        320.7 0.0508
5  0  26.6 0.03790 0.03789 1.21000    362        299.2 0.0526
5  0  26.6 0.03810 0.03809 1.21000    370        305.8 0.0520
5  0  26.6 0.03830 0.03828 1.21000    378        312.4 0.0514
5  0  26.6 0.03850 0.03848 1.21000    360        297.5 0.0527
5  0  26.6 0.03870 0.03867 1.21000    312        257.9 0.0566
5  0  26.6 0.03890 0.03887 1.21000    310        256.2 0.0568
5  0  26.6 0.03910 0.03906 1.21000    306        252.9 0.0572
5  0  26.6 0.03930 0.03926 1.21000    294        243.0 0.0583
5  0  26.6 0.03950 0.03945 1.21000    306        252.9 0.0572
5  0  26.6 0.03970 0.03975 1.21000    304        251.2 0.0574
5  0  26.6 0.03990 0.03994 1.21000    290        239.7 0.0587
5  1  26.6 0.00010 0.00010 1.21000  40652      33596.7 0.0050
5  1  26.6 0.00030 0.00029 1.21000  75102      62067.8 0.0036
5  1  26.6 0.00050 0.00049 0.44914  72080     160483.1 0.0037
5  1  26.6 0.00070 0.00068 0.24673  77960     315978.2 0.0036
5  1  26.6 0.00090 0.00088 0.11816  71476     604909.4 0.0037
5  1  26.6 0.00110 0.00107 0.06958  71342    1025327.9 0.0037
5  1  26.6 0.00130 0.00127 0.04432  71928    1623102.2 0.0037
5  1  26.6 0.00150 0.00146 0.03149  71642    2274893.8 0.0037
5  1  26.6 0.00170 0.00166 0.02539  72032    2837304.5 0.0037
5  1  26.6 0.00190 0.00186 0.02146  72102    3359398.6 0.0037
5  1  26.6 0.00210 0.00215 0.01840  71914    3907869.1 0.0037
5  1  26.6 0.00230 0.00234 0.01840  76064    4133383.7 0.0036
5  1  26.6 0.00250 0.00254 0.01840  78562    4269127.2 0.0036
5  1  26.6 0.00270 0.00273 0.01647  72532    4404572.4 0.0037
5  1  26.6 0.00290 0.00293 0.01647  73550    4466391.4 0.0037
5  1  26.6 0.00310 0.00313 0.01647  74166    4503798.5 0.0037
5  1  26.6 0.00330 0.00332 0.01647  74698    4536104.7 0.0037
5  1  26.6 0.00350 0.00352 0.01647  75050    4557480.2 0.0037
5  1  26.6 0.00370 0.00371 0.01647  75264    4570475.6 0.0036
5  1  26.6 0.00390 0.00391 0.01647  75398    4578612.9 0.0036
5  1  26.6 0.00410 0.00410 0.01647  75436    4580920.5 0.0036
5  1  26.6 0.00430 0.00430 0.01647  75362    4576426.7 0.0036
5  1  26.6 0.00450 0.00449 0.01647  75204    4566832.0 0.0036
5  1  26.6 0.00470 0.00469 0.01647  74992    4553958.1 0.0037
5  1  26.6 0.00490 0.00488 0.01647  74582    4529060.5 0.0037
5  1  26.6 0.00510 0.00508 0.01647  73948    4490560.3 0.0037
5  1  26.6 0.00530 0.00527 0.01647  73048    4435907.0 0.0037
5  1  26.6 0.00550 0.00547 0.01647  71610    4348583.1 0.0037
5  1  26.6 0.00570 0.00566 0.01647  69584    4225552.4 0.0038
5  1  26.6 0.00590 0.00586 0.01647  66512    4039002.3 0.0039
5  1  26.6 0.00610 0.00605 0.01647  62008    3765492.8 0.0040
5  1  26.6 0.00630 0.00635 0.01647  52830    3208150.3 0.0044
5  1  26.6 0.00650 0.00654 0.01647  44902    2726715.2 0.0047
5  1  26.6 0.00670 0.00674 0.01647  37010    2247466.3 0.0052
5  1  26.6 0.00690 0.00693 0.01647  30480    1850926.0 0.0057
5  1  26.6 0.00710 0.00713 0.01647  25692    1560170.3 0.0062
5  1  26.6 0.00730 0.00732 0.01647  22864    1388437.4 0.0066
5  1  26.6 0.00750 0.00752 0.01647  21104    1281559.8 0.0069
5  1  26.6 0.00770 0.00771 0.01647  20338    1235043.7 0.0070
5  1  26.6 0.00790 0.00791 0.01647  20034    1216583.1 0.0071
5  1  26.6 0.00810 0.00811 0.01647  19700    1196300.6 0.0071
5  1  26.6 0.00830 0.00830 0.01647  19716    1197272.2 0.0071
5  1  26.6 0.00850 0.00850 0.01647  19860    1206016.8 0.0071
5  1  26.6 0.00870 0.00869 0.01647  19620    1191442.5 0.0071
5  1  26.6 0.00890 0.00889 0.01647  19636    1192414.2 0.0071
5  1  26.6 0.00910 0.00908 0.01647  19566    1188163.3 0.0071
5  1  26.6 0.00930 0.00928 0.01647  19468    1182212.2 0.0072
5  1  26.6 0.00950 0.00947 0.01647  19556    1187556.1 0.0072
5  1  26.6 0.00970 0.00967 0.01647  19442    1180633.3 0.0072
5  1  26.6 0.00990 0.00986 0.01647  19370    1176261.1 0.0072
5  1  26.6 0.01010 0.01006 0.01647  19464    1181969.3 0.0072
5  1  26.6 0.01030 0.01025 0.01647  19340    1174439.3 0.0072
5  1  26.6 0.01050 0.01055 0.01647  19412    1178811.5 0.0072
5  1  26.6 0.01070 0.01074 0.01647  19516    1185127.0 0.0072
5  1  26.6 0.01090 0.01094 0.01647  19406    1178447.2 0.0072
5  1  26.6 0.01110 0.01113 0.01647  19196    1165694.7 0.0072
5  1  26.6 0.01130 0.01133 0.01647  19212    1166666.4 0.0072
5  1  26.6 0.01150 0.01152 0.01647  18954    1150999.1 0.0073
5  1  26.6 0.01170 0.01172 0.01647  18480    1122215.0 0.0074
5  1  26.6 0.01190 0.01191 0.01647  17822    1082257.3 0.0075
5  1  26.6 0.01210 0.01211 0.01647  16858    1023717.5 0.0077
5  1  26.6 0.01230 0.01230 0.01647  15952     968699.9 0.0079
5  1  26.6 0.01250 0.01250 0.01647  14722     894007.0 0.0082
5  1  26.6 0.01270 0.01270 0.01647  13234     803646.8 0.0087
5  1  26.6 0.01290 0.01289 0.01647  11710     711100.5 0.0092
5  1  26.6 0.01310 0.01309 0.01647   9970     605437.4 0.0100
5  1  26.6 0.01330 0.01328 0.01647   8584     521271.3 0.0108
5  1  26.6 0.01350 0.01348 0.01647   7212     437955.3 0.0118
5  1  26.6 0.01370 0.01367 0.01647   5848     355125.2 0.0131
5  1  26.6 0.01390 0.01387 0.01647   4930     299378.8 0.0142
5  1  26.6 0.01410 0.01406 0.01647   4220     256263.4 0.0154
5  1  26.6 0.01430 0.01426 0.01647   3750     227722.2 0.0163
5  1  26.6 0.01450 0.01445 0.01647   3300     200395.5 0.0174
5  1  26.6 0.01470 0.01475 0.01647   2828     171732.9 0.0188
5  1  26.6 0.01490 0.01494 0.01647   2816     171004.2 0.0188
5  1  26.6 0.01510 0.01514 0.01647   2628     159587.7 0.0195
5  1  26.6 0.01530 0.01533 0.01647   2606     158251.7 0.0196
5  1  26.6 0.01550 0.01553 0.01647   2522     153150.8 0.0199
5  1  26.6 0.01570 0.01572 0.01647   2426     147321.1 0.0203
5  1  26.6 0.01590 0.01592 0.01647   2488     151086.1 0.0200
5  1  26.6 0.01610 0.01611 0.01647   2364     143556.1 0.0206
5  1  26.6 0.01630 0.01631 0.01647   2338     141977.2 0.0207
5  1  26.6 0.01650 0.01650 0.01647   2340     142098.7 0.0207
5  1  26.6 0.01670 0.01670 0.01675   2286     136455.3 0.0209
5  1  26.6 0.01690 0.01689 0.01675   2320     138484.8 0.0208
5  1  26.6 0.01710 0.01709 0.01709   2236     130827.7 0.0211
5  1  26.6 0.01730 0.01729 0.01777   2294     129081.3 0.0209
5  1  26.6 0.01750 0.01748 0.01798   2340     130129.0 0.0207
5  1  26.6 0.01770 0.01768 0.01798   2252     125235.2 0.0211
5  1  26.6 0.01790 0.01787 0.01875   2224     118607.5 0.0212
5  1  26.6 0.01810 0.01807 0.01983   2408     121422.4 0.0204
5  1  26.6 0.01830 0.01826 0.01983   2270     114463.8 0.0210
5  1  26.6 0.01850 0.01846 0.01983   2244     113152.8 0.0211
5  1  26.6 0.01870 0.01865 0.02031   2256     111095.6 0.0211
5  1  26.6 0.01890 0.01895 0.02218   2282     102865.0 0.0209
5  1  26.6 0.01910 0.01914 0.02313   2274      98294.1 0.0210
5  1  26.6 0.01930 0.01934 0.02424   2322      95780.3 0.0208
5  1  26.6 0.01950 0.01953 0.02424   2254      92975.3 0.0211
5  1  26.6 0.01970 0.01973 0.02635   2294      87045.0 0.0209
5  1  26.6 0.01990 0.01992 0.02837   2336      82333.0 0.0207
5  1  26.6 0.02010 0.02012 0.02943   2264      76922.4 0.0210
5  1  26.6 0.02030 0.02031 0.03117   2226      71410.7 0.0212
5  1  26.6 0.02050 0.02051 0.03589   2372      66094.6 0.0205
5  1  26.6 0.02070 0.02070 0.03769   2234      59279.7 0.0212
5  1  26.6 0.02090 0.02090 0.04426   2302      52012.2 0.0208
5  1  26.6 0.02110 0.02109 0.04963   2242      45174.2 0.0211
5  1  26.6 0.02130 0.02129 0.05598   2222      39693.7 0.0212
5  1  26.6 0.02150 0.02148 0.06505   2316      35600.8 0.0208
5  1  26.6 0.02170 0.02168 0.07568   2250      29729.9 0.0211
5  1  26.6 0.02190 0.02188 0.08573   2358      27505.0 0.0206
5  1  26.7 0.02210 0.02207 0.09202   2268      24645.5 0.0210
5  1  26.7 0.02230 0.02227 0.10819   2368      21887.4 0.0205
5  1  26.7 0.02250 0.02246 0.11791   2298      19490.1 0.0209
5  1  26.7 0.02270 0.02266 0.12855   2262      17596.1 0.0210
5  1  26.7 0.02290 0.02285 0.13975   2248      16086.4 0.0211
5  1  26.7 0.02310 0.02314 0.15387   2238      14544.5 0.0211
5  1  26.7 0.02330 0.02334 0.16165   2326      14389.4 0.0207
5  1  26.7 0.02350 0.02354 0.16386   2230      13609.2 0.0212
5  1  26.7 0.02370 0.02373 0.17223   2292      13307.7 0.0209
5  1  26.7 0.02390 0.02393 0.17779   2304      12959.0 0.0208
5  1  26.7 0.02410 0.02412 0.18443   2274      12329.7 0.0210
5  1  26.7 0.02430 0.02432 0.18443   2230      12091.2 0.0212
5  1  26.7 0.02450 0.02451 0.18443   2224      12058.6 0.0212
5  1  26.7 0.02470 0.02471 0.20308   2366      11650.8 0.0206
5  1  26.7 0.02490 0.02490 0.20308   2358      11611.4 0.0206
5  1  26.7 0.02510 0.02510 0.21086   2292      10869.9 0.0209
5  1  26.7 0.02530 0.02529 0.21749   2294      10547.7 0.0209
5  1  26.7 0.02550 0.02549 0.22661   2226       9822.9 0.0212
5  1  26.7 0.02570 0.02568 0.22661   2242       9893.5 0.0211
5  1  26.7 0.02590 0.02588 0.24638   2414       9797.9 0.0204
5  1  26.7 0.02610 0.02607 0.24638   2274       9229.7 0.0210
5  1  26.7 0.02630 0.02627 0.25480   2242       8799.2 0.0211
5  1  26.7 0.02650 0.02646 0.25480   2222       8720.7 0.0212
5  1  26.7 0.02670 0.02666 0.27496   2286       8314.0 0.0209
5  1  26.7 0.02690 0.02686 0.27496   2224       8088.5 0.0212
5  1  26.7 0.02710 0.02715 0.31076   2326       7484.8 0.0207
5  1  26.7 0.02730 0.02734 0.31076   2286       7356.1 0.0209
5  1  26.7 0.02750 0.02754 0.33326   2230       6691.5 0.0212
5  1  26.7 0.02770 0.02773 0.36285   2232       6151.3 0.0212
5  1  26.7 0.02790 0.02793 0.37701   2294       6084.7 0.0209
5  1  26.7 0.02810 0.02813 0.39465   2254       5711.3 0.0211
5  1  26.7 0.02830 0.02832 0.42818   2282       5329.5 0.0209
5  1  26.7 0.02850 0.02852 0.45962   2232       4856.1 0.0212
5  1  26.7 0.02870 0.02871 0.49980   2246       4493.8 0.0211
5  1  26.7 0.02890 0.02891 0.53702   2296       4275.5 0.0209
5  1  26.7 0.02910 0.02910 0.59543   2300       3862.7 0.0209
5  1  26.7 0.02930 0.02930 0.67780   2252       3322.5 0.0211
5  1  26.7 0.02950 0.02949 0.74513   2342       3143.1 0.0207
5  1  26.7 0.02970 0.02969 0.77877   2238       2873.8 0.0211
5  1  26.7 0.02990 0.02988 0.88054   2256       2562.1 0.0211
5  1  26.7 0.03010 0.03008 0.97869   2256       2305.1 0.0211
5  1  26.7 0.03030 0.03027 1.11940   2414       2156.5 0.0204
5  1  26.7 0.03050 0.03047 1.19640   2258       1887.3 0.0210
5  1  26.7 0.03070 0.03066 1.21000   2152       1778.5 0.0216
5  1  26.7 0.03090 0.03086 1.21000   1914       1581.8 0.0229
5  1  26.7 0.03110 0.03105 1.21000   1842       1522.3 0.0233
5  1  26.7 0.03130 0.03135 1.21000   1612       1332.2 0.0249
5  1  26.7 0.03150 0.03154 1.21000   1608       1328.9 0.0249
5  1  26.7 0.03170 0.03174 1.21000   1534       1267.8 0.0255
5  1  26.7 0.03190 0.03193 1.21000   1442       1191.7 0.0263
5  1  26.7 0.03210 0.03213 1.21000   1338       1105.8 0.0273
5  1  26.7 0.03230 0.03232 1.21000   1362       1125.6 0.0271
5  1  26.7 0.03250 0.03252 1.21000   1350       1115.7 0.0272
5  1  26.7 0.03270 0.03271 1.21000   1402       1158.7 0.0267
5  1  26.7 0.03290 0.03291 1.21000   1298       1072.7 0.0278
5  1  26.7 0.03310 0.03311 1.21000   1244       1028.1 0.0284
5  1  26.7 0.03330 0.03330 1.21000   1184        978.5 0.0291
5  1  26.7 0.03350 0.03350 1.21000   1146        947.1 0.0295
5  1  26.7 0.03370 0.03369 1.21000   1146        947.1 0.0295
5  1  26.7 0.03390 0.03389 1.21000   1054        871.1 0.0308
5  1  26.7 0.03410 0.03408 1.21000   1048        866.1 0.0309
5  1  26.7 0.03430 0.03428 1.21000   1066        881.0 0.0306
5  1  26.7 0.03450 0.03447 1.21000    986        814.9 0.0318
5  1  26.7 0.03470 0.03467 1.21000    988        816.5 0.0318
5  1  26.7 0.03490 0.03486 1.21000    990        818.2 0.0318
5  1  26.7 0.03510 0.03506 1.21000    892        737.2 0.0335
5  1  26.7 0.03530 0.03525 1.21000    894        738.8 0.0334
5  1  26.7 0.03550 0.03555 1.21000    770        636.4 0.0360
5  1  26.7 0.03570 0.03574 1.21000    776        641.3 0.0359
5  1  26.7 0.03590 0.03594 1.21000    802        662.8 0.0353
5  1  26.7 0.03610 0.03613 1.21000    786        649.6 0.0357
5  1  26.7 0.03630 0.03633 1.21000    712        588.4 0.0375
5  1  26.7 0.03650 0.03652 1.21000    678        560.3 0.0384
5  1  26.7 0.03670 0.03672 1.21000    666        550.4 0.0387
5  1  26.7 0.03690 0.03691 1.21000    618        510.7 0.0402
5  1  26.7 0.03710 0.03711 1.21000    558        461.2 0.0423
5  1  26.7 0.03730 0.03730 1.21000    564        466.1 0.0421
5  1  26.7 0.03750 0.03750 1.21000    568        469.4 0.0420
5  1  26.7 0.03770 0.03770 1.21000    500        413.2 0.0447
5  1  26.7 0.03790 0.03789 1.21000    482        398.3 0.0455
5  1  26.7 0.03810 0.03809 1.21000    436        360.3 0.0479
5  1  26.7 0.03830 0.03828 1.21000    430        355.4 0.0482
5  1  26.7 0.03850 0.03848 1.21000    370        305.8 0.0520
5  1  26.7 0.03870 0.03867 1.21000    414        342.1 0.0491
5  1  26.7 0.03890 0.03887 1.21000    368        304.1 0.0521
5  1  26.7 0.03910 0.03906 1.21000    366        302.5 0.0523
5  1  26.7 0.03930 0.03926 1.21000    368        304.1 0.0521
5  1  26.7 0.03950 0.03945 1.21000    346        286.0 0.0538
5  1  26.7 0.03970 0.03975 1.21000    360        297.5 0.0527
5  1  26.7 0.03990 0.03994 1.21000    322        266.1 0.0557
5  2  26.7 0.00010 0.00010 1.21000  40518      33486.0 0.0050
5  2  26.7 0.00030 0.00029 1.21000  75860      62694.2 0.0036
5  2  26.7 0.00050 0.00049 0.43960  71396     162412.4 0.0037
5  2  26.7 0.00070 0.00068 0.24148  76998     318856.6 0.0036
5  2  26.7 0.00090 0.00088 0.11705  72050     615526.2 0.0037
5  2  26.7 0.00110 0.00107 0.06925  71696    1035281.4 0.0037
5  2  26.7 0.00130 0.00127 0.04366  71056    1627498.7 0.0038
5  2  26.7 0.00150 0.00146 0.03160  72406    2291383.3 0.0037
5  2  26.7 0.00170 0.00166 0.02530  71886    2841447.3 0.0037
5  2  26.7 0.00190 0.00186 0.02146  72128    3361740.1 0.0037
5  2  26.7 0.00210 0.00215 0.01833  71954    3925983.2 0.0037
5  2  26.7 0.00230 0.00234 0.01833  76170    4156018.3 0.0036
5  2  26.7 0.00250 0.00254 0.01833  78684    4293188.2 0.0036
5  2  26.7 0.00270 0.00273 0.01639  71870    4384125.2 0.0037
5  2  26.7 0.00290 0.00293 0.01639  72906    4447322.0 0.0037
5  2  26.7 0.00310 0.00313 0.01639  73512    4484288.4 0.0037
5  2  26.7 0.00330 0.00332 0.01639  73992    4513568.8 0.0037
5  2  26.7 0.00350 0.00352 0.01639  74358    4535895.1 0.0037
5  2  26.7 0.00370 0.00371 0.01639  74570    4548827.3 0.0037
5  2  26.7 0.00390 0.00391 0.01639  74682    4555659.3 0.0037
5  2  26.7 0.00410 0.00410 0.01639  74718    4557855.4 0.0037
5  2  26.7 0.00430 0.00430 0.01639  74646    4553463.3 0.0037
5  2  26.7 0.00450 0.00449 0.01639  74498    4544435.2 0.0037
5  2  26.7 0.00470 0.00469 0.01639  74262    4530039.0 0.0037
5  2  26.7 0.00490 0.00488 0.01639  73858    4505394.7 0.0037
5  2  26.7 0.00510 0.00508 0.01639  73190    4464646.2 0.0037
5  2  26.7 0.00530 0.00527 0.01639  72274    4408769.5 0.0037
5  2  26.7 0.00550 0.00547 0.01639  70858    4322392.4 0.0038
5  2  26.7 0.00570 0.00566 0.01639  68832    4198804.8 0.0038
5  2  26.7 0.00590 0.00586 0.01639  65534    3997624.3 0.0039
5  2  26.7 0.00610 0.00605 0.01639  61010    3721656.8 0.0040
5  2  26.7 0.00630 0.00635 0.01639  51670    3151909.7 0.0044
5  2  26.7 0.00650 0.00654 0.01639  43630    2661463.5 0.0048
5  2  26.7 0.00670 0.00674 0.01639  35232    2149179.1 0.0053
5  2  26.7 0.00690 0.00693 0.01639  28756    1754138.1 0.0059
5  2  26.7 0.00710 0.00713 0.01639  23810    1452428.3 0.0065
5  2  26.7 0.00730 0.00732 0.01639  21104    1287360.2 0.0069
5  2  26.7 0.00750 0.00752 0.01639  19266    1175240.8 0.0072
5  2  26.7 0.00770 0.00771 0.01639  18450    1125464.2 0.0074
5  2  26.7 0.00790 0.00791 0.01639  18110    1104723.9 0.0074
5  2  26.7 0.00810 0.00811 0.01639  17954    1095207.8 0.0075
5  2  26.7 0.00830 0.00830 0.01639  17766    1083739.6 0.0075
5  2  26.7 0.00850 0.00850 0.01639  17848    1088741.7 0.0075
5  2  26.7 0.00870 0.00869 0.01639  17756    1083129.6 0.0075
5  2  26.7 0.00890 0.00889 0.01639  17880    1090693.7 0.0075
5  2  26.7 0.00910 0.00908 0.01639  17618    1074711.5 0.0075
5  2  26.7 0.00930 0.00928 0.01639  17636    1075809.5 0.0075
5  2  26.7 0.00950 0.00947 0.01639  17934    1093987.8 0.0075
5  2  26.7 0.00970 0.00967 0.01639  17754    1083007.6 0.0075
5  2  26.7 0.00990 0.00986 0.01639  17646    1076419.5 0.0075
5  2  26.7 0.01010 0.01006 0.01639  17708    1080201.6 0.0075
5  2  26.7 0.01030 0.01025 0.01639  17734    1081787.6 0.0075
5  2  26.7 0.01050 0.01055 0.01639  17516    1068489.4 0.0076
5  2  26.7 0.01070 0.01074 0.01639  17536    1069709.5 0.0076
5  2  26.7 0.01090 0.01094 0.01639  17486    1066659.4 0.0076
5  2  26.7 0.01110 0.01113 0.01639  17432    1063365.4 0.0076
5  2  26.7 0.01130 0.01133 0.01639  16924    1032377.0 0.0077
5  2  26.7 0.01150 0.01152 0.01639  16368     998460.6 0.0078
5  2  26.7 0.01170 0.01172 0.01639  15722     959054.1 0.0080
5  2  26.7 0.01190 0.01191 0.01639  14714     897565.3 0.0082
5  2  26.7 0.01210 0.01211 0.01639  13500     823510.4 0.0086
5  2  26.7 0.01230 0.01230 0.01639  12108     738597.3 0.0091
5  2  26.7 0.01250 0.01250 0.01639  10636     648804.2 0.0097
5  2  26.7 0.01270 0.01270 0.01639   9306     567673.1 0.0104
5  2  26.7 0.01290 0.01289 0.01639   7744     472389.9 0.0114
5  2  26.7 0.01310 0.01309 0.01639   6438     392722.9 0.0125
5  2  26.7 0.01330 0.01328 0.01639   5350     326354.1 0.0137
5  2  26.7 0.01350 0.01348 0.01639   4362     266085.3 0.0151
5  2  26.7 0.01370 0.01367 0.01639   3642     222164.8 0.0166
5  2  26.7 0.01390 0.01387 0.01639   3120     190322.4 0.0179
5  2  26.7 0.01410 0.01406 0.01639   2802     170924.2 0.0189
5  2  26.7 0.01430 0.01426 0.01639   2464     150305.9 0.0201
5  2  26.7 0.01450 0.01445 0.01639   2364     144205.8 0.0206
5  2  26.7 0.01470 0.01475 0.01715   2236     130382.0 0.0211
5  2  26.7 0.01490 0.01494 0.01820   2338     128470.0 0.0207
5  2  26.7 0.01510 0.01514 0.01865   2308     123758.1 0.0208
5  2  26.7 0.01530 0.01533 0.01901   2350     123628.4 0.0206
5  2  26.7 0.01550 0.01553 0.01901   2270     119419.8 0.0210
5  2  26.7 0.01570 0.01572 0.02008   2330     116016.2 0.0207
5  2  26.7 0.01590 0.01592 0.02008   2252     112132.4 0.0211
5  2  26.7 0.01610 0.01611 0.02008   2250     112032.8 0.0211
5  2  26.7 0.01630 0.01631 0.02116   2322     109758.2 0.0208
5  2  26.7 0.01650 0.01650 0.02116   2240     105882.2 0.0211
5  2  26.7 0.01670 0.01670 0.02202   2250     102187.9 0.0211
5  2  26.7 0.01690 0.01689 0.02218   2242     101091.3 0.0211
5  2  26.7 0.01710 0.01709 0.02250   2224      98837.8 0.0212
5  2  26.7 0.01730 0.01729 0.02250   2250      99993.3 0.0211
5  2  26.7 0.01750 0.01748 0.02381   2248      94397.2 0.0211
5  2  26.7 0.01770 0.01768 0.02434   2318      95233.9 0.0208
5  2  26.7 0.01790 0.01787 0.02476   2258      91183.7 0.0210
5  2  26.7 0.01810 0.01807 0.02476   2278      91991.4 0.0210
5  2  26.7 0.01830 0.01826 0.02751   2396      87089.5 0.0204
5  2  26.7 0.01850 0.01846 0.02751   2310      83963.6 0.0208
5  2  26.7 0.01870 0.01865 0.02895   2306      79642.3 0.0208
5  2  26.7 0.01890 0.01895 0.03117   2270      72821.7 0.0210
5  2  26.7 0.01910 0.01914 0.03261   2270      69609.9 0.0210
5  2  26.7 0.01930 0.01934 0.03424   2226      65004.3 0.0212
5  2  26.7 0.01950 0.01953 0.03820   2242      58694.5 0.0211
5  2  26.7 0.01970 0.01973 0.04192   2232      53248.1 0.0212
5  2  26.7 0.01990 0.01992 0.04766   2298      48214.8 0.0209
5  2  26.7 0.02010 0.02012 0.05354   2352      43931.3 0.0206
5  2  26.7 0.02030 0.02031 0.05990   2288      38196.8 0.0209
5  2  26.7 0.02050 0.02051 0.06819   2302      33760.8 0.0208
5  2  26.7 0.02070 0.02070 0.08102   2362      29153.1 0.0206
5  2  26.7 0.02090 0.02090 0.09289   2330      25082.5 0.0207
5  2  26.7 0.02110 0.02109 0.10562   2242      21227.8 0.0211
5  2  26.7 0.02130 0.02129 0.12287   2358      19191.2 0.0206
5  2  26.7 0.02150 0.02148 0.14263   2312      16209.7 0.0208
5  2  26.7 0.02170 0.02168 0.15894   2222      13980.1 0.0212
5  2  26.7 0.02190 0.02188 0.17854   2350      13162.1 0.0206
5  2  26.7 0.02210 0.02207 0.18720   2260      12072.5 0.0210
5  2  26.7 0.02230 0.02227 0.20075   2272      11317.3 0.0210
5  2  26.7 0.02250 0.02246 0.21425   2338      10912.3 0.0207
5  2  26.7 0.02270 0.02266 0.22584   2284      10113.3 0.0209
5  2  26.7 0.02290 0.02285 0.22584   2268      10042.5 0.0210
5  2  26.7 0.02310 0.02314 0.24440   2260       9247.1 0.0210
5  2  26.7 0.02330 0.02334 0.26034   2278       8750.2 0.0210
5  2  26.7 0.02350 0.02354 0.26034   2272       8727.2 0.0210
5  2  26.7 0.02370 0.02373 0.26034   2264       8696.4 0.0210
5  2  26.6 0.02390 0.02393 0.27605   2252       8157.8 0.0211
5  2  26.6 0.02410 0.02412 0.27730   2224       8020.1 0.0212
5  2  26.6 0.02430 0.02432 0.29980   2266       7558.4 0.0210
5  2  26.6 0.02450 0.02451 0.29980   2260       7538.4 0.0210
5  2  26.6 0.02470 0.02471 0.31352   2222       7087.2 0.0212
5  2  26.6 0.02490 0.02490 0.31867   2304       7230.1 0.0208
5  2  26.6 0.02510 0.02510 0.33444   2228       6662.0 0.0212
5  2  26.6 0.02530 0.02529 0.34660   2286       6595.5 0.0209
5  2  26.6 0.02550 0.02549 0.38491   2414       6271.5 0.0204
5  2  26.6 0.02570 0.02568 0.39161   2390       6103.0 0.0205
5  2  26.6 0.02590 0.02588 0.39161   2262       5776.1 0.0210
5  2  26.6 0.02610 0.02607 0.40026   2226       5561.4 0.0212
5  2  26.6 0.02630 0.02627 0.43708   2232       5106.6 0.0212
5  2  26.6 0.02650 0.02646 0.46072   2344       5087.7 0.0207
5  2  26.6 0.02670 0.02666 0.48380   2282       4716.9 0.0209
5  2  26.6 0.02690 0.02686 0.49583   2326       4691.2 0.0207
5  2  26.6 0.02710 0.02715 0.57322   2378       4148.5 0.0205
5  2  26.6 0.02730 0.02734 0.59297   2222       3747.3 0.0212
5  2  26.6 0.02750 0.02754 0.66746   2280       3415.9 0.0209
5  2  26.6 0.02770 0.02773 0.72417   2292       3165.0 0.0209
5  2  26.6 0.02790 0.02793 0.78493   2358       3004.1 0.0206
5  2  26.6 0.02810 0.02813 0.85832   2290       2668.0 0.0209
5  2  26.6 0.02830 0.02832 0.92403   2240       2424.2 0.0211
5  2  26.6 0.02850 0.02852 1.06163   2246       2115.6 0.0211
5  2  26.6 0.02870 0.02871 1.17477   2238       1905.1 0.0211
5  2  26.6 0.02890 0.02891 1.21000   2032       1679.3 0.0222
5  2  26.6 0.02910 0.02910 1.21000   1792       1481.0 0.0236
5  2  26.6 0.02930 0.02930 1.21000   1646       1360.3 0.0246
5  2  26.6 0.02950 0.02949 1.21000   1468       1213.2 0.0261
5  2  26.6 0.02970 0.02969 1.21000   1352       1117.4 0.0272
5  2  26.6 0.02990 0.02988 1.21000   1294       1069.4 0.0278
5  2  26.6 0.03010 0.03008 1.21000   1224       1011.6 0.0286
5  2  26.6 0.03030 0.03027 1.21000   1130        933.9 0.0297
5  2  26.6 0.03050 0.03047 1.21000   1092        902.5 0.0303
5  2  26.6 0.03070 0.03066 1.21000   1028        849.6 0.0312
5  2  26.6 0.03090 0.03086 1.21000   1004        829.8 0.0316
5  2  26.6 0.03110 0.03105 1.21000   1050        867.8 0.0309
5  2  26.6 0.03130 0.03135 1.21000    926        765.3 0.0329
5  2  26.6 0.03150 0.03154 1.21000    884        730.6 0.0336
5  2  26.6 0.03170 0.03174 1.21000    884        730.6 0.0336
5  2  26.6 0.03190 0.03193 1.21000    856        707.4 0.0342
5  2  26.6 0.03210 0.03213 1.21000    812        671.1 0.0351
5  2  26.6 0.03230 0.03232 1.21000    838        692.6 0.0345
5  2  26.6 0.03250 0.03252 1.21000    790        652.9 0.0356
5  2  26.6 0.03270 0.03271 1.21000    808        667.8 0.0352
5  2  26.6 0.03290 0.03291 1.21000    780        644.6 0.0358
5  2  26.6 0.03310 0.03311 1.21000    662        547.1 0.0389
5  2  26.6 0.03330 0.03330 1.21000    692        571.9 0.0380
5  2  26.6 0.03350 0.03350 1.21000    674        557.0 0.0385
5  2  26.6 0.03370 0.03369 1.21000    636        525.6 0.0397
5  2  26.6 0.03390 0.03389 1.21000    676        558.7 0.0385
5  2  26.6 0.03410 0.03408 1.21000    618        510.7 0.0402
5  2  26.6 0.03430 0.03428 1.21000    614        507.4 0.0404
5  2  26.6 0.03450 0.03447 1.21000    604        499.2 0.0407
5  2  26.6 0.03470 0.03467 1.21000    558        461.2 0.0423
5  2  26.6 0.03490 0.03486 1.21000    548        452.9 0.0427
5  2  26.6 0.03510 0.03506 1.21000    494        408.3 0.0450
5  2  26.6 0.03530 0.03525 1.21000    536        443.0 0.0432
5  2  26.6 0.03550 0.03555 1.21000    422        348.8 0.0487
5  2  26.6 0.03570 0.03574 1.21000    426        352.1 0.0485
5  2  26.6 0.03590 0.03594 1.21000    426        352.1 0.0485
5  2  26.6 0.03610 0.03613 1.21000    414        342.1 0.0491
5  2  26.6 0.03630 0.03633 1.21000    330        272.7 0.0550
5  2  26.6 0.03650 0.03652 1.21000    362        299.2 0.0526
5  2  26.6 0.03670 0.03672 1.21000    294        243.0 0.0583
5  2  26.6 0.03690 0.03691 1.21000    368        304.1 0.0521
5  2  26.6 0.03710 0.03711 1.21000    326        269.4 0.0554
5  2  26.6 0.03730 0.03730 1.21000    316        261.2 0.0563
5  2  26.6 0.03750 0.03750 1.21000    292        241.3 0.0585
5  2  26.6 0.03770 0.03770 1.21000    260        214.9 0.0620
5  2  26.6 0.03790 0.03789 1.21000    304        251.2 0.0574
5  2  26.6 0.03810 0.03809 1.21000    276        228.1 0.0602
5  2  26.6 0.03830 0.03828 1.21000    284        234.7 0.0593
5  2  26.6 0.03850 0.03848 1.21000    292        241.3 0.0585
5  2  26.6 0.03870 0.03867 1.21000    278        229.8 0.0600
5  2  26.6 0.03890 0.03887 1.21000    268        221.5 0.0611
5  2  26.6 0.03910 0.03906 1.21000    252        208.3 0.0630
5  2  26.6 0.03930 0.03926 1.21000    250        206.6 0.0632
5  2  26.6 0.03950 0.03945 1.21000    258        213.2 0.0623
5  2  26.6 0.03970 0.03975 1.21000    282        233.1 0.0595
5  2  26.6 0.03990 0.03994 1.21000    262        216.5 0.0618
5  3  26.6 0.00010 0.00010 1.21000  43512      35960.3 0.0048
5  3  26.6 0.00030 0.00029 1.21000  78766      65095.9 0.0036
5  3  26.6 0.00050 0.00049 0.42402  72422     170799.5 0.0037
5  3  26.6 0.00070 0.00068 0.23292  78256     335973.1 0.0036
5  3  26.6 0.00090 0.00088 0.11280  72234     640367.7 0.0037
5  3  26.6 0.00110 0.00107 0.06831  72530    1061811.6 0.0037
5  3  26.6 0.00130 0.00127 0.04281  71768    1676555.5 0.0037
5  3  26.6 0.00150 0.00146 0.03109  72080    2318232.3 0.0037
5  3  26.6 0.00170 0.00166 0.02512  71818    2858513.0 0.0037
5  3  26.6 0.00190 0.00186 0.02135  71890    3367604.4 0.0037
5  3  26.6 0.00210 0.00215 0.01839  72008    3914707.0 0.0037
5  3  26.6 0.00230 0.00234 0.01839  76156    4140212.6 0.0036
5  3  26.6 0.00250 0.00254 0.01839  78692    4278082.0 0.0036
5  3  26.6 0.00270 0.00273 0.01646  71834    4363137.8 0.0037
5  3  26.6 0.00290 0.00293 0.01646  72870    4426063.6 0.0037
5  3  26.6 0.00310 0.00313 0.01646  73422    4459591.6 0.0037
5  3  26.6 0.00330 0.00332 0.01646  73936    4490811.6 0.0037
5  3  26.6 0.00350 0.00352 0.01646  74292    4512434.7 0.0037
5  3  26.6 0.00370 0.00371 0.01646  74508    4525554.4 0.0037
5  3  26.6 0.00390 0.00391 0.01646  74646    4533936.4 0.0037
5  3  26.6 0.00410 0.00410 0.01646  74654    4534422.3 0.0037
5  3  26.6 0.00430 0.00430 0.01646  74590    4530535.0 0.0037
5  3  26.6 0.00450 0.00449 0.01646  74422    4520330.8 0.0037
5  3  26.6 0.00470 0.00469 0.01646  74194    4506482.3 0.0037
5  3  26.6 0.00490 0.00488 0.01646  73800    4482551.0 0.0037
5  3  26.6 0.00510 0.00508 0.01646  73148    4442949.1 0.0037
5  3  26.6 0.00530 0.00527 0.01646  72244    4388040.9 0.0037
5  3  26.6 0.00550 0.00547 0.01646  70722    4295595.9 0.0038
5  3  26.6 0.00570 0.00566 0.01646  68630    4168529.5 0.0038
5  3  26.6 0.00590 0.00586 0.01646  65408    3972827.9 0.0039
5  3  26.6 0.00610 0.00605 0.01646  61118    3712256.8 0.0040
5  3  26.6 0.00630 0.00635 0.01646  51624    3135599.1 0.0044
5  3  26.6 0.00650 0.00654 0.01646  44228    2686372.2 0.0048
5  3  26.6 0.00670 0.00674 0.01646  36576    2221596.0 0.0052
5  3  26.6 0.00690 0.00693 0.01646  30168    1832379.4 0.0058
5  3  26.6 0.00710 0.00713 0.01646  25972    1577517.8 0.0062
5  3  26.6 0.00730 0.00732 0.01646  23326    1416802.0 0.0065
5  3  26.6 0.00750 0.00752 0.01646  21798    1323992.5 0.0068
5  3  26.6 0.00770 0.00771 0.01646  21044    1278195.2 0.0069
5  3  26.6 0.00790 0.00791 0.01646  20752    1260459.3 0.0069
5  3  26.6 0.00810 0.00811 0.01646  20550    1248190.0 0.0070
5  3  26.6 0.00830 0.00830 0.01646  20494    1244788.6 0.0070
5  3  26.6 0.00850 0.00850 0.01646  20378    1237742.9 0.0070
5  3  26.6 0.00870 0.00869 0.01646  20406    1239443.6 0.0070
5  3  26.6 0.00890 0.00889 0.01646  20384    1238107.3 0.0070
5  3  26.6 0.00910 0.00908 0.01646  20376    1237621.4 0.0070
5  3  26.6 0.00930 0.00928 0.01646  20292    1232519.3 0.0070
5  3  26.6 0.00950 0.00947 0.01646  20214    1227781.7 0.0070
5  3  26.6 0.00970 0.00967 0.01646  20430    1240901.3 0.0070
5  3  26.6 0.00990 0.00986 0.01646  20450    1242116.1 0.0070
5  3  26.6 0.01010 0.01006 0.01646  20556    1248554.5 0.0070
5  3  26.6 0.01030 0.01025 0.01646  20308    1233491.1 0.0070
5  3  26.6 0.01050 0.01055 0.01646  20188    1226202.4 0.0070
5  3  26.6 0.01070 0.01074 0.01646  20330    1234827.4 0.0070
5  3  26.5 0.01090 0.01094 0.01646  20202    1227052.8 0.0070
5  3  26.5 0.01110 0.01113 0.01646  20174    1225352.1 0.0070
5  3  26.5 0.01130 0.01133 0.01646  20242    1229482.4 0.0070
5  3  26.5 0.01150 0.01152 0.01646  19906    1209074.0 0.0071
5  3  26.5 0.01170 0.01172 0.01646  19688    1195832.9 0.0071
5  3  26.5 0.01190 0.01191 0.01646  19168    1164248.5 0.0072
5  3  26.5 0.01210 0.01211 0.01646  18230    1107275.1 0.0074
5  3  26.5 0.01230 0.01230 0.01646  17262    1048479.6 0.0076
5  3  26.5 0.01250 0.01250 0.01646  15980     970612.0 0.0079
5  3  26.5 0.01270 0.01270 0.01646  14528     882418.7 0.0083
5  3  26.5 0.01290 0.01289 0.01646  12866     781470.2 0.0088
5  3  26.5 0.01310 0.01309 0.01646  11226     681858.0 0.0094
5  3  26.5 0.01330 0.01328 0.01646   9808     595729.8 0.0101
5  3  26.5 0.01350 0.01348 0.01646   8102     492108.8 0.0111
5  3  26.5 0.01370 0.01367 0.01646   6782     411933.1 0.0121
5  3  26.5 0.01390 0.01387 0.01646   5530     335887.6 0.0134
5  3  26.5 0.01410 0.01406 0.01646   4932     299565.6 0.0142
5  3  26.5 0.01430 0.01426 0.01646   4074     247451.4 0.0157
5  3  26.5 0.01450 0.01445 0.01646   3652     221819.5 0.0165
5  3  26.5 0.01470 0.01475 0.01646   3050     185254.5 0.0181
5  3  26.5 0.01490 0.01494 0.01646   2956     179545.0 0.0184
5  3  26.5 0.01510 0.01514 0.01646   2774     168490.5 0.0190
5  3  26.5 0.01530 0.01533 0.01646   2696     163752.8 0.0193
5  3  26.5 0.01550 0.01553 0.01646   2582     156828.5 0.0197
5  3  26.5 0.01570 0.01572 0.01646   2598     157800.4 0.0196
5  3  26.5 0.01590 0.01592 0.01646   2462     149539.8 0.0202
5  3  26.5 0.01610 0.01611 0.01646   2478     150511.7 0.0201
5  3  26.5 0.01630 0.01631 0.01646   2424     147231.8 0.0203
5  3  26.5 0.01650 0.01650 0.01646   2322     141036.4 0.0208
5  3  26.5 0.01670 0.01670 0.01646   2378     144437.8 0.0205
5  3  26.5 0.01690 0.01689 0.01646   2398     145652.5 0.0204
5  3  26.5 0.01710 0.01709 0.01667   2298     137819.8 0.0209
5  3  26.5 0.01730 0.01729 0.01667   2222     133261.7 0.0212
5  3  26.5 0.01750 0.01748 0.01667   2256     135300.9 0.0211
5  3  26.5 0.01770 0.01768 0.01723   2242     130138.6 0.0211
5  3  26.5 0.01790 0.01787 0.01723   2240     130022.5 0.0211
5  3  26.5 0.01810 0.01807 0.01849   2288     123723.6 0.0209
5  3  26.5 0.01830 0.01826 0.01869   2278     121852.4 0.0210
5  3  26.5 0.01850 0.01846 0.01869   2258     120782.6 0.0210
5  3  26.5 0.01870 0.01865 0.01980   2272     114749.3 0.0210
5  3  26.5 0.01890 0.01895 0.02133   2316     108590.8 0.0208
5  3  26.5 0.01910 0.01914 0.02133   2284     107090.5 0.0209
5  3  26.5 0.01930 0.01934 0.02218   2260     101877.3 0.0210
5  3  26.5 0.01950 0.01953 0.02218   2242     101065.9 0.0211
5  3  26.5 0.01970 0.01973 0.02467   2266      91850.2 0.0210
5  3  26.5 0.01990 0.01992 0.02561   2268      88569.8 0.0210
5  3  26.5 0.02010 0.02012 0.02725   2244      82347.8 0.0211
5  3  26.5 0.02030 0.02031 0.02903   2258      77786.4 0.0210
5  3  26.5 0.02050 0.02051 0.03134   2286      72938.6 0.0209
5  3  26.5 0.02070 0.02070 0.03536   2334      66010.6 0.0207
5  3  26.5 0.02090 0.02090 0.03870   2298      59379.6 0.0209
5  3  26.5 0.02110 0.02109 0.04330   2322      53627.1 0.0208
5  3  26.5 0.02130 0.02129 0.05195   2410      46391.2 0.0204
5  3  26.5 0.02150 0.02148 0.05720   2298      40174.1 0.0209
5  3  26.5 0.02170 0.02168 0.06619   2334      35262.1 0.0207
5  3  26.5 0.02190 0.02188 0.07160   2234      31202.0 0.0212
5  3  26.5 0.02210 0.02207 0.08491   2310      27206.2 0.0208
5  3  26.5 0.02230 0.02227 0.09627   2278      23661.6 0.0210
5  3  26.5 0.02250 0.02246 0.10826   2236      20654.0 0.0211
5  3  26.5 0.02270 0.02266 0.12265   2284      18622.6 0.0209
5  3  26.5 0.02290 0.02285 0.13398   2264      16897.7 0.0210
5  3  26.5 0.02310 0.02314 0.14930   2272      15217.4 0.0210
5  3  26.5 0.02330 0.02334 0.15259   2252      14758.6 0.0211
5  3  26.5 0.02350 0.02354 0.15726   2230      14180.3 0.0212
5  3  26.5 0.02370 0.02373 0.16897   2230      13197.5 0.0212
5  3  26.5 0.02390 0.02393 0.17496   2224      12711.8 0.0212
5  3  26.5 0.02410 0.02412 0.17998   2252      12512.7 0.0211
5  3  26.5 0.02430 0.02432 0.18687   2234      11954.6 0.0212
5  3  26.5 0.02450 0.02451 0.18772   2232      11890.2 0.0212
5  3  26.5 0.02470 0.02471 0.19363   2272      11733.8 0.0210
5  3  26.5 0.02490 0.02490 0.20143   2260      11220.1 0.0210
5  3  26.5 0.02510 0.02510 0.20143   2254      11190.3 0.0211
5  3  26.5 0.02530 0.02529 0.21897   2302      10513.1 0.0208
5  3  26.5 0.02550 0.02549 0.21897   2242      10239.0 0.0211
5  3  26.5 0.02570 0.02568 0.22524   2250       9989.6 0.0211
5  3  26.5 0.02590 0.02588 0.24154   2318       9596.7 0.0208
5  3  26.5 0.02610 0.02607 0.24917   2308       9262.9 0.0208
5  3  26.5 0.02630 0.02627 0.25584   2266       8856.9 0.0210
5  3  26.5 0.02650 0.02646 0.26270   2234       8503.9 0.0212
5  3  26.5 0.02670 0.02666 0.27496   2274       8270.2 0.0210
5  3  26.5 0.02690 0.02686 0.29259   2316       7915.4 0.0208
5  3  26.5 0.02710 0.02715 0.29339   2236       7621.4 0.0211
5  3  26.5 0.02730 0.02734 0.32304   2326       7200.3 0.0207
5  3  26.5 0.02750 0.02754 0.32927   2228       6766.5 0.0212
5  3  26.5 0.02770 0.02773 0.35601   2294       6443.7 0.0209
5  3  26.5 0.02790 0.02793 0.36854   2246       6094.4 0.0211
5  3  26.5 0.02810 0.02813 0.38780   2338       6028.8 0.0207
5  3  26.5 0.02830 0.02832 0.41211   2226       5401.4 0.0212
5  3  26.5 0.02850 0.02852 0.44409   2284       5143.1 0.0209
5  3  26.5 0.02870 0.02871 0.48394   2426       5013.1 0.0203
5  3  26.5 0.02890 0.02891 0.50248   2238       4453.9 0.0211
5  3  26.5 0.02910 0.02910 0.55825   2250       4030.4 0.0211
5  3  26.5 0.02930 0.02930 0.61846   2310       3735.1 0.0208
5  3  26.5 0.02950 0.02949 0.65816   2336       3549.3 0.0207
5  3  26.5 0.02970 0.02969 0.74159   2288       3085.3 0.0209
5  3  26.5 0.02990 0.02988 0.82248   2336       2840.2 0.0207
5  3  26.5 0.03010 0.03008 0.90354   2314       2561.0 0.0208
5  3  26.5 0.03030 0.03027 0.99686   2274       2281.2 0.0210
5  3  26.5 0.03050 0.03047 1.06389   2222       2088.6 0.0212
5  3  26.5 0.03070 0.03066 1.21000   2164       1788.4 0.0215
5  3  26.5 0.03090 0.03086 1.21000   2020       1669.4 0.0222
5  3  26.5 0.03110 0.03105 1.21000   1908       1576.9 0.0229
5  3  26.5 0.03130 0.03135 1.21000   1638       1353.7 0.0247
5  3  26.5 0.03150 0.03154 1.21000   1534       1267.8 0.0255
5  3  26.5 0.03170 0.03174 1.21000   1516       1252.9 0.0257
5  3  26.5 0.03190 0.03193 1.21000   1470       1214.9 0.0261
5  3  26.5 0.03210 0.03213 1.21000   1416       1170.2 0.0266
5  3  26.5 0.03230 0.03232 1.21000   1414       1168.6 0.0266
5  3  26.5 0.03250 0.03252 1.21000   1334       1102.5 0.0274
5  3  26.5 0.03270 0.03271 1.21000   1290       1066.1 0.0278
5  3  26.5 0.03290 0.03291 1.21000   1274       1052.9 0.0280
5  3  26.5 0.03310 0.03311 1.21000   1196        988.4 0.0289
5  3  26.5 0.03330 0.03330 1.21000   1176        971.9 0.0292
5  3  26.5 0.03350 0.03350 1.21000   1102        910.7 0.0301
5  3  26.5 0.03370 0.03369 1.21000   1098        907.4 0.0302
5  3  26.5 0.03390 0.03389 1.21000   1092        902.5 0.0303
5  3  26.5 0.03410 0.03408 1.21000   1026        847.9 0.0312
5  3  26.5 0.03430 0.03428 1.21000   1010        834.7 0.0315
5  3  26.5 0.03450 0.03447 1.21000    980        809.9 0.0319
5  3  26.5 0.03470 0.03467 1.21000    930        768.6 0.0328
5  3  26.5 0.03490 0.03486 1.21000    922        762.0 0.0329
5  3  26.5 0.03510 0.03506 1.21000    836        690.9 0.0346
5  3  26.5 0.03530 0.03525 1.21000    836        690.9 0.0346
5  3  26.5 0.03550 0.03555 1.21000    768        634.7 0.0361
5  3  26.5 0.03570 0.03574 1.21000    778        643.0 0.0359
5  3  26.5 0.03590 0.03594 1.21000    762        629.8 0.0362
5  3  26.5 0.03610 0.03613 1.21000    730        603.3 0.0370
5  3  26.5 0.03630 0.03633 1.21000    672        555.4 0.0386
5  3  26.5 0.03650 0.03652 1.21000    660        545.5 0.0389
5  3  26.5 0.03670 0.03672 1.21000    640        528.9 0.0395
5  3  26.4 0.03690 0.03691 1.21000    606        500.8 0.0406
5  3  26.4 0.03710 0.03711 1.21000    574        474.4 0.0417
5  3  26.4 0.03730 0.03730 1.21000    590        487.6 0.0412
5  3  26.4 0.03750 0.03750 1.21000    522        431.4 0.0438
5  3  26.4 0.03770 0.03770 1.21000    486        401.7 0.0454
5  3  26.4 0.03790 0.03789 1.21000    492        406.6 0.0451
5  3  26.4 0.03810 0.03809 1.21000    474        391.7 0.0459
5  3  26.4 0.03830 0.03828 1.21000    480        396.7 0.0456
5  3  26.4 0.03850 0.03848 1.21000    444        366.9 0.0475
5  3  26.4 0.03870 0.03867 1.21000    434        358.7 0.0480
5  3  26.4 0.03890 0.03887 1.21000    414        342.1 0.0491
5  3  26.4 0.03910 0.03906 1.21000    338        279.3 0.0544
5  3  26.4 0.03930 0.03926 1.21000    354        292.6 0.0531
5  3  26.4 0.03950 0.03945 1.21000    356        294.2 0.0530
5  3  26.4 0.03970 0.03975 1.21000    358        295.9 0.0529
5  3  26.4 0.03990 0.03994 1.21000    310        256.2 0.0568
