# Scan Time    : Fri, 18 Mar 2022 04:10:38 +0000 (GMT) +618065000 nsec
# Board Lane   : 5
# Board Loc    : BTOF - Southeast
# SiPM Biases  :  57.139  57.048  57.552  56.875
# SiPM Currents:   1.450   1.379   1.702   1.064
#
0 -1  26.1 0.00010 0.00010 1.21000     22         18.2 0.2132
0 -1  26.1 0.00030 0.00029 1.21000     18         14.9 0.2357
0 -1  26.1 0.00050 0.00049 1.21000     22         18.2 0.2132
0 -1  26.1 0.00070 0.00068 1.21000     26         21.5 0.1961
0 -1  26.1 0.00090 0.00088 1.21000     30         24.8 0.1826
0 -1  26.1 0.00110 0.00107 1.21000     30         24.8 0.1826
0 -1  26.1 0.00130 0.00127 1.21000     36         29.8 0.1667
0 -1  26.1 0.00150 0.00146 1.21000     34         28.1 0.1715
0 -1  26.1 0.00170 0.00166 1.21000     36         29.8 0.1667
0 -1  26.1 0.00190 0.00186 1.21000     46         38.0 0.1474
0 -1  26.1 0.00210 0.00215 1.21000     50         41.3 0.1414
0 -1  26.1 0.00230 0.00234 1.21000     52         43.0 0.1387
0 -1  26.1 0.00250 0.00254 1.21000     60         49.6 0.1291
0 -1  26.1 0.00270 0.00273 1.21000     54         44.6 0.1361
0 -1  26.1 0.00290 0.00293 1.21000     64         52.9 0.1250
0 -1  26.1 0.00310 0.00313 1.21000     76         62.8 0.1147
0 -1  26.1 0.00330 0.00332 1.21000    104         86.0 0.0981
0 -1  26.1 0.00350 0.00352 1.21000    134        110.7 0.0864
0 -1  26.1 0.00370 0.00371 1.21000    296        244.6 0.0581
0 -1  26.1 0.00390 0.00391 1.21000    652        538.8 0.0392
0 -1  26.1 0.00410 0.00410 1.21000   1546       1277.7 0.0254
0 -1  26.1 0.00430 0.00430 1.21000   3824       3160.3 0.0162
0 -1  26.1 0.00450 0.00449 1.21000   8624       7127.3 0.0108
0 -1  26.1 0.00470 0.00469 1.21000  19068      15758.7 0.0072
0 -1  26.1 0.00490 0.00488 1.21000  41804      34548.8 0.0049
0 -1  26.1 0.00510 0.00508 0.95524  71964      75335.9 0.0037
0 -1  26.1 0.00530 0.00527 0.46362  72210     155753.3 0.0037
0 -1  26.1 0.00550 0.00547 0.25468  79928     313840.9 0.0035
0 -1  26.1 0.00570 0.00566 0.12181  72734     597132.7 0.0037
0 -1  26.1 0.00590 0.00586 0.06721  72250    1074969.2 0.0037
0 -1  26.1 0.00610 0.00605 0.03957  72952    1843696.0 0.0037
0 -1  26.1 0.00630 0.00635 0.02174  76698    3528636.8 0.0036
0 -1  26.1 0.00650 0.00654 0.01422  72708    5113403.0 0.0037
0 -1  26.1 0.00670 0.00674 0.01074  71936    6700650.5 0.0037
0 -1  26.1 0.00690 0.00693 0.00873  71086    8138160.9 0.0038
0 -1  26.1 0.00710 0.00713 0.00765  73474    9601313.6 0.0037
0 -1  26.1 0.00730 0.00732 0.00681  72350   10616803.5 0.0037
0 -1  26.1 0.00750 0.00752 0.00681  77724   11405396.4 0.0036
0 -1  26.1 0.00770 0.00771 0.00600  72088   12020245.8 0.0037
0 -1  26.1 0.00790 0.00791 0.00600  74616   12441774.8 0.0037
0 -1  26.1 0.00810 0.00811 0.00600  76706   12790269.9 0.0036
0 -1  26.1 0.00830 0.00830 0.00600  78352   13064730.6 0.0036
0 -1  26.1 0.00850 0.00850 0.00600  79444   13246815.1 0.0035
0 -1  26.1 0.00870 0.00869 0.00538  71612   13317724.9 0.0037
0 -1  26.1 0.00890 0.00889 0.00538  72094   13407362.8 0.0037
0 -1  26.1 0.00910 0.00908 0.00538  72306   13446788.5 0.0037
0 -1  26.1 0.00930 0.00928 0.00538  72260   13438233.9 0.0037
0 -1  26.1 0.00950 0.00947 0.00538  71930   13376863.6 0.0037
0 -1  26.1 0.00970 0.00967 0.00538  71246   13249659.7 0.0037
0 -1  26.1 0.00990 0.00986 0.00538  70076   13032074.1 0.0038
0 -1  26.1 0.01010 0.01006 0.00538  68384   12717411.9 0.0038
0 -1  26.1 0.01030 0.01025 0.00538  65828   12242071.1 0.0039
0 -1  26.1 0.01050 0.01055 0.00538  59996   11157490.7 0.0041
0 -1  26.1 0.01070 0.01074 0.00538  54848   10200114.2 0.0043
0 -1  26.1 0.01090 0.01094 0.00538  49080    9127435.9 0.0045
0 -1  26.1 0.01110 0.01113 0.00538  43010    7998594.5 0.0048
0 -1  26.1 0.01130 0.01133 0.00538  37830    7035266.9 0.0051
0 -1  26.1 0.01150 0.01152 0.00538  33154    6165668.5 0.0055
0 -1  26.1 0.01170 0.01172 0.00538  30092    5596226.6 0.0058
0 -1  26.1 0.01190 0.01191 0.00538  28308    5264455.1 0.0059
0 -1  26.1 0.01210 0.01211 0.00538  27334    5083319.7 0.0060
0 -1  26.1 0.01230 0.01230 0.00538  26540    4935659.1 0.0061
0 -1  26.1 0.01250 0.01250 0.00538  26050    4844533.5 0.0062
0 -1  26.1 0.01270 0.01270 0.00538  25762    4790974.0 0.0062
0 -1  26.1 0.01290 0.01289 0.00538  25788    4795809.2 0.0062
0 -1  26.1 0.01310 0.01309 0.00538  25434    4729975.6 0.0063
0 -1  26.1 0.01330 0.01328 0.00538  25594    4759730.9 0.0063
0 -1  26.1 0.01350 0.01348 0.00538  25294    4703939.8 0.0063
0 -1  26.1 0.01370 0.01367 0.00538  25306    4706171.4 0.0063
0 -1  26.1 0.01390 0.01387 0.00538  25224    4690921.8 0.0063
0 -1  26.1 0.01410 0.01406 0.00538  25140    4675300.3 0.0063
0 -1  26.1 0.01430 0.01426 0.00538  25214    4689062.1 0.0063
0 -1  26.1 0.01450 0.01445 0.00538  25248    4695385.1 0.0063
0 -1  26.1 0.01470 0.01475 0.00538  25162    4679391.7 0.0063
0 -1  26.1 0.01490 0.01494 0.00538  25076    4663398.2 0.0063
0 -1  26.1 0.01510 0.01514 0.00538  25150    4677160.0 0.0063
0 -1  26.1 0.01530 0.01533 0.00538  24934    4636990.4 0.0063
0 -1  26.1 0.01550 0.01553 0.00538  24782    4608722.8 0.0064
0 -1  26.1 0.01570 0.01572 0.00538  24844    4620253.0 0.0063
0 -1  26.1 0.01590 0.01592 0.00538  24666    4587150.2 0.0064
0 -1  26.1 0.01610 0.01611 0.00538  24628    4580083.4 0.0064
0 -1  26.1 0.01630 0.01631 0.00538  24094    4480775.1 0.0064
0 -1  26.1 0.01650 0.01650 0.00538  23540    4377747.4 0.0065
0 -1  26.1 0.01670 0.01670 0.00538  22816    4243104.7 0.0066
0 -1  26.1 0.01690 0.01689 0.00538  21656    4027378.8 0.0068
0 -1  26.1 0.01710 0.01709 0.00538  20666    3843267.9 0.0070
0 -1  26.1 0.01730 0.01729 0.00538  19356    3599646.5 0.0072
0 -1  26.1 0.01750 0.01748 0.00538  17832    3316227.3 0.0075
0 -1  26.1 0.01770 0.01768 0.00538  16076    2989663.0 0.0079
0 -1  26.1 0.01790 0.01787 0.00538  14446    2686531.0 0.0083
0 -1  26.1 0.01810 0.01807 0.00538  12852    2390093.9 0.0088
0 -1  26.1 0.01830 0.01826 0.00538  11584    2154283.2 0.0093
0 -1  26.1 0.01850 0.01846 0.00538  10342    1923307.7 0.0098
0 -1  26.1 0.01870 0.01865 0.00538   9202    1711301.2 0.0104
0 -1  26.1 0.01890 0.01895 0.00538   8106    1507477.5 0.0111
0 -1  26.1 0.01910 0.01914 0.00538   7258    1349774.4 0.0117
0 -1  26.1 0.01930 0.01934 0.00538   6776    1260136.6 0.0121
0 -1  26.1 0.01950 0.01953 0.00538   6526    1213644.0 0.0124
0 -1  26.1 0.01970 0.01973 0.00538   6354    1181657.0 0.0125
0 -1  26.1 0.01990 0.01992 0.00538   5926    1102061.6 0.0130
0 -1  26.1 0.02010 0.02012 0.00538   5762    1071562.5 0.0132
0 -1  26.1 0.02030 0.02031 0.00538   5574    1036600.0 0.0134
0 -1  26.1 0.02050 0.02051 0.00538   5462    1015771.3 0.0135
0 -1  26.1 0.02070 0.02070 0.00538   5234     973370.0 0.0138
0 -1  26.1 0.02090 0.02090 0.00538   5052     939523.4 0.0141
0 -1  26.1 0.02110 0.02109 0.00538   4898     910883.9 0.0143
0 -1  26.1 0.02130 0.02129 0.00538   4838     899725.6 0.0144
0 -1  26.1 0.02150 0.02148 0.00538   4678     869970.4 0.0146
0 -1  26.1 0.02170 0.02168 0.00538   4550     846166.1 0.0148
0 -1  26.1 0.02190 0.02188 0.00538   4566     849141.7 0.0148
0 -1  26.1 0.02210 0.02207 0.00538   4340     807112.3 0.0152
0 -1  26.1 0.02230 0.02227 0.00538   4182     777729.0 0.0155
0 -1  26.1 0.02250 0.02246 0.00538   4114     765083.0 0.0156
0 -1  26.1 0.02270 0.02266 0.00538   3918     728632.7 0.0160
0 -1  26.1 0.02290 0.02285 0.00538   3758     698877.4 0.0163
0 -1  26.1 0.02310 0.02314 0.00538   3622     673585.4 0.0166
0 -1  26.1 0.02330 0.02334 0.00538   3532     656848.1 0.0168
0 -1  26.1 0.02350 0.02354 0.00538   3376     627836.7 0.0172
0 -1  26.1 0.02370 0.02373 0.00538   3268     607751.8 0.0175
0 -1  26.1 0.02390 0.02393 0.00538   3112     578740.4 0.0179
0 -1  26.1 0.02410 0.02412 0.00538   2966     551588.7 0.0184
0 -1  26.1 0.02430 0.02432 0.00538   2766     514394.6 0.0190
0 -1  26.1 0.02450 0.02451 0.00538   2768     514766.6 0.0190
0 -1  26.1 0.02470 0.02471 0.00538   2556     475340.8 0.0198
0 -1  26.1 0.02490 0.02490 0.00538   2376     441866.1 0.0205
0 -1  26.1 0.02510 0.02510 0.00538   2328     432939.5 0.0207
0 -1  26.1 0.02530 0.02529 0.00590   2334     395569.8 0.0207
0 -1  26.1 0.02550 0.02549 0.00626   2258     360644.1 0.0210
0 -1  26.1 0.02570 0.02568 0.00684   2276     332602.4 0.0210
0 -1  26.1 0.02590 0.02588 0.00757   2288     302154.3 0.0209
0 -1  26.1 0.02610 0.02607 0.00830   2336     281415.8 0.0207
0 -1  26.1 0.02630 0.02627 0.00918   2332     254047.6 0.0207
0 -1  26.1 0.02650 0.02646 0.00977   2262     231561.1 0.0210
0 -1  26.1 0.02670 0.02666 0.01082   2284     211084.3 0.0209
0 -1  26.1 0.02690 0.02686 0.01159   2234     192711.5 0.0212
0 -1  26.1 0.02710 0.02715 0.01278   2262     176937.8 0.0210
0 -1  26.1 0.02730 0.02734 0.01345   2252     167435.0 0.0211
0 -1  26.1 0.02750 0.02754 0.01441   2272     157686.1 0.0210
0 -1  26.1 0.02770 0.02773 0.01559   2286     146623.9 0.0209
0 -1  26.1 0.02790 0.02793 0.01634   2368     144957.7 0.0205
0 -1  26.1 0.02810 0.02813 0.01713   2254     131560.4 0.0211
0 -1  26.1 0.02830 0.02832 0.01862   2308     123920.8 0.0208
0 -1  26.1 0.02850 0.02852 0.01864   2278     122199.9 0.0210
0 -1  26.1 0.02870 0.02871 0.01959   2274     116106.1 0.0210
0 -1  26.1 0.02890 0.02891 0.02049   2322     113328.0 0.0208
0 -1  26.1 0.02910 0.02910 0.02194   2310     105284.2 0.0208
0 -1  26.1 0.02930 0.02930 0.02194   2264     103187.6 0.0210
0 -1  26.1 0.02950 0.02949 0.02319   2238      96508.0 0.0211
0 -1  26.1 0.02970 0.02969 0.02319   2248      96939.3 0.0211
0 -1  26.1 0.02990 0.02988 0.02476   2230      90047.8 0.0212
0 -1  26.1 0.03010 0.03008 0.02667   2264      84876.1 0.0210
0 -1  26.1 0.03030 0.03027 0.02667   2282      85550.9 0.0209
0 -1  26.1 0.03050 0.03047 0.02897   2308      79672.1 0.0208
0 -1  26.1 0.03070 0.03066 0.02977   2250      75572.6 0.0211
0 -1  26.1 0.03090 0.03086 0.03102   2286      73692.0 0.0209
0 -1  26.1 0.03110 0.03105 0.03329   2314      69504.8 0.0208
0 -1  26.1 0.03130 0.03135 0.03460   2274      65725.6 0.0210
0 -1  26.1 0.03150 0.03154 0.03675   2256      61390.5 0.0211
0 -1  26.1 0.03170 0.03174 0.03964   2360      59538.4 0.0206
0 -1  26.1 0.03190 0.03193 0.04000   2268      56702.4 0.0210
0 -1  26.1 0.03210 0.03213 0.04303   2270      52748.6 0.0210
0 -1  26.1 0.03230 0.03232 0.04535   2264      49919.1 0.0210
0 -1  26.1 0.03250 0.03252 0.04940   2320      46964.0 0.0208
0 -1  26.1 0.03270 0.03271 0.05161   2300      44562.9 0.0209
0 -1  26.1 0.03290 0.03291 0.05456   2242      41088.9 0.0211
0 -1  26.1 0.03310 0.03311 0.05868   2272      38715.4 0.0210
0 -1  26.1 0.03330 0.03330 0.06405   2316      36161.6 0.0208
0 -1  26.1 0.03350 0.03350 0.06599   2248      34063.4 0.0211
0 -1  26.1 0.03370 0.03369 0.07274   2280      31345.4 0.0209
0 -1  26.1 0.03390 0.03389 0.07711   2290      29697.6 0.0209
0 -1  26.1 0.03410 0.03408 0.08369   2314      27649.2 0.0208
0 -1  26.1 0.03430 0.03428 0.09134   2292      25093.9 0.0209
0 -1  26.1 0.03450 0.03447 0.09871   2276      23057.1 0.0210
0 -1  26.1 0.03470 0.03467 0.10327   2228      21575.4 0.0212
0 -1  26.1 0.03490 0.03486 0.11020   2260      20508.0 0.0210
0 -1  26.1 0.03510 0.03506 0.11784   2260      19178.9 0.0210
0 -1  26.1 0.03530 0.03525 0.12480   2246      17996.5 0.0211
0 -1  26.1 0.03550 0.03555 0.13345   2266      16980.1 0.0210
0 -1  26.1 0.03570 0.03574 0.14680   2264      15422.8 0.0210
0 -1  26.1 0.03590 0.03594 0.16041   2274      14176.1 0.0210
0 -1  26.1 0.03610 0.03613 0.16993   2358      13876.4 0.0206
0 -1  26.1 0.03630 0.03633 0.17147   2284      13319.9 0.0209
0 -1  26.1 0.03650 0.03652 0.18195   2230      12255.9 0.0212
0 -1  26.1 0.03670 0.03672 0.19161   2230      11638.1 0.0212
0 -1  26.1 0.03690 0.03691 0.20469   2230      10894.4 0.0212
0 -1  26.1 0.03710 0.03711 0.20806   2248      10804.4 0.0211
0 -1  26.1 0.03730 0.03730 0.22225   2288      10294.9 0.0209
0 -1  26.1 0.03750 0.03750 0.23949   2326       9712.3 0.0207
0 -1  26.1 0.03770 0.03770 0.23949   2236       9336.5 0.0211
0 -1  26.1 0.03790 0.03789 0.25995   2460       9463.2 0.0202
0 -1  26.1 0.03810 0.03809 0.26742   2278       8518.5 0.0210
0 -1  26.1 0.03830 0.03828 0.27380   2250       8217.8 0.0211
0 -1  26.2 0.03850 0.03848 0.29053   2222       7648.0 0.0212
0 -1  26.2 0.03870 0.03867 0.30538   2252       7374.5 0.0211
0 -1  26.2 0.03890 0.03887 0.32281   2230       6908.1 0.0212
0 -1  26.1 0.03910 0.03906 0.33424   2228       6665.8 0.0212
0 -1  26.1 0.03930 0.03926 0.35512   2336       6578.1 0.0207
0 -1  26.1 0.03950 0.03945 0.35512   2256       6352.8 0.0211
0 -1  26.2 0.03970 0.03975 0.40144   2286       5694.6 0.0209
0 -1  26.2 0.03990 0.03994 0.42417   2256       5318.6 0.0211
0  0  26.2 0.00010 0.00010 1.21000    270        223.1 0.0609
0  0  26.2 0.00030 0.00029 1.21000     32         26.4 0.1768
0  0  26.2 0.00050 0.00049 1.21000     36         29.8 0.1667
0  0  26.2 0.00070 0.00068 1.21000     44         36.4 0.1508
0  0  26.2 0.00090 0.00088 1.21000     40         33.1 0.1581
0  0  26.2 0.00110 0.00107 1.21000     48         39.7 0.1443
0  0  26.2 0.00130 0.00127 1.21000     40         33.1 0.1581
0  0  26.2 0.00150 0.00146 1.21000     50         41.3 0.1414
0  0  26.2 0.00170 0.00166 1.21000     50         41.3 0.1414
0  0  26.2 0.00190 0.00186 1.21000     60         49.6 0.1291
0  0  26.2 0.00210 0.00215 1.21000     66         54.5 0.1231
0  0  26.2 0.00230 0.00234 1.21000     62         51.2 0.1270
0  0  26.2 0.00250 0.00254 1.21000     64         52.9 0.1250
0  0  26.2 0.00270 0.00273 1.21000     62         51.2 0.1270
0  0  26.2 0.00290 0.00293 1.21000     72         59.5 0.1179
0  0  26.1 0.00310 0.00313 1.21000     72         59.5 0.1179
0  0  26.1 0.00330 0.00332 1.21000    102         84.3 0.0990
0  0  26.1 0.00350 0.00352 1.21000    156        128.9 0.0801
0  0  26.1 0.00370 0.00371 1.21000    346        286.0 0.0538
0  0  26.1 0.00390 0.00391 1.21000    700        578.5 0.0378
0  0  26.1 0.00410 0.00410 1.21000   1654       1366.9 0.0246
0  0  26.1 0.00430 0.00430 1.21000   3936       3252.9 0.0159
0  0  26.1 0.00450 0.00449 1.21000   9302       7687.6 0.0104
0  0  26.2 0.00470 0.00469 1.21000  19338      15981.8 0.0072
0  0  26.2 0.00490 0.00488 1.21000  43212      35712.4 0.0048
0  0  26.1 0.00510 0.00508 0.77032  72042      93521.8 0.0037
0  0  26.1 0.00530 0.00527 0.37749  71712     189969.8 0.0037
0  0  26.2 0.00550 0.00547 0.20737  76276     367833.7 0.0036
0  0  26.2 0.00570 0.00566 0.11391  74584     654756.9 0.0037
0  0  26.2 0.00590 0.00586 0.06500  72888    1121422.1 0.0037
0  0  26.2 0.00610 0.00605 0.04316  71942    1666819.3 0.0037
0  0  26.1 0.00630 0.00635 0.02778  72318    2602797.4 0.0037
0  0  26.1 0.00650 0.00654 0.02273  72234    3177646.2 0.0037
0  0  26.1 0.00670 0.00674 0.01998  72096    3607931.4 0.0037
0  0  26.1 0.00690 0.00693 0.01998  78374    3922104.1 0.0036
0  0  26.1 0.00710 0.00713 0.01737  71926    4140837.4 0.0037
0  0  26.1 0.00730 0.00732 0.01737  74504    4289254.9 0.0037
0  0  26.1 0.00750 0.00752 0.01737  76186    4386089.0 0.0036
0  0  26.1 0.00770 0.00771 0.01737  77250    4447344.3 0.0036
0  0  26.1 0.00790 0.00791 0.01737  78010    4491098.1 0.0036
0  0  26.1 0.00810 0.00811 0.01737  78570    4523337.8 0.0036
0  0  26.1 0.00830 0.00830 0.01737  78926    4543833.0 0.0036
0  0  26.1 0.00850 0.00850 0.01737  79168    4557765.1 0.0036
0  0  26.1 0.00870 0.00869 0.01737  79312    4566055.3 0.0036
0  0  26.1 0.00890 0.00889 0.01737  79340    4567667.3 0.0036
0  0  26.1 0.00910 0.00908 0.01737  79292    4564903.9 0.0036
0  0  26.1 0.00930 0.00928 0.01737  79136    4555922.9 0.0036
0  0  26.1 0.00950 0.00947 0.01737  78860    4540033.3 0.0036
0  0  26.1 0.00970 0.00967 0.01737  78424    4514932.4 0.0036
0  0  26.1 0.00990 0.00986 0.01737  77734    4475208.6 0.0036
0  0  26.2 0.01010 0.01006 0.01737  76824    4422819.2 0.0036
0  0  26.2 0.01030 0.01025 0.01737  75310    4335657.0 0.0036
0  0  26.2 0.01050 0.01055 0.01737  71674    4126329.5 0.0037
0  0  26.2 0.01070 0.01074 0.01737  67958    3912396.4 0.0038
0  0  26.2 0.01090 0.01094 0.01737  62748    3612452.6 0.0040
0  0  26.1 0.01110 0.01113 0.01737  56086    3228915.9 0.0042
0  0  26.1 0.01130 0.01133 0.01737  47910    2758217.0 0.0046
0  0  26.1 0.01150 0.01152 0.01737  40462    2329429.7 0.0050
0  0  26.1 0.01170 0.01172 0.01737  33978    1956140.7 0.0054
0  0  26.1 0.01190 0.01191 0.01737  29354    1689933.3 0.0058
0  0  26.1 0.01210 0.01211 0.01737  26236    1510427.5 0.0062
0  0  26.1 0.01230 0.01230 0.01737  24344    1401503.6 0.0064
0  0  26.1 0.01250 0.01250 0.01737  23924    1377323.8 0.0065
0  0  26.1 0.01270 0.01270 0.01737  23190    1335066.9 0.0066
0  0  26.1 0.01290 0.01289 0.01737  22956    1321595.3 0.0066
0  0  26.1 0.01310 0.01309 0.01737  22788    1311923.4 0.0066
0  0  26.1 0.01330 0.01328 0.01737  22814    1313420.2 0.0066
0  0  26.2 0.01350 0.01348 0.01737  22840    1314917.1 0.0066
0  0  26.2 0.01370 0.01367 0.01737  22796    1312384.0 0.0066
0  0  26.2 0.01390 0.01387 0.01737  22706    1307202.6 0.0066
0  0  26.2 0.01410 0.01406 0.01737  22624    1302481.8 0.0066
0  0  26.2 0.01430 0.01426 0.01737  22586    1300294.1 0.0067
0  0  26.2 0.01450 0.01445 0.01737  22342    1286246.8 0.0067
0  0  26.1 0.01470 0.01475 0.01737  22272    1282216.9 0.0067
0  0  26.1 0.01490 0.01494 0.01737  22472    1293731.0 0.0067
0  0  26.1 0.01510 0.01514 0.01737  22708    1307317.7 0.0066
0  0  26.1 0.01530 0.01533 0.01737  22416    1290507.1 0.0067
0  0  26.1 0.01550 0.01553 0.01737  22284    1282907.7 0.0067
0  0  26.1 0.01570 0.01572 0.01737  22364    1287513.4 0.0067
0  0  26.2 0.01590 0.01592 0.01737  22174    1276574.9 0.0067
0  0  26.2 0.01610 0.01611 0.01737  21926    1262297.4 0.0068
0  0  26.2 0.01630 0.01631 0.01737  21756    1252510.3 0.0068
0  0  26.2 0.01650 0.01650 0.01737  21248    1223264.4 0.0069
0  0  26.2 0.01670 0.01670 0.01737  20192    1162469.6 0.0070
0  0  26.2 0.01690 0.01689 0.01737  19208    1105819.9 0.0072
0  0  26.2 0.01710 0.01709 0.01737  17788    1024069.4 0.0075
0  0  26.2 0.01730 0.01729 0.01737  16428     945773.1 0.0078
0  0  26.2 0.01750 0.01748 0.01737  14856     855271.8 0.0082
0  0  26.2 0.01770 0.01768 0.01737  12702     731264.3 0.0089
0  0  26.2 0.01790 0.01787 0.01737  11420     657458.5 0.0094
0  0  26.1 0.01810 0.01807 0.01737   9744     560969.9 0.0101
0  0  26.1 0.01830 0.01826 0.01737   8292     477377.1 0.0110
0  0  26.1 0.01850 0.01846 0.01737   7044     405528.7 0.0119
0  0  26.1 0.01870 0.01865 0.01737   5920     340819.1 0.0130
0  0  26.1 0.01890 0.01895 0.01737   4654     267934.5 0.0147
0  0  26.1 0.01910 0.01914 0.01737   4290     246978.7 0.0153
0  0  26.1 0.01930 0.01934 0.01737   3946     227174.4 0.0159
0  0  26.1 0.01950 0.01953 0.01737   3684     212090.8 0.0165
0  0  26.1 0.01970 0.01973 0.01737   3476     200116.1 0.0170
0  0  26.1 0.01990 0.01992 0.01737   3458     199079.8 0.0170
0  0  26.1 0.02010 0.02012 0.01737   3242     186644.5 0.0176
0  0  26.1 0.02030 0.02031 0.01737   3248     186990.0 0.0175
0  0  26.1 0.02050 0.02051 0.01737   3192     183766.0 0.0177
0  0  26.1 0.02070 0.02070 0.01737   3066     176512.1 0.0181
0  0  26.1 0.02090 0.02090 0.01737   3036     174784.9 0.0181
0  0  26.1 0.02110 0.02109 0.01737   2940     169258.2 0.0184
0  0  26.1 0.02130 0.02129 0.01737   2868     165113.1 0.0187
0  0  26.1 0.02150 0.02148 0.01737   2878     165688.8 0.0186
0  0  26.1 0.02170 0.02168 0.01737   2592     149223.5 0.0196
0  0  26.1 0.02190 0.02188 0.01737   2588     148993.2 0.0197
0  0  26.1 0.02210 0.02207 0.01737   2614     150490.1 0.0196
0  0  26.1 0.02230 0.02227 0.01737   2458     141509.0 0.0202
0  0  26.1 0.02250 0.02246 0.01737   2526     145423.8 0.0199
0  0  26.1 0.02270 0.02266 0.01737   2370     136442.8 0.0205
0  0  26.1 0.02290 0.02285 0.01737   2250     129534.3 0.0211
0  0  26.1 0.02310 0.02314 0.01810   2224     122851.4 0.0212
0  0  26.1 0.02330 0.02334 0.01916   2338     122028.8 0.0207
0  0  26.1 0.02350 0.02354 0.01916   2252     117540.2 0.0211
0  0  26.1 0.02370 0.02373 0.02078   2320     111623.4 0.0208
0  0  26.1 0.02390 0.02393 0.02218   2356     106213.4 0.0206
0  0  26.1 0.02410 0.02412 0.02218   2250     101434.7 0.0211
0  0  26.1 0.02430 0.02432 0.02367   2342      98942.6 0.0207
0  0  26.1 0.02450 0.02451 0.02519   2266      89958.6 0.0210
0  0  26.1 0.02470 0.02471 0.02804   2306      82235.4 0.0208
0  0  26.1 0.02490 0.02490 0.02920   2232      76444.1 0.0212
0  0  26.1 0.02510 0.02510 0.03317   2350      70850.4 0.0206
0  0  26.1 0.02530 0.02529 0.03598   2314      64316.0 0.0208
0  0  26.1 0.02550 0.02549 0.03915   2272      58033.1 0.0210
0  0  26.1 0.02570 0.02568 0.04434   2226      50208.1 0.0212
0  0  26.1 0.02590 0.02588 0.05195   2382      45849.7 0.0205
0  0  26.1 0.02610 0.02607 0.05824   2230      38287.7 0.0212
0  0  26.1 0.02630 0.02627 0.06765   2274      33613.3 0.0210
0  0  26.1 0.02650 0.02646 0.07471   2224      29767.0 0.0212
0  0  26.1 0.02670 0.02666 0.08114   2222      27384.6 0.0212
0  0  26.1 0.02690 0.02686 0.09414   2374      25216.7 0.0205
0  0  26.1 0.02710 0.02715 0.10783   2222      20606.8 0.0212
0  0  26.1 0.02730 0.02734 0.12194   2358      19336.7 0.0206
0  0  26.1 0.02750 0.02754 0.12542   2228      17763.9 0.0212
0  0  26.1 0.02770 0.02773 0.13463   2246      16682.5 0.0211
0  0  26.1 0.02790 0.02793 0.14373   2284      15890.8 0.0209
0  0  26.1 0.02810 0.02813 0.14758   2254      15272.8 0.0211
0  0  26.1 0.02830 0.02832 0.15551   2294      14751.3 0.0209
0  0  26.1 0.02850 0.02852 0.15865   2292      14446.6 0.0209
0  0  26.1 0.02870 0.02871 0.16171   2332      14420.8 0.0207
0  0  26.1 0.02890 0.02891 0.16467   2280      13845.5 0.0209
0  0  26.1 0.02910 0.02910 0.17541   2254      12849.8 0.0211
0  0  26.1 0.02930 0.02930 0.17652   2290      12972.9 0.0209
0  0  26.1 0.02950 0.02949 0.18678   2222      11896.5 0.0212
0  0  26.1 0.02970 0.02969 0.19531   2230      11418.0 0.0212
0  0  26.1 0.02990 0.02988 0.19531   2232      11428.3 0.0212
0  0  26.1 0.03010 0.03008 0.20797   2252      10828.3 0.0211
0  0  26.1 0.03030 0.03027 0.21707   2272      10466.8 0.0210
0  0  26.1 0.03050 0.03047 0.22064   2246      10179.4 0.0211
0  0  26.1 0.03070 0.03066 0.23821   2296       9638.4 0.0209
0  0  26.1 0.03090 0.03086 0.24460   2236       9141.6 0.0211
0  0  26.1 0.03110 0.03105 0.26005   2234       8590.8 0.0212
0  0  26.1 0.03130 0.03135 0.27230   2238       8218.9 0.0211
0  0  26.1 0.03150 0.03154 0.28502   2246       7880.2 0.0211
0  0  26.1 0.03170 0.03174 0.30215   2358       7804.0 0.0206
0  0  26.1 0.03190 0.03193 0.31334   2270       7244.6 0.0210
0  0  26.1 0.03210 0.03213 0.32612   2294       7034.1 0.0209
0  0  26.1 0.03230 0.03232 0.34783   2274       6537.7 0.0210
0  0  26.1 0.03250 0.03252 0.36388   2244       6166.9 0.0211
0  0  26.1 0.03270 0.03271 0.38872   2272       5844.8 0.0210
0  0  26.1 0.03290 0.03291 0.41686   2222       5330.3 0.0212
0  0  26.1 0.03310 0.03311 0.45946   2266       4931.9 0.0210
0  0  26.1 0.03330 0.03330 0.50440   2302       4563.8 0.0208
0  0  26.1 0.03350 0.03350 0.54407   2234       4106.1 0.0212
0  0  26.1 0.03370 0.03369 0.60982   2238       3669.9 0.0211
0  0  26.1 0.03390 0.03389 0.66339   2256       3400.7 0.0211
0  0  26.1 0.03410 0.03408 0.72735   2328       3200.7 0.0207
0  0  26.1 0.03430 0.03428 0.79118   2278       2879.3 0.0210
0  0  26.1 0.03450 0.03447 0.87549   2274       2597.4 0.0210
0  0  26.1 0.03470 0.03467 0.99151   2322       2341.9 0.0208
0  0  26.1 0.03490 0.03486 1.08755   2266       2083.6 0.0210
0  0  26.1 0.03510 0.03506 1.16967   2262       1933.9 0.0210
0  0  26.1 0.03530 0.03525 1.21000   2146       1773.6 0.0216
0  0  26.1 0.03550 0.03555 1.21000   1896       1566.9 0.0230
0  0  26.1 0.03570 0.03574 1.21000   1882       1555.4 0.0231
0  0  26.1 0.03590 0.03594 1.21000   1802       1489.3 0.0236
0  0  26.1 0.03610 0.03613 1.21000   1702       1406.6 0.0242
0  0  26.1 0.03630 0.03633 1.21000   1566       1294.2 0.0253
0  0  26.1 0.03650 0.03652 1.21000   1570       1297.5 0.0252
0  0  26.1 0.03670 0.03672 1.21000   1518       1254.5 0.0257
0  0  26.1 0.03690 0.03691 1.21000   1498       1238.0 0.0258
0  0  26.1 0.03710 0.03711 1.21000   1406       1162.0 0.0267
0  0  26.1 0.03730 0.03730 1.21000   1370       1132.2 0.0270
0  0  26.1 0.03750 0.03750 1.21000   1306       1079.3 0.0277
0  0  26.1 0.03770 0.03770 1.21000   1268       1047.9 0.0281
0  0  26.1 0.03790 0.03789 1.21000   1224       1011.6 0.0286
0  0  26.1 0.03810 0.03809 1.21000   1182        976.9 0.0291
0  0  26.1 0.03830 0.03828 1.21000   1208        998.3 0.0288
0  0  26.1 0.03850 0.03848 1.21000   1100        909.1 0.0302
0  0  26.1 0.03870 0.03867 1.21000   1004        829.8 0.0316
0  0  26.1 0.03890 0.03887 1.21000   1068        882.6 0.0306
0  0  26.1 0.03910 0.03906 1.21000    968        800.0 0.0321
0  0  26.1 0.03930 0.03926 1.21000   1012        836.4 0.0314
0  0  26.1 0.03950 0.03945 1.21000    932        770.2 0.0328
0  0  26.1 0.03970 0.03975 1.21000    828        684.3 0.0348
0  0  26.1 0.03990 0.03994 1.21000    814        672.7 0.0350
0  1  26.1 0.00010 0.00010 1.21000     36         29.8 0.1667
0  1  26.1 0.00030 0.00029 1.21000     40         33.1 0.1581
0  1  26.1 0.00050 0.00049 1.21000     44         36.4 0.1508
0  1  26.1 0.00070 0.00068 1.21000     44         36.4 0.1508
0  1  26.1 0.00090 0.00088 1.21000     48         39.7 0.1443
0  1  26.1 0.00110 0.00107 1.21000     42         34.7 0.1543
0  1  26.1 0.00130 0.00127 1.21000     46         38.0 0.1474
0  1  26.1 0.00150 0.00146 1.21000     56         46.3 0.1336
0  1  26.1 0.00170 0.00166 1.21000     76         62.8 0.1147
0  1  26.1 0.00190 0.00186 1.21000     56         46.3 0.1336
0  1  26.1 0.00210 0.00215 1.21000     64         52.9 0.1250
0  1  26.1 0.00230 0.00234 1.21000     58         47.9 0.1313
0  1  26.1 0.00250 0.00254 1.21000     88         72.7 0.1066
0  1  26.1 0.00270 0.00273 1.21000     80         66.1 0.1118
0  1  26.1 0.00290 0.00293 1.21000     94         77.7 0.1031
0  1  26.1 0.00310 0.00313 1.21000    102         84.3 0.0990
0  1  26.1 0.00330 0.00332 1.21000    146        120.7 0.0828
0  1  26.1 0.00350 0.00352 1.21000    170        140.5 0.0767
0  1  26.1 0.00370 0.00371 1.21000    336        277.7 0.0546
0  1  26.1 0.00390 0.00391 1.21000    744        614.9 0.0367
0  1  26.1 0.00410 0.00410 1.21000   1742       1439.7 0.0240
0  1  26.1 0.00430 0.00430 1.21000   4274       3532.2 0.0153
0  1  26.1 0.00450 0.00449 1.21000   9870       8157.0 0.0101
0  1  26.1 0.00470 0.00469 1.21000  21296      17600.0 0.0069
0  1  26.1 0.00490 0.00488 1.21000  45698      37766.9 0.0047
0  1  26.1 0.00510 0.00508 0.72540  71912      99134.5 0.0037
0  1  26.1 0.00530 0.00527 0.39848  78856     197892.3 0.0036
0  1  26.1 0.00550 0.00547 0.18617  71788     385613.7 0.0037
0  1  26.1 0.00570 0.00566 0.10496  72572     691419.6 0.0037
0  1  26.1 0.00590 0.00586 0.06215  72166    1161083.4 0.0037
0  1  26.1 0.00610 0.00605 0.04180  72062    1723849.7 0.0037
0  1  26.1 0.00630 0.00635 0.02722  72108    2649283.7 0.0037
0  1  26.1 0.00650 0.00654 0.02252  71794    3187864.1 0.0037
0  1  26.1 0.00670 0.00674 0.01982  72144    3639958.0 0.0037
0  1  26.1 0.00690 0.00693 0.01982  78300    3950553.2 0.0036
0  1  26.1 0.00710 0.00713 0.01730  72264    4176000.9 0.0037
0  1  26.1 0.00730 0.00732 0.01730  74684    4315848.2 0.0037
0  1  26.1 0.00750 0.00752 0.01730  76298    4409118.2 0.0036
0  1  26.1 0.00770 0.00771 0.01730  77382    4471760.5 0.0036
0  1  26.1 0.00790 0.00791 0.01730  78116    4514177.0 0.0036
0  1  26.1 0.00810 0.00811 0.01730  78612    4542839.9 0.0036
0  1  26.1 0.00830 0.00830 0.01730  78982    4564221.5 0.0036
0  1  26.1 0.00850 0.00850 0.01730  79218    4577859.5 0.0036
0  1  26.1 0.00870 0.00869 0.01730  79330    4584331.8 0.0036
0  1  26.1 0.00890 0.00889 0.01730  79372    4586758.9 0.0035
0  1  26.1 0.00910 0.00908 0.01730  79300    4582598.1 0.0036
0  1  26.1 0.00930 0.00928 0.01730  79136    4573120.9 0.0036
0  1  26.1 0.00950 0.00947 0.01730  78832    4555553.3 0.0036
0  1  26.1 0.00970 0.00967 0.01730  78364    4528508.5 0.0036
0  1  26.1 0.00990 0.00986 0.01730  77646    4487016.6 0.0036
0  1  26.1 0.01010 0.01006 0.01730  76632    4428419.4 0.0036
0  1  26.1 0.01030 0.01025 0.01730  75068    4338038.8 0.0036
0  1  26.1 0.01050 0.01055 0.01730  71222    4115785.7 0.0037
0  1  26.1 0.01070 0.01074 0.01730  67124    3878970.0 0.0039
0  1  26.1 0.01090 0.01094 0.01730  61646    3562406.6 0.0040
0  1  26.1 0.01110 0.01113 0.01730  54742    3163437.4 0.0043
0  1  26.1 0.01130 0.01133 0.01730  46528    2688765.8 0.0046
0  1  26.1 0.01150 0.01152 0.01730  38824    2243566.1 0.0051
0  1  26.1 0.01170 0.01172 0.01730  32060    1852687.2 0.0056
0  1  26.1 0.01190 0.01191 0.01730  27412    1584088.0 0.0060
0  1  26.1 0.01210 0.01211 0.01730  24474    1414306.5 0.0064
0  1  26.1 0.01230 0.01230 0.01730  22886    1322539.0 0.0066
0  1  26.1 0.01250 0.01250 0.01730  22010    1271916.6 0.0067
0  1  26.1 0.01270 0.01270 0.01730  21646    1250881.7 0.0068
0  1  26.1 0.01290 0.01289 0.01730  21440    1238977.4 0.0068
0  1  26.1 0.01310 0.01309 0.01730  21254    1228228.8 0.0069
0  1  26.1 0.01330 0.01328 0.01730  21144    1221872.1 0.0069
0  1  26.1 0.01350 0.01348 0.01730  21060    1217017.9 0.0069
0  1  26.1 0.01370 0.01367 0.01730  21128    1220947.5 0.0069
0  1  26.1 0.01390 0.01387 0.01730  21088    1218635.9 0.0069
0  1  26.1 0.01410 0.01406 0.01730  20882    1206731.6 0.0069
0  1  26.1 0.01430 0.01426 0.01730  20728    1197832.2 0.0069
0  1  26.1 0.01450 0.01445 0.01730  21130    1221063.0 0.0069
0  1  26.1 0.01470 0.01475 0.01730  21224    1226495.1 0.0069
0  1  26.1 0.01490 0.01494 0.01730  21070    1217595.8 0.0069
0  1  26.1 0.01510 0.01514 0.01730  20908    1208234.1 0.0069
0  1  26.1 0.01530 0.01533 0.01730  21046    1216208.8 0.0069
0  1  26.1 0.01550 0.01553 0.01730  20964    1211470.2 0.0069
0  1  26.1 0.01570 0.01572 0.01730  20940    1210083.3 0.0069
0  1  26.1 0.01590 0.01592 0.01730  20872    1206153.7 0.0069
0  1  26.1 0.01610 0.01611 0.01730  20496    1184425.4 0.0070
0  1  26.1 0.01630 0.01631 0.01730  20198    1167204.5 0.0070
0  1  26.1 0.01650 0.01650 0.01730  19944    1152526.3 0.0071
0  1  26.1 0.01670 0.01670 0.01730  19278    1114039.4 0.0072
0  1  26.1 0.01690 0.01689 0.01730  18258    1055095.5 0.0074
0  1  26.1 0.01710 0.01709 0.01730  17164     991875.3 0.0076
0  1  26.1 0.01730 0.01729 0.01730  15838     915248.3 0.0079
0  1  26.1 0.01750 0.01748 0.01730  14252     823596.3 0.0084
0  1  26.1 0.01770 0.01768 0.01730  12476     720964.6 0.0090
0  1  26.1 0.01790 0.01787 0.01730  10820     625267.5 0.0096
0  1  26.1 0.01810 0.01807 0.01730   9134     527836.7 0.0105
0  1  26.1 0.01830 0.01826 0.01730   7720     446124.3 0.0114
0  1  26.1 0.01850 0.01846 0.01730   6474     374120.3 0.0124
0  1  26.1 0.01870 0.01865 0.01730   5524     319221.6 0.0135
0  1  26.1 0.01890 0.01895 0.01730   4476     258659.6 0.0149
0  1  26.1 0.01910 0.01914 0.01730   3934     227338.5 0.0159
0  1  26.1 0.01930 0.01934 0.01730   3576     206650.3 0.0167
0  1  26.1 0.01950 0.01953 0.01730   3420     197635.4 0.0171
0  1  26.1 0.01970 0.01973 0.01730   3212     185615.5 0.0176
0  1  26.1 0.01990 0.01992 0.01730   3052     176369.4 0.0181
0  1  26.1 0.02010 0.02012 0.01730   3050     176253.8 0.0181
0  1  26.1 0.02030 0.02031 0.01730   2836     163887.1 0.0188
0  1  26.1 0.02050 0.02051 0.01730   2728     157646.0 0.0191
0  1  26.1 0.02070 0.02070 0.01730   2754     159148.5 0.0191
0  1  26.1 0.02090 0.02090 0.01730   2674     154525.4 0.0193
0  1  26.1 0.02110 0.02109 0.01730   2592     149786.8 0.0196
0  1  26.1 0.02130 0.02129 0.01730   2594     149902.4 0.0196
0  1  26.1 0.02150 0.02148 0.01730   2510     145048.2 0.0200
0  1  26.1 0.02170 0.02168 0.01730   2514     145279.3 0.0199
0  1  26.1 0.02190 0.02188 0.01730   2516     145394.9 0.0199
0  1  26.1 0.02210 0.02207 0.01730   2358     136264.4 0.0206
0  1  26.1 0.02230 0.02227 0.01730   2296     132681.5 0.0209
0  1  26.1 0.02250 0.02246 0.01730   2310     133490.6 0.0208
0  1  26.1 0.02270 0.02266 0.01759   2240     127348.2 0.0211
0  1  26.1 0.02290 0.02285 0.01759   2252     128030.4 0.0211
0  1  26.1 0.02310 0.02314 0.01872   2226     118920.4 0.0212
0  1  26.1 0.02330 0.02334 0.01872   2224     118813.5 0.0212
0  1  26.1 0.02350 0.02354 0.02077   2316     111507.0 0.0208
0  1  26.1 0.02370 0.02373 0.02107   2332     110660.4 0.0207
0  1  26.1 0.02390 0.02393 0.02176   2258     103773.4 0.0210
0  1  26.1 0.02410 0.02412 0.02377   2272      95584.2 0.0210
0  1  26.1 0.02430 0.02432 0.02481   2306      92951.5 0.0208
0  1  26.1 0.02450 0.02451 0.02606   2280      87488.9 0.0209
0  1  26.1 0.02470 0.02471 0.02776   2298      82782.5 0.0209
0  1  26.1 0.02490 0.02490 0.02928   2396      81828.6 0.0204
0  1  26.1 0.02510 0.02510 0.03177   2296      72273.0 0.0209
0  1  26.1 0.02530 0.02529 0.03522   2236      63487.5 0.0211
0  1  26.1 0.02550 0.02549 0.03842   2292      59653.2 0.0209
0  1  26.1 0.02570 0.02568 0.04290   2238      52166.1 0.0211
0  1  26.1 0.02590 0.02588 0.04988   2248      45067.9 0.0211
0  1  26.1 0.02610 0.02607 0.05575   2240      40178.3 0.0211
0  1  26.1 0.02630 0.02627 0.06359   2270      35695.5 0.0210
0  1  26.1 0.02650 0.02646 0.07406   2376      32082.6 0.0205
0  1  26.1 0.02670 0.02666 0.08282   2246      27119.6 0.0211
0  1  26.1 0.02690 0.02686 0.09128   2232      24452.0 0.0212
0  1  26.1 0.02710 0.02715 0.10858   2250      20722.2 0.0211
0  1  26.1 0.02730 0.02734 0.12393   2308      18623.1 0.0208
0  1  26.1 0.02750 0.02754 0.12793   2276      17790.3 0.0210
0  1  26.1 0.02770 0.02773 0.13728   2294      16709.8 0.0209
0  1  26.1 0.02790 0.02793 0.14107   2250      15949.7 0.0211
0  1  26.1 0.02810 0.02813 0.15187   2224      14644.4 0.0212
0  1  26.1 0.02830 0.02832 0.15938   2274      14267.8 0.0210
0  1  26.1 0.02850 0.02852 0.15938   2248      14104.7 0.0211
0  1  26.1 0.02870 0.02871 0.17011   2308      13567.9 0.0208
0  1  26.1 0.02890 0.02891 0.17011   2224      13074.1 0.0212
0  1  26.1 0.02910 0.02910 0.17982   2292      12746.2 0.0209
0  1  26.1 0.02930 0.02930 0.17982   2266      12601.6 0.0210
0  1  26.1 0.02950 0.02949 0.19321   2308      11945.6 0.0208
0  1  26.1 0.02970 0.02969 0.19321   2226      11521.2 0.0212
0  1  26.1 0.02990 0.02988 0.19321   2240      11593.6 0.0211
0  1  26.1 0.03010 0.03008 0.21815   2316      10616.7 0.0208
0  1  26.1 0.03030 0.03027 0.21815   2242      10277.5 0.0211
0  1  26.1 0.03050 0.03047 0.23334   2284       9788.3 0.0209
0  1  26.1 0.03070 0.03066 0.23697   2298       9697.6 0.0209
0  1  26.1 0.03090 0.03086 0.24536   2222       9056.2 0.0212
0  1  26.1 0.03110 0.03105 0.26305   2332       8865.3 0.0207
0  1  26.1 0.03130 0.03135 0.26305   2258       8584.0 0.0210
0  1  26.1 0.03150 0.03154 0.28112   2256       8025.2 0.0211
0  1  26.1 0.03170 0.03174 0.29430   2232       7584.2 0.0212
0  1  26.1 0.03190 0.03193 0.31260   2246       7184.8 0.0211
0  1  26.1 0.03210 0.03213 0.32777   2256       6882.9 0.0211
0  1  26.1 0.03230 0.03232 0.35736   2224       6223.4 0.0212
0  1  26.1 0.03250 0.03252 0.36933   2252       6097.6 0.0211
0  1  26.1 0.03270 0.03271 0.39190   2244       5725.9 0.0211
0  1  26.1 0.03290 0.03291 0.41329   2238       5415.0 0.0211
0  1  26.1 0.03310 0.03311 0.45204   2254       4986.3 0.0211
0  1  26.1 0.03330 0.03330 0.49626   2286       4606.5 0.0209
0  1  26.1 0.03350 0.03350 0.52112   2364       4536.4 0.0206
0  1  26.0 0.03370 0.03369 0.57901   2402       4148.4 0.0204
0  1  26.0 0.03390 0.03389 0.62576   2222       3550.9 0.0212
0  1  26.0 0.03410 0.03408 0.67959   2228       3278.4 0.0212
0  1  26.0 0.03430 0.03428 0.76189   2316       3039.8 0.0208
0  1  26.0 0.03450 0.03447 0.83658   2296       2744.5 0.0209
0  1  26.0 0.03470 0.03467 0.94289   2312       2452.0 0.0208
0  1  26.0 0.03490 0.03486 1.03163   2222       2153.9 0.0212
0  1  26.0 0.03510 0.03506 1.15194   2318       2012.3 0.0208
0  1  26.0 0.03530 0.03525 1.21000   2070       1710.7 0.0220
0  1  26.0 0.03550 0.03555 1.21000   1892       1563.6 0.0230
0  1  26.0 0.03570 0.03574 1.21000   1788       1477.7 0.0236
0  1  26.0 0.03590 0.03594 1.21000   1704       1408.3 0.0242
0  1  26.0 0.03610 0.03613 1.21000   1630       1347.1 0.0248
0  1  26.0 0.03630 0.03633 1.21000   1502       1241.3 0.0258
0  1  26.0 0.03650 0.03652 1.21000   1428       1180.2 0.0265
0  1  26.0 0.03670 0.03672 1.21000   1412       1166.9 0.0266
0  1  26.0 0.03690 0.03691 1.21000   1460       1206.6 0.0262
0  1  26.0 0.03710 0.03711 1.21000   1328       1097.5 0.0274
0  1  26.0 0.03730 0.03730 1.21000   1286       1062.8 0.0279
0  1  26.0 0.03750 0.03750 1.21000   1172        968.6 0.0292
0  1  26.0 0.03770 0.03770 1.21000   1238       1023.1 0.0284
0  1  26.0 0.03790 0.03789 1.21000   1130        933.9 0.0297
0  1  26.0 0.03810 0.03809 1.21000   1166        963.6 0.0293
0  1  26.0 0.03830 0.03828 1.21000   1050        867.8 0.0309
0  1  26.0 0.03850 0.03848 1.21000   1094        904.1 0.0302
0  1  26.0 0.03870 0.03867 1.21000   1048        866.1 0.0309
0  1  26.0 0.03890 0.03887 1.21000    962        795.0 0.0322
0  1  26.0 0.03910 0.03906 1.21000    950        785.1 0.0324
0  1  26.0 0.03930 0.03926 1.21000    936        773.6 0.0327
0  1  26.0 0.03950 0.03945 1.21000    916        757.0 0.0330
0  1  26.0 0.03970 0.03975 1.21000    896        740.5 0.0334
0  1  26.0 0.03990 0.03994 1.21000    824        681.0 0.0348
0  2  26.0 0.00010 0.00010 1.21000      8          6.6 0.3536
0  2  26.0 0.00030 0.00029 1.21000     18         14.9 0.2357
0  2  26.0 0.00050 0.00049 1.21000     20         16.5 0.2236
0  2  26.0 0.00070 0.00068 1.21000     22         18.2 0.2132
0  2  26.0 0.00090 0.00088 1.21000     16         13.2 0.2500
0  2  26.0 0.00110 0.00107 1.21000     18         14.9 0.2357
0  2  26.0 0.00130 0.00127 1.21000     20         16.5 0.2236
0  2  26.0 0.00150 0.00146 1.21000     22         18.2 0.2132
0  2  26.0 0.00170 0.00166 1.21000     20         16.5 0.2236
0  2  26.0 0.00190 0.00186 1.21000     26         21.5 0.1961
0  2  26.0 0.00210 0.00215 1.21000     32         26.4 0.1768
0  2  26.0 0.00230 0.00234 1.21000     26         21.5 0.1961
0  2  26.0 0.00250 0.00254 1.21000     38         31.4 0.1622
0  2  26.0 0.00270 0.00273 1.21000     38         31.4 0.1622
0  2  26.0 0.00290 0.00293 1.21000     54         44.6 0.1361
0  2  26.0 0.00310 0.00313 1.21000     46         38.0 0.1474
0  2  26.0 0.00330 0.00332 1.21000     90         74.4 0.1054
0  2  26.0 0.00350 0.00352 1.21000    136        112.4 0.0857
0  2  26.0 0.00370 0.00371 1.21000    306        252.9 0.0572
0  2  26.0 0.00390 0.00391 1.21000    694        573.6 0.0380
0  2  26.0 0.00410 0.00410 1.21000   1844       1524.0 0.0233
0  2  26.0 0.00430 0.00430 1.21000   4248       3510.7 0.0153
0  2  26.0 0.00450 0.00449 1.21000   9988       8254.5 0.0100
0  2  26.0 0.00470 0.00469 1.21000  21780      18000.0 0.0068
0  2  26.0 0.00490 0.00488 1.21000  47334      39119.0 0.0046
0  2  26.0 0.00510 0.00508 0.70588  72060     102085.7 0.0037
0  2  26.0 0.00530 0.00527 0.34858  72354     207568.2 0.0037
0  2  26.0 0.00550 0.00547 0.19148  76228     398092.1 0.0036
0  2  26.0 0.00570 0.00566 0.10519  74688     710052.8 0.0037
0  2  26.0 0.00590 0.00586 0.06062  71750    1183613.4 0.0037
0  2  26.0 0.00610 0.00605 0.04060  71378    1758005.4 0.0037
0  2  26.0 0.00630 0.00635 0.02676  71520    2672835.9 0.0037
0  2  26.0 0.00650 0.00654 0.02240  72432    3233715.6 0.0037
0  2  25.9 0.00670 0.00674 0.01966  71950    3660476.6 0.0037
0  2  25.9 0.00690 0.00693 0.01966  77830    3959623.3 0.0036
0  2  25.9 0.00710 0.00713 0.01728  71636    4144810.9 0.0037
0  2  25.9 0.00730 0.00732 0.01728  73986    4280780.3 0.0037
0  2  25.9 0.00750 0.00752 0.01728  75630    4375901.1 0.0036
0  2  25.9 0.00770 0.00771 0.01728  76644    4434570.4 0.0036
0  2  25.9 0.00790 0.00791 0.01728  77360    4475997.7 0.0036
0  2  25.9 0.00810 0.00811 0.01728  77862    4505043.1 0.0036
0  2  25.9 0.00830 0.00830 0.01728  78214    4525409.6 0.0036
0  2  25.9 0.00850 0.00850 0.01728  78408    4536634.3 0.0036
0  2  25.9 0.00870 0.00869 0.01728  78532    4543808.8 0.0036
0  2  25.9 0.00890 0.00889 0.01728  78574    4546238.9 0.0036
0  2  25.9 0.00910 0.00908 0.01728  78500    4541957.4 0.0036
0  2  25.9 0.00930 0.00928 0.01728  78334    4532352.7 0.0036
0  2  25.9 0.00950 0.00947 0.01728  78020    4514184.9 0.0036
0  2  25.9 0.00970 0.00967 0.01728  77570    4488148.2 0.0036
0  2  25.9 0.00990 0.00986 0.01728  76836    4445679.4 0.0036
0  2  25.9 0.01010 0.01006 0.01728  75792    4385274.3 0.0036
0  2  25.9 0.01030 0.01025 0.01728  74180    4292005.0 0.0037
0  2  25.9 0.01050 0.01055 0.01728  70170    4059989.1 0.0038
0  2  25.9 0.01070 0.01074 0.01728  66036    3820798.7 0.0039
0  2  25.9 0.01090 0.01094 0.01728  60642    3508705.4 0.0041
0  2  25.9 0.01110 0.01113 0.01728  53734    3109013.2 0.0043
0  2  25.9 0.01130 0.01133 0.01728  45284    2620101.9 0.0047
0  2  25.9 0.01150 0.01152 0.01728  38014    2199464.5 0.0051
0  2  25.9 0.01170 0.01172 0.01728  31658    1831710.6 0.0056
0  2  25.9 0.01190 0.01191 0.01728  27344    1582105.5 0.0060
0  2  25.9 0.01210 0.01211 0.01728  24708    1429588.3 0.0064
0  2  25.9 0.01230 0.01230 0.01728  23274    1346618.0 0.0066
0  2  25.9 0.01250 0.01250 0.01728  22436    1298131.9 0.0067
0  2  25.9 0.01270 0.01270 0.01728  22060    1276376.8 0.0067
0  2  25.9 0.01290 0.01289 0.01728  21756    1258787.6 0.0068
0  2  25.9 0.01310 0.01309 0.01728  21756    1258787.6 0.0068
0  2  25.9 0.01330 0.01328 0.01728  21610    1250340.1 0.0068
0  2  25.9 0.01350 0.01348 0.01728  21650    1252654.5 0.0068
0  2  25.9 0.01370 0.01367 0.01728  21548    1246752.8 0.0068
0  2  25.9 0.01390 0.01387 0.01728  21496    1243744.1 0.0068
0  2  25.9 0.01410 0.01406 0.01728  21720    1256704.6 0.0068
0  2  25.9 0.01430 0.01426 0.01728  21806    1261680.5 0.0068
0  2  25.9 0.01450 0.01445 0.01728  21664    1253464.5 0.0068
0  2  25.9 0.01470 0.01475 0.01728  21414    1238999.7 0.0068
0  2  25.9 0.01490 0.01494 0.01728  21568    1247910.0 0.0068
0  2  25.9 0.01510 0.01514 0.01728  21616    1250687.3 0.0068
0  2  25.9 0.01530 0.01533 0.01728  21756    1258787.6 0.0068
0  2  25.9 0.01550 0.01553 0.01728  21328    1234023.8 0.0068
0  2  25.9 0.01570 0.01572 0.01728  21420    1239346.8 0.0068
0  2  25.9 0.01590 0.01592 0.01728  21464    1241892.6 0.0068
0  2  25.9 0.01610 0.01611 0.01728  21500    1243975.6 0.0068
0  2  25.9 0.01630 0.01631 0.01728  20974    1213541.6 0.0069
0  2  25.9 0.01650 0.01650 0.01728  20932    1211111.5 0.0069
0  2  25.9 0.01670 0.01670 0.01728  20752    1200696.8 0.0069
0  2  25.9 0.01690 0.01689 0.01728  20208    1169221.3 0.0070
0  2  25.9 0.01710 0.01709 0.01728  19108    1105576.1 0.0072
0  2  25.9 0.01730 0.01729 0.01728  18032    1043319.4 0.0074
0  2  25.9 0.01750 0.01748 0.01728  16952     980831.4 0.0077
0  2  25.9 0.01770 0.01768 0.01728  15632     904457.0 0.0080
0  2  25.9 0.01790 0.01787 0.01728  14024     811419.2 0.0084
0  2  25.9 0.01810 0.01807 0.01728  12172     704263.8 0.0091
0  2  25.9 0.01830 0.01826 0.01728  10884     629740.9 0.0096
0  2  25.9 0.01850 0.01846 0.01728   9252     535314.5 0.0104
0  2  25.9 0.01870 0.01865 0.01728   8114     469470.6 0.0111
0  2  25.9 0.01890 0.01895 0.01728   6604     382103.0 0.0123
0  2  25.9 0.01910 0.01914 0.01728   5580     322855.1 0.0134
0  2  25.9 0.01930 0.01934 0.01728   5088     294388.3 0.0140
0  2  25.9 0.01950 0.01953 0.01728   4676     270550.2 0.0146
0  2  25.9 0.01970 0.01973 0.01728   4410     255159.6 0.0151
0  2  25.9 0.01990 0.01992 0.01728   4188     242314.9 0.0155
0  2  25.9 0.02010 0.02012 0.01728   4006     231784.5 0.0158
0  2  25.9 0.02030 0.02031 0.01728   3890     225072.8 0.0160
0  2  25.9 0.02050 0.02051 0.01728   3658     211649.4 0.0165
0  2  25.9 0.02070 0.02070 0.01728   3552     205516.3 0.0168
0  2  25.9 0.02090 0.02090 0.01728   3636     210376.5 0.0166
0  2  25.9 0.02110 0.02109 0.01728   3422     197994.6 0.0171
0  2  25.9 0.02130 0.02129 0.01728   3370     194985.9 0.0172
0  2  25.9 0.02150 0.02148 0.01728   3236     187232.8 0.0176
0  2  25.9 0.02170 0.02168 0.01728   3254     188274.3 0.0175
0  2  25.9 0.02190 0.02188 0.01728   3152     182372.6 0.0178
0  2  25.9 0.02210 0.02207 0.01728   3008     174040.9 0.0182
0  2  25.9 0.02230 0.02227 0.01728   2974     172073.6 0.0183
0  2  25.9 0.02250 0.02246 0.01728   2832     163857.6 0.0188
0  2  25.9 0.02270 0.02266 0.01728   2840     164320.5 0.0188
0  2  25.9 0.02290 0.02285 0.01728   2768     160154.6 0.0190
0  2  25.9 0.02310 0.02314 0.01728   2648     153211.5 0.0194
0  2  25.9 0.02330 0.02334 0.01728   2530     146384.1 0.0199
0  2  25.9 0.02350 0.02354 0.01728   2554     147772.7 0.0198
0  2  25.9 0.02370 0.02373 0.01728   2484     143722.6 0.0201
0  2  25.9 0.02390 0.02393 0.01728   2300     133076.5 0.0209
0  2  25.9 0.02410 0.02412 0.01728   2234     129257.7 0.0212
0  2  25.9 0.02430 0.02432 0.01837   2318     126211.4 0.0208
0  2  25.9 0.02450 0.02451 0.01924   2234     116100.1 0.0212
0  2  25.9 0.02470 0.02471 0.01926   2222     115372.5 0.0212
0  2  25.9 0.02490 0.02490 0.02188   2298     105034.8 0.0209
0  2  25.9 0.02510 0.02510 0.02188   2232     102018.1 0.0212
0  2  25.9 0.02530 0.02529 0.02367   2238      94543.8 0.0211
0  2  25.9 0.02550 0.02549 0.02548   2300      90254.0 0.0209
0  2  25.9 0.02570 0.02568 0.02741   2300      83917.5 0.0209
0  2  25.9 0.02590 0.02588 0.02977   2286      76800.2 0.0209
0  2  25.9 0.02610 0.02607 0.03196   2250      70396.3 0.0211
0  2  25.9 0.02630 0.02627 0.03583   2304      64299.8 0.0208
0  2  25.9 0.02650 0.02646 0.03926   2312      58889.6 0.0208
0  2  25.9 0.02670 0.02666 0.04313   2252      52213.0 0.0211
0  2  25.9 0.02690 0.02686 0.04752   2252      47393.2 0.0211
0  2  25.9 0.02710 0.02715 0.05743   2290      39872.5 0.0209
0  2  25.9 0.02730 0.02734 0.06586   2322      35257.2 0.0208
0  2  25.9 0.02750 0.02754 0.07196   2252      31297.2 0.0211
0  2  25.9 0.02770 0.02773 0.08075   2348      29077.5 0.0206
0  2  25.9 0.02790 0.02793 0.08384   2284      27241.1 0.0209
0  2  25.9 0.02810 0.02813 0.08991   2240      24912.8 0.0211
0  2  25.9 0.02830 0.02832 0.09670   2362      24425.3 0.0206
0  2  25.9 0.02850 0.02852 0.10253   2268      22120.7 0.0210
0  2  25.9 0.02870 0.02871 0.10557   2324      22014.1 0.0207
0  2  25.9 0.02890 0.02891 0.11341   2230      19663.3 0.0212
0  2  25.9 0.02910 0.02910 0.11634   2332      20044.5 0.0207
0  2  25.9 0.02930 0.02930 0.11634   2266      19477.2 0.0210
0  2  25.8 0.02950 0.02949 0.12537   2286      18234.2 0.0209
0  2  25.8 0.02970 0.02969 0.12825   2280      17777.1 0.0209
0  2  25.8 0.02990 0.02988 0.12825   2240      17465.2 0.0211
0  2  25.8 0.03010 0.03008 0.14585   2418      16579.2 0.0203
0  2  25.8 0.03030 0.03027 0.14585   2314      15866.1 0.0208
0  2  25.8 0.03050 0.03047 0.14585   2248      15413.6 0.0211
0  2  25.8 0.03070 0.03066 0.15671   2260      14421.9 0.0210
0  2  25.8 0.03090 0.03086 0.15756   2280      14470.9 0.0209
0  2  25.8 0.03110 0.03105 0.16314   2236      13706.3 0.0211
0  2  25.8 0.03130 0.03135 0.17484   2236      12788.8 0.0211
0  2  25.8 0.03150 0.03154 0.17804   2286      12840.1 0.0209
0  2  25.8 0.03170 0.03174 0.19241   2280      11849.7 0.0209
0  2  25.8 0.03190 0.03193 0.19904   2312      11615.8 0.0208
0  2  25.8 0.03210 0.03213 0.21583   2312      10712.1 0.0208
0  2  25.8 0.03230 0.03232 0.21583   2224      10304.4 0.0212
0  2  25.8 0.03250 0.03252 0.22815   2294      10054.7 0.0209
0  2  25.8 0.03270 0.03271 0.23689   2244       9472.6 0.0211
0  2  25.8 0.03290 0.03291 0.25828   2320       8982.5 0.0208
0  2  25.8 0.03310 0.03311 0.25828   2254       8727.0 0.0211
0  2  25.8 0.03330 0.03330 0.28542   2272       7960.2 0.0210
0  2  25.8 0.03350 0.03350 0.30461   2254       7399.6 0.0211
0  2  25.8 0.03370 0.03369 0.32327   2300       7114.8 0.0209
0  2  25.8 0.03390 0.03389 0.32327   2230       6898.2 0.0212
0  2  25.8 0.03410 0.03408 0.35350   2262       6398.9 0.0210
0  2  25.8 0.03430 0.03428 0.38402   2240       5833.0 0.0211
0  2  25.8 0.03450 0.03447 0.42117   2292       5441.9 0.0209
0  2  25.8 0.03470 0.03467 0.45190   2302       5094.1 0.0208
0  2  25.8 0.03490 0.03486 0.50258   2402       4779.4 0.0204
0  2  25.8 0.03510 0.03506 0.54053   2336       4321.7 0.0207
0  2  25.8 0.03530 0.03525 0.58078   2302       3963.6 0.0208
0  2  25.8 0.03550 0.03555 0.65684   2230       3395.0 0.0212
0  2  25.8 0.03570 0.03574 0.70830   2228       3145.5 0.0212
0  2  25.8 0.03590 0.03594 0.75160   2230       2967.0 0.0212
0  2  25.8 0.03610 0.03613 0.85556   2388       2791.1 0.0205
0  2  25.8 0.03630 0.03633 0.90873   2296       2526.6 0.0209
0  2  25.8 0.03650 0.03652 0.95726   2312       2415.2 0.0208
0  2  25.8 0.03670 0.03672 1.03254   2244       2173.3 0.0211
0  2  25.8 0.03690 0.03691 1.04382   2266       2170.9 0.0210
0  2  25.8 0.03710 0.03711 1.14030   2352       2062.6 0.0206
0  2  25.8 0.03730 0.03730 1.14030   2222       1948.6 0.0212
0  2  25.8 0.03750 0.03750 1.21000   2094       1730.6 0.0219
0  2  25.8 0.03770 0.03770 1.21000   2104       1738.8 0.0218
0  2  25.8 0.03790 0.03789 1.21000   2042       1687.6 0.0221
0  2  25.8 0.03810 0.03809 1.21000   1854       1532.2 0.0232
0  2  25.7 0.03830 0.03828 1.21000   1800       1487.6 0.0236
0  2  25.7 0.03850 0.03848 1.21000   1786       1476.0 0.0237
0  2  25.7 0.03870 0.03867 1.21000   1696       1401.7 0.0243
0  2  25.7 0.03890 0.03887 1.21000   1640       1355.4 0.0247
0  2  25.7 0.03910 0.03906 1.21000   1564       1292.6 0.0253
0  2  25.7 0.03930 0.03926 1.21000   1580       1305.8 0.0252
0  2  25.7 0.03950 0.03945 1.21000   1452       1200.0 0.0262
0  2  25.7 0.03970 0.03975 1.21000   1410       1165.3 0.0266
0  2  25.7 0.03990 0.03994 1.21000   1308       1081.0 0.0277
0  3  25.7 0.00010 0.00010 1.21000     34         28.1 0.1715
0  3  25.7 0.00030 0.00029 1.21000     56         46.3 0.1336
0  3  25.7 0.00050 0.00049 1.21000     38         31.4 0.1622
0  3  25.7 0.00070 0.00068 1.21000     44         36.4 0.1508
0  3  25.7 0.00090 0.00088 1.21000     58         47.9 0.1313
0  3  25.7 0.00110 0.00107 1.21000     56         46.3 0.1336
0  3  25.7 0.00130 0.00127 1.21000     50         41.3 0.1414
0  3  25.7 0.00150 0.00146 1.21000     76         62.8 0.1147
0  3  25.7 0.00170 0.00166 1.21000     64         52.9 0.1250
0  3  25.7 0.00190 0.00186 1.21000     56         46.3 0.1336
0  3  25.7 0.00210 0.00215 1.21000     66         54.5 0.1231
0  3  25.7 0.00230 0.00234 1.21000     54         44.6 0.1361
0  3  25.7 0.00250 0.00254 1.21000     74         61.2 0.1162
0  3  25.7 0.00270 0.00273 1.21000     84         69.4 0.1091
0  3  25.7 0.00290 0.00293 1.21000     84         69.4 0.1091
0  3  25.7 0.00310 0.00313 1.21000    110         90.9 0.0953
0  3  25.7 0.00330 0.00332 1.21000    148        122.3 0.0822
0  3  25.7 0.00350 0.00352 1.21000    206        170.2 0.0697
0  3  25.7 0.00370 0.00371 1.21000    440        363.6 0.0477
0  3  25.7 0.00390 0.00391 1.21000   1062        877.7 0.0307
0  3  25.7 0.00410 0.00410 1.21000   2380       1966.9 0.0205
0  3  25.7 0.00430 0.00430 1.21000   5732       4737.2 0.0132
0  3  25.7 0.00450 0.00449 1.21000  13194      10904.1 0.0087
0  3  25.7 0.00470 0.00469 1.21000  28384      23457.9 0.0059
0  3  25.7 0.00490 0.00488 1.21000  59964      49557.0 0.0041
0  3  25.7 0.00510 0.00508 0.55832  73046     130831.0 0.0037
0  3  25.7 0.00530 0.00527 0.30670  78664     256484.4 0.0036
0  3  25.7 0.00550 0.00547 0.14732  72170     489869.4 0.0037
0  3  25.7 0.00570 0.00566 0.08516  72102     846675.5 0.0037
0  3  25.7 0.00590 0.00586 0.05278  72798    1379274.3 0.0037
0  3  25.7 0.00610 0.00605 0.03638  72510    1992951.5 0.0037
0  3  25.7 0.00630 0.00635 0.02487  71762    2885391.2 0.0037
0  3  25.7 0.00650 0.00654 0.02122  72430    3413399.6 0.0037
0  3  25.7 0.00670 0.00674 0.01891  71316    3770650.1 0.0037
0  3  25.7 0.00690 0.00693 0.01891  76296    4033954.7 0.0036
0  3  25.7 0.00710 0.00713 0.01891  79706    4214249.7 0.0035
0  3  25.7 0.00730 0.00732 0.01661  72002    4334390.5 0.0037
0  3  25.7 0.00750 0.00752 0.01661  73310    4413129.8 0.0037
0  3  25.6 0.00770 0.00771 0.01661  74192    4466224.6 0.0037
0  3  25.6 0.00790 0.00791 0.01661  74770    4501019.1 0.0037
0  3  25.6 0.00810 0.00811 0.01661  75168    4524978.0 0.0036
0  3  25.6 0.00830 0.00830 0.01661  75460    4542555.9 0.0036
0  3  25.6 0.00850 0.00850 0.01661  75614    4551826.4 0.0036
0  3  25.6 0.00870 0.00869 0.01661  75688    4556281.1 0.0036
0  3  25.6 0.00890 0.00889 0.01661  75674    4555438.3 0.0036
0  3  25.6 0.00910 0.00908 0.01661  75558    4548455.3 0.0036
0  3  25.6 0.00930 0.00928 0.01661  75352    4536054.5 0.0036
0  3  25.6 0.00950 0.00947 0.01661  74992    4514383.1 0.0037
0  3  25.6 0.00970 0.00967 0.01661  74458    4482237.3 0.0037
0  3  25.6 0.00990 0.00986 0.01661  73628    4432272.8 0.0037
0  3  25.6 0.01010 0.01006 0.01661  72450    4361359.3 0.0037
0  3  25.6 0.01030 0.01025 0.01661  70554    4247223.5 0.0038
0  3  25.6 0.01050 0.01055 0.01661  66094    3978739.6 0.0039
0  3  25.6 0.01070 0.01074 0.01661  61524    3703633.8 0.0040
0  3  25.6 0.01090 0.01094 0.01661  55334    3331007.0 0.0043
0  3  25.6 0.01110 0.01113 0.01661  47714    2872296.7 0.0046
0  3  25.6 0.01130 0.01133 0.01661  39058    2351221.2 0.0051
0  3  25.6 0.01150 0.01152 0.01661  31482    1895159.6 0.0056
0  3  25.6 0.01170 0.01172 0.01661  25808    1553595.0 0.0062
0  3  25.6 0.01190 0.01191 0.01661  21510    1294863.2 0.0068
0  3  25.6 0.01210 0.01211 0.01661  19174    1154240.2 0.0072
0  3  25.6 0.01230 0.01230 0.01661  18236    1097774.3 0.0074
0  3  25.6 0.01250 0.01250 0.01661  17332    1043355.1 0.0076
0  3  25.6 0.01270 0.01270 0.01661  17062    1027101.6 0.0077
0  3  25.6 0.01290 0.01289 0.01661  16638    1001577.6 0.0078
0  3  25.6 0.01310 0.01309 0.01661  16686    1004467.1 0.0077
0  3  25.6 0.01330 0.01328 0.01661  16660    1002902.0 0.0077
0  3  25.6 0.01350 0.01348 0.01661  16670    1003503.9 0.0077
0  3  25.6 0.01370 0.01367 0.01661  16582     998206.5 0.0078
0  3  25.6 0.01390 0.01387 0.01661  16762    1009042.2 0.0077
0  3  25.6 0.01410 0.01406 0.01661  16702    1005430.3 0.0077
0  3  25.6 0.01430 0.01426 0.01661  16522     994594.6 0.0078
0  3  25.6 0.01450 0.01445 0.01661  16398     987130.0 0.0078
0  3  25.6 0.01470 0.01475 0.01661  16678    1003985.5 0.0077
0  3  25.6 0.01490 0.01494 0.01661  16564     997122.9 0.0078
0  3  25.6 0.01510 0.01514 0.01661  16480     992066.3 0.0078
0  3  25.6 0.01530 0.01533 0.01661  16360     984842.5 0.0078
0  3  25.6 0.01550 0.01553 0.01661  16500     993270.2 0.0078
0  3  25.6 0.01570 0.01572 0.01661  16434     989297.2 0.0078
0  3  25.6 0.01590 0.01592 0.01661  16182     974127.2 0.0079
0  3  25.6 0.01610 0.01611 0.01661  15612     939814.2 0.0080
0  3  25.6 0.01630 0.01631 0.01661  15382     925968.7 0.0081
0  3  25.6 0.01650 0.01650 0.01661  14434     868900.8 0.0083
0  3  25.6 0.01670 0.01670 0.01661  13588     817973.1 0.0086
0  3  25.6 0.01690 0.01689 0.01661  12434     748504.4 0.0090
0  3  25.6 0.01710 0.01709 0.01661  10894     655799.2 0.0096
0  3  25.6 0.01730 0.01729 0.01661   9682     582838.9 0.0102
0  3  25.6 0.01750 0.01748 0.01661   8548     514574.2 0.0108
0  3  25.6 0.01770 0.01768 0.01661   6978     420063.0 0.0120
0  3  25.6 0.01790 0.01787 0.01661   5856     352520.6 0.0131
0  3  25.6 0.01810 0.01807 0.01661   4792     288469.8 0.0144
0  3  25.6 0.01830 0.01826 0.01661   4082     245729.0 0.0157
0  3  25.6 0.01850 0.01846 0.01661   3318     199737.6 0.0174
0  3  25.6 0.01870 0.01865 0.01661   2908     175056.4 0.0185
0  3  25.6 0.01890 0.01895 0.01661   2366     142428.9 0.0206
0  3  25.6 0.01910 0.01914 0.01661   2294     138094.7 0.0209
0  3  25.6 0.01930 0.01934 0.01763   2222     126055.0 0.0212
0  3  25.6 0.01950 0.01953 0.01968   2390     121426.3 0.0205
0  3  25.6 0.01970 0.01973 0.02019   2258     111828.7 0.0210
0  3  25.6 0.01990 0.01992 0.02019   2260     111927.7 0.0210
0  3  25.6 0.02010 0.02012 0.02084   2246     107755.0 0.0211
0  3  25.6 0.02030 0.02031 0.02128   2254     105909.0 0.0211
0  3  25.6 0.02050 0.02051 0.02167   2268     104648.5 0.0210
0  3  25.6 0.02070 0.02070 0.02302   2302     100002.9 0.0208
0  3  25.6 0.02090 0.02090 0.02302   2310     100350.5 0.0208
0  3  25.6 0.02110 0.02109 0.02304   2282      99044.9 0.0209
0  3  25.6 0.02130 0.02129 0.02304   2294      99565.7 0.0209
0  3  25.6 0.02150 0.02148 0.02377   2236      94078.4 0.0211
0  3  25.6 0.02170 0.02168 0.02486   2372      95398.8 0.0205
0  3  25.6 0.02190 0.02188 0.02486   2226      89526.9 0.0212
0  3  25.6 0.02210 0.02207 0.02486   2246      90331.3 0.0211
0  3  25.6 0.02230 0.02227 0.02651   2292      86456.3 0.0209
0  3  25.6 0.02250 0.02246 0.02730   2298      84185.9 0.0209
0  3  25.6 0.02270 0.02266 0.02730   2230      81694.8 0.0212
0  3  25.6 0.02290 0.02285 0.03012   2284      75823.2 0.0209
0  3  25.6 0.02310 0.02314 0.03012   2270      75358.5 0.0210
0  3  25.6 0.02330 0.02334 0.03229   2268      70238.6 0.0210
0  3  25.6 0.02350 0.02354 0.03303   2228      67447.1 0.0212
0  3  25.6 0.02370 0.02373 0.03512   2270      64636.3 0.0210
0  3  25.6 0.02390 0.02393 0.03788   2298      60663.0 0.0209
0  3  25.6 0.02410 0.02412 0.04027   2296      57009.6 0.0209
0  3  25.6 0.02430 0.02432 0.04233   2250      53152.0 0.0211
0  3  25.6 0.02450 0.02451 0.04633   2344      50593.2 0.0207
0  3  25.6 0.02470 0.02471 0.05290   2302      43516.9 0.0208
0  3  25.6 0.02490 0.02490 0.05717   2236      39111.4 0.0211
0  3  25.6 0.02510 0.02510 0.06563   2312      35226.2 0.0208
0  3  25.6 0.02530 0.02529 0.07456   2300      30848.3 0.0209
0  3  25.6 0.02550 0.02549 0.08580   2314      26970.3 0.0208
0  3  25.6 0.02570 0.02568 0.09919   2278      22966.0 0.0210
0  3  25.6 0.02590 0.02588 0.11742   2308      19655.9 0.0208
0  3  25.6 0.02610 0.02607 0.13007   2252      17314.0 0.0211
0  3  25.6 0.02630 0.02627 0.16063   2330      14505.2 0.0207
0  3  25.6 0.02650 0.02646 0.16996   2252      13249.8 0.0211
0  3  25.6 0.02670 0.02666 0.19527   2366      12116.3 0.0206
0  3  25.6 0.02690 0.02686 0.21231   2322      10936.9 0.0208
0  3  25.6 0.02710 0.02715 0.22856   2246       9826.7 0.0211
0  3  25.6 0.02730 0.02734 0.24474   2230       9111.9 0.0212
0  3  25.6 0.02750 0.02754 0.25411   2284       8988.1 0.0209
0  3  25.6 0.02770 0.02773 0.26659   2228       8357.4 0.0212
0  3  25.6 0.02790 0.02793 0.27797   2244       8072.9 0.0211
0  3  25.6 0.02810 0.02813 0.28229   2222       7871.4 0.0212
0  3  25.6 0.02830 0.02832 0.29717   2266       7625.2 0.0210
0  3  25.6 0.02850 0.02852 0.30741   2336       7598.9 0.0207
0  3  25.6 0.02870 0.02871 0.31077   2232       7182.2 0.0212
0  3  25.6 0.02890 0.02891 0.31939   2314       7245.0 0.0208
0  3  25.6 0.02910 0.02910 0.34153   2278       6670.1 0.0210
0  3  25.6 0.02930 0.02930 0.34153   2286       6693.5 0.0209
0  3  25.6 0.02950 0.02949 0.35695   2248       6297.8 0.0211
0  3  25.6 0.02970 0.02969 0.37589   2308       6140.0 0.0208
0  3  25.6 0.02990 0.02988 0.37589   2238       5953.8 0.0211
0  3  25.6 0.03010 0.03008 0.40301   2330       5781.5 0.0207
0  3  25.6 0.03030 0.03027 0.42081   2374       5641.5 0.0205
0  3  25.6 0.03050 0.03047 0.42502   2240       5270.4 0.0211
0  3  25.6 0.03070 0.03066 0.45316   2244       4951.9 0.0211
0  3  25.6 0.03090 0.03086 0.47318   2276       4810.0 0.0210
0  3  25.6 0.03110 0.03105 0.50119   2284       4557.1 0.0209
0  3  25.6 0.03130 0.03135 0.52333   2236       4272.6 0.0211
0  3  25.6 0.03150 0.03154 0.54645   2286       4183.4 0.0209
0  3  25.6 0.03170 0.03174 0.60441   2344       3878.2 0.0207
0  3  25.6 0.03190 0.03193 0.60441   2272       3759.0 0.0210
0  3  25.6 0.03210 0.03213 0.67821   2316       3414.9 0.0208
0  3  25.6 0.03230 0.03232 0.71967   2242       3115.3 0.0211
0  3  25.6 0.03250 0.03252 0.80744   2260       2799.0 0.0210
0  3  25.6 0.03270 0.03271 0.83062   2232       2687.2 0.0212
0  3  25.6 0.03290 0.03291 0.96034   2322       2417.9 0.0208
0  3  25.6 0.03310 0.03311 1.09542   2310       2108.8 0.0208
0  3  25.6 0.03330 0.03330 1.18992   2330       1958.1 0.0207
0  3  25.6 0.03350 0.03350 1.21000   2038       1684.3 0.0222
0  3  25.6 0.03370 0.03369 1.21000   1864       1540.5 0.0232
0  3  25.6 0.03390 0.03389 1.21000   1710       1413.2 0.0242
0  3  25.6 0.03410 0.03408 1.21000   1508       1246.3 0.0258
0  3  25.6 0.03430 0.03428 1.21000   1442       1191.7 0.0263
0  3  25.6 0.03450 0.03447 1.21000   1408       1163.6 0.0267
0  3  25.6 0.03470 0.03467 1.21000   1236       1021.5 0.0284
0  3  25.6 0.03490 0.03486 1.21000   1110        917.4 0.0300
0  3  25.6 0.03510 0.03506 1.21000   1064        879.3 0.0307
0  3  25.6 0.03530 0.03525 1.21000   1040        859.5 0.0310
0  3  25.6 0.03550 0.03555 1.21000    918        758.7 0.0330
0  3  25.6 0.03570 0.03574 1.21000    936        773.6 0.0327
0  3  25.6 0.03590 0.03594 1.21000    860        710.7 0.0341
0  3  25.6 0.03610 0.03613 1.21000    882        728.9 0.0337
0  3  25.6 0.03630 0.03633 1.21000    802        662.8 0.0353
0  3  25.6 0.03650 0.03652 1.21000    794        656.2 0.0355
0  3  25.6 0.03670 0.03672 1.21000    814        672.7 0.0350
0  3  25.6 0.03690 0.03691 1.21000    786        649.6 0.0357
0  3  25.6 0.03710 0.03711 1.21000    822        679.3 0.0349
0  3  25.6 0.03730 0.03730 1.21000    734        606.6 0.0369
0  3  25.6 0.03750 0.03750 1.21000    736        608.3 0.0369
0  3  25.6 0.03770 0.03770 1.21000    670        553.7 0.0386
0  3  25.6 0.03790 0.03789 1.21000    700        578.5 0.0378
0  3  25.6 0.03810 0.03809 1.21000    684        565.3 0.0382
0  3  25.6 0.03830 0.03828 1.21000    598        494.2 0.0409
0  3  25.6 0.03850 0.03848 1.21000    604        499.2 0.0407
0  3  25.6 0.03870 0.03867 1.21000    584        482.6 0.0414
0  3  25.6 0.03890 0.03887 1.21000    586        484.3 0.0413
0  3  25.6 0.03910 0.03906 1.21000    538        444.6 0.0431
0  3  25.6 0.03930 0.03926 1.21000    558        461.2 0.0423
0  3  25.6 0.03950 0.03945 1.21000    478        395.0 0.0457
0  3  25.6 0.03970 0.03975 1.21000    500        413.2 0.0447
0  3  25.6 0.03990 0.03994 1.21000    488        403.3 0.0453
