# Scan Time    : Fri, 18 Mar 2022 15:11:57 +0000 (GMT) +119257000 nsec
# Board Lane   : 8
# Board Loc    : BTOF - Northeast
# SiPM Biases  :  56.714  56.788  56.912  56.097
# SiPM Currents:   0.995   1.041   1.180   1.176
#
1 -1  26.1 0.00010 0.00010 1.21000     18         14.9 0.2357
1 -1  26.1 0.00030 0.00029 1.21000     28         23.1 0.1890
1 -1  26.1 0.00050 0.00049 1.21000     20         16.5 0.2236
1 -1  26.1 0.00070 0.00068 1.21000     14         11.6 0.2673
1 -1  26.1 0.00090 0.00088 1.21000     22         18.2 0.2132
1 -1  26.1 0.00110 0.00107 1.21000     22         18.2 0.2132
1 -1  26.1 0.00130 0.00127 1.21000     22         18.2 0.2132
1 -1  26.1 0.00150 0.00146 1.21000     24         19.8 0.2041
1 -1  26.1 0.00170 0.00166 1.21000     30         24.8 0.1826
1 -1  26.1 0.00190 0.00186 1.21000     24         19.8 0.2041
1 -1  26.1 0.00210 0.00215 1.21000     34         28.1 0.1715
1 -1  26.1 0.00230 0.00234 1.21000     40         33.1 0.1581
1 -1  26.1 0.00250 0.00254 1.21000     34         28.1 0.1715
1 -1  26.1 0.00270 0.00273 1.21000     42         34.7 0.1543
1 -1  26.1 0.00290 0.00293 1.21000     44         36.4 0.1508
1 -1  26.1 0.00310 0.00313 1.21000     54         44.6 0.1361
1 -1  26.1 0.00330 0.00332 1.21000     56         46.3 0.1336
1 -1  26.1 0.00350 0.00352 1.21000     60         49.6 0.1291
1 -1  26.1 0.00370 0.00371 1.21000     58         47.9 0.1313
1 -1  26.1 0.00390 0.00391 1.21000     68         56.2 0.1213
1 -1  26.1 0.00410 0.00410 1.21000     68         56.2 0.1213
1 -1  26.1 0.00430 0.00430 1.21000     86         71.1 0.1078
1 -1  26.1 0.00450 0.00449 1.21000     90         74.4 0.1054
1 -1  26.1 0.00470 0.00469 1.21000    162        133.9 0.0786
1 -1  26.1 0.00490 0.00488 1.21000    272        224.8 0.0606
1 -1  26.1 0.00510 0.00508 1.21000    600        495.9 0.0408
1 -1  26.1 0.00530 0.00527 1.21000   1404       1160.3 0.0267
1 -1  26.1 0.00550 0.00547 1.21000   3524       2912.4 0.0168
1 -1  26.1 0.00570 0.00566 1.21000   8276       6839.7 0.0110
1 -1  26.1 0.00590 0.00586 1.21000  19770      16338.8 0.0071
1 -1  26.1 0.00610 0.00605 1.21000  44682      36927.3 0.0047
1 -1  26.1 0.00630 0.00635 0.66468  75640     113798.6 0.0036
1 -1  26.1 0.00650 0.00654 0.30301  72400     238936.1 0.0037
1 -1  26.1 0.00670 0.00674 0.16645  78672     472644.1 0.0036
1 -1  26.1 0.00690 0.00693 0.08067  72288     896045.5 0.0037
1 -1  26.1 0.00710 0.00713 0.04512  70722    1567324.4 0.0038
1 -1  26.1 0.00730 0.00732 0.02726  71240    2612877.1 0.0037
1 -1  26.1 0.00750 0.00752 0.01795  73218    4079532.7 0.0037
1 -1  26.1 0.00770 0.00771 0.01259  71702    5694299.0 0.0037
1 -1  26.1 0.00790 0.00791 0.00977  72308    7404538.3 0.0037
1 -1  26.1 0.00810 0.00811 0.00806  71202    8837640.0 0.0037
1 -1  26.1 0.00830 0.00830 0.00713  73348   10289040.6 0.0037
1 -1  26.1 0.00850 0.00850 0.00640  70838   11064512.5 0.0038
1 -1  26.1 0.00870 0.00869 0.00640  75716   11826429.7 0.0036
1 -1  26.1 0.00890 0.00889 0.00640  79160   12364363.9 0.0036
1 -1  26.1 0.00910 0.00908 0.00564  71350   12652394.8 0.0037
1 -1  26.1 0.00930 0.00928 0.00564  73012   12947114.9 0.0037
1 -1  26.1 0.00950 0.00947 0.00564  74090   13138275.1 0.0037
1 -1  26.1 0.00970 0.00967 0.00564  74908   13283329.9 0.0037
1 -1  26.1 0.00990 0.00986 0.00564  75554   13397884.1 0.0036
1 -1  26.1 0.01010 0.01006 0.00564  75854   13451082.7 0.0036
1 -1  26.1 0.01030 0.01025 0.00564  75862   13452501.3 0.0036
1 -1  26.1 0.01050 0.01055 0.00564  75178   13331208.6 0.0036
1 -1  26.1 0.01070 0.01074 0.00564  74184   13154944.0 0.0037
1 -1  26.1 0.01090 0.01094 0.00564  72998   12944632.3 0.0037
1 -1  26.1 0.01110 0.01113 0.00564  70886   12570114.3 0.0038
1 -1  26.1 0.01130 0.01133 0.00564  67898   12040256.5 0.0038
1 -1  26.1 0.01150 0.01152 0.00564  63730   11301150.9 0.0040
1 -1  26.1 0.01170 0.01172 0.00564  58146   10310948.1 0.0041
1 -1  26.1 0.01190 0.01191 0.00564  51636    9156539.0 0.0044
1 -1  26.1 0.01210 0.01211 0.00564  44852    7953541.8 0.0047
1 -1  26.1 0.01230 0.01230 0.00564  38218    6777144.0 0.0051
1 -1  26.1 0.01250 0.01250 0.00564  33022    5855744.6 0.0055
1 -1  26.1 0.01270 0.01270 0.00564  28928    5129761.4 0.0059
1 -1  26.1 0.01290 0.01289 0.00564  26634    4722969.6 0.0061
1 -1  26.1 0.01310 0.01309 0.00564  25484    4519041.7 0.0063
1 -1  26.1 0.01330 0.01328 0.00564  24452    4336038.6 0.0064
1 -1  26.1 0.01350 0.01348 0.00564  24026    4260496.7 0.0065
1 -1  26.1 0.01370 0.01367 0.00564  23758    4212972.6 0.0065
1 -1  26.1 0.01390 0.01387 0.00564  23664    4196303.7 0.0065
1 -1  26.1 0.01410 0.01406 0.00564  23378    4145587.7 0.0065
1 -1  26.1 0.01430 0.01426 0.00564  23364    4143105.1 0.0065
1 -1  26.1 0.01450 0.01445 0.00564  23272    4126790.9 0.0066
1 -1  26.1 0.01470 0.01475 0.00564  23170    4108703.4 0.0066
1 -1  26.1 0.01490 0.01494 0.00564  23110    4098063.7 0.0066
1 -1  26.1 0.01510 0.01514 0.00564  23250    4122889.7 0.0066
1 -1  26.1 0.01530 0.01533 0.00564  23078    4092389.2 0.0066
1 -1  26.1 0.01550 0.01553 0.00564  23060    4089197.2 0.0066
1 -1  26.1 0.01570 0.01572 0.00564  22952    4070045.8 0.0066
1 -1  26.1 0.01590 0.01592 0.00564  22994    4077493.6 0.0066
1 -1  26.1 0.01610 0.01611 0.00564  22692    4023940.3 0.0066
1 -1  26.1 0.01630 0.01631 0.00564  22588    4005498.1 0.0067
1 -1  26.1 0.01650 0.01650 0.00564  22336    3960811.3 0.0067
1 -1  26.1 0.01670 0.01670 0.00564  22038    3907967.4 0.0067
1 -1  26.2 0.01690 0.01689 0.00564  21500    3812564.6 0.0068
1 -1  26.2 0.01710 0.01709 0.00564  20864    3699783.7 0.0069
1 -1  26.2 0.01730 0.01729 0.00564  20038    3553310.2 0.0071
1 -1  26.2 0.01750 0.01748 0.00564  19070    3381656.2 0.0072
1 -1  26.2 0.01770 0.01768 0.00564  18030    3197234.4 0.0074
1 -1  26.2 0.01790 0.01787 0.00564  16674    2956776.9 0.0077
1 -1  26.2 0.01810 0.01807 0.00564  15302    2713482.1 0.0081
1 -1  26.2 0.01830 0.01826 0.00564  13784    2444297.3 0.0085
1 -1  26.2 0.01850 0.01846 0.00564  12390    2197101.2 0.0090
1 -1  26.2 0.01870 0.01865 0.00564  10922    1936782.8 0.0096
1 -1  26.2 0.01890 0.01895 0.00564   9274    1644545.3 0.0104
1 -1  26.2 0.01910 0.01914 0.00564   8086    1433879.0 0.0111
1 -1  26.2 0.01930 0.01934 0.00564   7128    1263998.2 0.0118
1 -1  26.2 0.01950 0.01953 0.00564   6396    1134193.6 0.0125
1 -1  26.2 0.01970 0.01973 0.00564   5856    1038436.2 0.0131
1 -1  26.2 0.01990 0.01992 0.00564   5418     960766.3 0.0136
1 -1  26.2 0.02010 0.02012 0.00564   5172     917143.5 0.0139
1 -1  26.2 0.02030 0.02031 0.00564   5000     886642.9 0.0141
1 -1  26.2 0.02050 0.02051 0.00564   4614     818194.1 0.0147
1 -1  26.2 0.02070 0.02070 0.00564   4506     799042.6 0.0149
1 -1  26.2 0.02090 0.02090 0.00564   4448     788757.6 0.0150
1 -1  26.2 0.02110 0.02109 0.00564   4198     744425.4 0.0154
1 -1  26.2 0.02130 0.02129 0.00564   4228     749745.3 0.0154
1 -1  26.2 0.02150 0.02148 0.00564   3974     704703.8 0.0159
1 -1  26.2 0.02170 0.02168 0.00564   3970     703994.5 0.0159
1 -1  26.2 0.02190 0.02188 0.00564   3980     705767.8 0.0159
1 -1  26.2 0.02210 0.02207 0.00564   3810     675621.9 0.0162
1 -1  26.2 0.02230 0.02227 0.00564   3754     665691.5 0.0163
1 -1  26.2 0.02250 0.02246 0.00564   3604     639092.2 0.0167
1 -1  26.2 0.02270 0.02266 0.00564   3432     608591.7 0.0171
1 -1  26.2 0.02290 0.02285 0.00564   3412     605045.1 0.0171
1 -1  26.2 0.02310 0.02314 0.00564   3238     574190.0 0.0176
1 -1  26.2 0.02330 0.02334 0.00564   3148     558230.4 0.0178
1 -1  26.2 0.02350 0.02354 0.00564   2990     530212.5 0.0183
1 -1  26.2 0.02370 0.02373 0.00564   2940     521346.0 0.0184
1 -1  26.2 0.02390 0.02393 0.00564   2670     473467.3 0.0194
1 -1  26.2 0.02410 0.02412 0.00564   2562     454315.8 0.0198
1 -1  26.2 0.02430 0.02432 0.00564   2422     429489.8 0.0203
1 -1  26.2 0.02450 0.02451 0.00564   2272     402890.6 0.0210
1 -1  26.2 0.02470 0.02471 0.00590   2314     392240.6 0.0208
1 -1  26.2 0.02490 0.02490 0.00625   2302     368430.8 0.0208
1 -1  26.2 0.02510 0.02510 0.00660   2244     339922.8 0.0211
1 -1  26.2 0.02530 0.02529 0.00699   2242     320972.8 0.0211
1 -1  26.2 0.02550 0.02549 0.00790   2368     299915.8 0.0205
1 -1  26.2 0.02570 0.02568 0.00834   2292     274874.2 0.0209
1 -1  26.2 0.02590 0.02588 0.00904   2266     250720.0 0.0210
1 -1  26.2 0.02610 0.02607 0.00984   2346     238310.5 0.0206
1 -1  26.2 0.02630 0.02627 0.01064   2232     209863.4 0.0212
1 -1  26.2 0.02650 0.02646 0.01169   2240     191540.1 0.0211
1 -1  26.2 0.02670 0.02666 0.01284   2250     175269.4 0.0211
1 -1  26.2 0.02690 0.02686 0.01356   2280     168086.6 0.0209
1 -1  26.2 0.02710 0.02715 0.01504   2302     153058.4 0.0208
1 -1  26.2 0.02730 0.02734 0.01670   2324     139174.1 0.0207
1 -1  26.2 0.02750 0.02754 0.01726   2300     133273.7 0.0209
1 -1  26.2 0.02770 0.02773 0.01795   2348     130832.2 0.0206
1 -1  26.2 0.02790 0.02793 0.01970   2340     118767.9 0.0207
1 -1  26.2 0.02810 0.02813 0.02044   2264     110773.3 0.0210
1 -1  26.2 0.02830 0.02832 0.02122   2236     105389.3 0.0211
1 -1  26.2 0.02850 0.02852 0.02209   2280     103207.2 0.0209
1 -1  26.2 0.02870 0.02871 0.02270   2266      99803.7 0.0210
1 -1  26.2 0.02890 0.02891 0.02444   2344      95898.1 0.0207
1 -1  26.2 0.02910 0.02910 0.02444   2270      92870.6 0.0210
1 -1  26.2 0.02930 0.02930 0.02460   2224      90416.1 0.0212
1 -1  26.2 0.02950 0.02949 0.02615   2264      86574.4 0.0210
1 -1  26.2 0.02970 0.02969 0.02789   2306      82674.3 0.0208
1 -1  26.2 0.02990 0.02988 0.02789   2224      79734.4 0.0212
1 -1  26.2 0.03010 0.03008 0.02902   2280      78578.4 0.0209
1 -1  26.2 0.03030 0.03027 0.03018   2242      74278.1 0.0211
1 -1  26.2 0.03050 0.03047 0.03230   2282      70642.7 0.0209
1 -1  26.2 0.03070 0.03066 0.03266   2242      68654.8 0.0211
1 -1  26.2 0.03090 0.03086 0.03536   2318      65551.4 0.0208
1 -1  26.2 0.03110 0.03105 0.03727   2274      61007.8 0.0210
1 -1  26.2 0.03130 0.03135 0.04028   2250      55854.3 0.0211
1 -1  26.2 0.03150 0.03154 0.04414   2360      53470.0 0.0206
1 -1  26.2 0.03170 0.03174 0.04414   2240      50751.2 0.0211
1 -1  26.2 0.03190 0.03193 0.04887   2258      46203.1 0.0210
1 -1  26.2 0.03210 0.03213 0.05236   2312      44157.4 0.0208
1 -1  26.2 0.03230 0.03232 0.05447   2282      41897.5 0.0209
1 -1  26.2 0.03250 0.03252 0.06035   2326      38542.2 0.0207
1 -1  26.2 0.03270 0.03271 0.06392   2272      35542.6 0.0210
1 -1  26.2 0.03290 0.03291 0.06863   2352      34268.9 0.0206
1 -1  26.2 0.03310 0.03311 0.06957   2268      32598.9 0.0210
1 -1  26.2 0.03330 0.03330 0.07383   2274      30802.2 0.0210
1 -1  26.2 0.03350 0.03350 0.07871   2266      28787.6 0.0210
1 -1  26.2 0.03370 0.03369 0.08467   2398      28321.2 0.0204
1 -1  26.2 0.03390 0.03389 0.08887   2262      25453.4 0.0210
1 -1  26.2 0.03410 0.03408 0.09219   2306      25014.2 0.0208
1 -1  26.2 0.03430 0.03428 0.09992   2358      23598.3 0.0206
1 -1  26.2 0.03450 0.03447 0.09992   2256      22577.5 0.0211
1 -1  26.2 0.03470 0.03467 0.10873   2236      20564.6 0.0211
1 -1  26.2 0.03490 0.03486 0.11897   2346      19720.0 0.0206
1 -1  26.2 0.03510 0.03506 0.12104   2314      19118.3 0.0208
1 -1  26.2 0.03530 0.03525 0.12579   2222      17664.2 0.0212
1 -1  26.2 0.03550 0.03555 0.13782   2304      16716.9 0.0208
1 -1  26.2 0.03570 0.03574 0.14391   2304      16009.8 0.0208
1 -1  26.2 0.03590 0.03594 0.14391   2222      15440.0 0.0212
1 -1  26.2 0.03610 0.03613 0.15314   2276      14862.0 0.0210
1 -1  26.2 0.03630 0.03633 0.15580   2224      14274.3 0.0212
1 -1  26.2 0.03650 0.03652 0.16420   2248      13690.6 0.0211
1 -1  26.2 0.03670 0.03672 0.16554   2268      13700.5 0.0210
1 -1  26.2 0.03690 0.03691 0.18246   2274      12463.2 0.0210
1 -1  26.2 0.03710 0.03711 0.18246   2246      12309.7 0.0211
1 -1  26.2 0.03730 0.03730 0.18246   2244      12298.8 0.0211
1 -1  26.2 0.03750 0.03750 0.19976   2228      11153.6 0.0212
1 -1  26.2 0.03770 0.03770 0.21197   2238      10558.2 0.0211
1 -1  26.2 0.03790 0.03789 0.22196   2234      10065.0 0.0212
1 -1  26.2 0.03810 0.03809 0.24056   2348       9760.5 0.0206
1 -1  26.2 0.03830 0.03828 0.25948   2340       9018.0 0.0207
1 -1  26.2 0.03850 0.03848 0.26521   2258       8514.0 0.0210
1 -1  26.2 0.03870 0.03867 0.27578   2248       8151.3 0.0211
1 -1  26.2 0.03890 0.03887 0.29153   2286       7841.4 0.0209
1 -1  26.2 0.03910 0.03906 0.31263   2232       7139.4 0.0212
1 -1  26.2 0.03930 0.03926 0.32220   2246       6970.8 0.0211
1 -1  26.2 0.03950 0.03945 0.34288   2224       6486.2 0.0212
1 -1  26.2 0.03970 0.03975 0.38064   2264       5947.9 0.0210
1 -1  26.2 0.03990 0.03994 0.38064   2252       5916.3 0.0211
1  0  26.2 0.00010 0.00010 1.21000    204        168.6 0.0700
1  0  26.2 0.00030 0.00029 1.21000     26         21.5 0.1961
1  0  26.2 0.00050 0.00049 1.21000     32         26.4 0.1768
1  0  26.2 0.00070 0.00068 1.21000     28         23.1 0.1890
1  0  26.2 0.00090 0.00088 1.21000     34         28.1 0.1715
1  0  26.2 0.00110 0.00107 1.21000     24         19.8 0.2041
1  0  26.2 0.00130 0.00127 1.21000     26         21.5 0.1961
1  0  26.2 0.00150 0.00146 1.21000     38         31.4 0.1622
1  0  26.2 0.00170 0.00166 1.21000     34         28.1 0.1715
1  0  26.2 0.00190 0.00186 1.21000     22         18.2 0.2132
1  0  26.2 0.00210 0.00215 1.21000     36         29.8 0.1667
1  0  26.2 0.00230 0.00234 1.21000     38         31.4 0.1622
1  0  26.2 0.00250 0.00254 1.21000     58         47.9 0.1313
1  0  26.2 0.00270 0.00273 1.21000     34         28.1 0.1715
1  0  26.2 0.00290 0.00293 1.21000     52         43.0 0.1387
1  0  26.2 0.00310 0.00313 1.21000     42         34.7 0.1543
1  0  26.2 0.00330 0.00332 1.21000     54         44.6 0.1361
1  0  26.2 0.00350 0.00352 1.21000     60         49.6 0.1291
1  0  26.2 0.00370 0.00371 1.21000     66         54.5 0.1231
1  0  26.2 0.00390 0.00391 1.21000     54         44.6 0.1361
1  0  26.2 0.00410 0.00410 1.21000     64         52.9 0.1250
1  0  26.2 0.00430 0.00430 1.21000     86         71.1 0.1078
1  0  26.2 0.00450 0.00449 1.21000     94         77.7 0.1031
1  0  26.2 0.00470 0.00469 1.21000    172        142.1 0.0762
1  0  26.2 0.00490 0.00488 1.21000    260        214.9 0.0620
1  0  26.2 0.00510 0.00508 1.21000    602        497.5 0.0408
1  0  26.2 0.00530 0.00527 1.21000   1418       1171.9 0.0266
1  0  26.2 0.00550 0.00547 1.21000   3542       2927.3 0.0168
1  0  26.2 0.00570 0.00566 1.21000   8514       7036.4 0.0108
1  0  26.2 0.00590 0.00586 1.21000  20210      16702.5 0.0070
1  0  26.2 0.00610 0.00605 1.21000  44712      36952.1 0.0047
1  0  26.2 0.00630 0.00635 0.53247  71312     133927.3 0.0037
1  0  26.2 0.00650 0.00654 0.29250  79436     271578.0 0.0035
1  0  26.2 0.00670 0.00674 0.13730  71042     517430.6 0.0038
1  0  26.2 0.00690 0.00693 0.07773  71570     920718.6 0.0037
1  0  26.2 0.00710 0.00713 0.04873  71836    1474055.6 0.0037
1  0  26.2 0.00730 0.00732 0.03404  71656    2105150.0 0.0037
1  0  26.2 0.00750 0.00752 0.02578  71740    2782816.6 0.0037
1  0  26.2 0.00770 0.00771 0.02177  72176    3315034.9 0.0037
1  0  26.2 0.00790 0.00791 0.01936  71982    3717828.8 0.0037
1  0  26.2 0.00810 0.00811 0.01936  77554    4005619.4 0.0036
1  0  26.2 0.00830 0.00830 0.01715  72344    4218952.9 0.0037
1  0  26.2 0.00850 0.00850 0.01715  74514    4345502.8 0.0037
1  0  26.2 0.00870 0.00869 0.01715  75908    4426798.0 0.0036
1  0  26.2 0.00890 0.00889 0.01715  76846    4481500.2 0.0036
1  0  26.2 0.00910 0.00908 0.01715  77482    4518590.5 0.0036
1  0  26.2 0.00930 0.00928 0.01715  77914    4543783.8 0.0036
1  0  26.2 0.00950 0.00947 0.01715  78186    4559646.3 0.0036
1  0  26.2 0.00970 0.00967 0.01715  78344    4568860.5 0.0036
1  0  26.2 0.00990 0.00986 0.01715  78428    4573759.2 0.0036
1  0  26.2 0.01010 0.01006 0.01715  78404    4572359.6 0.0036
1  0  26.2 0.01030 0.01025 0.01715  78284    4565361.4 0.0036
1  0  26.2 0.01050 0.01055 0.01715  77830    4538885.1 0.0036
1  0  26.2 0.01070 0.01074 0.01715  77358    4511359.0 0.0036
1  0  26.2 0.01090 0.01094 0.01715  76754    4476135.0 0.0036
1  0  26.2 0.01110 0.01113 0.01715  75718    4415717.6 0.0036
1  0  26.2 0.01130 0.01133 0.01715  74098    4321242.6 0.0037
1  0  26.2 0.01150 0.01152 0.01715  71658    4178946.8 0.0037
1  0  26.2 0.01170 0.01172 0.01715  68098    3971334.9 0.0038
1  0  26.2 0.01190 0.01191 0.01715  62990    3673446.9 0.0040
1  0  26.2 0.01210 0.01211 0.01715  55860    3257640.0 0.0042
1  0  26.2 0.01230 0.01230 0.01715  47618    2776983.6 0.0046
1  0  26.2 0.01250 0.01250 0.01715  39158    2283613.8 0.0051
1  0  26.2 0.01270 0.01270 0.01715  31628    1844479.7 0.0056
1  0  26.2 0.01290 0.01289 0.01715  25502    1487224.0 0.0063
1  0  26.2 0.01310 0.01309 0.01715  21560    1257334.7 0.0068
1  0  26.2 0.01330 0.01328 0.01715  19652    1146064.1 0.0071
1  0  26.2 0.01350 0.01348 0.01715  18604    1084946.9 0.0073
1  0  26.2 0.01370 0.01367 0.01715  17902    1044007.7 0.0075
1  0  26.2 0.01390 0.01387 0.01715  17276    1007500.7 0.0076
1  0  26.2 0.01410 0.01406 0.01715  17342    1011349.7 0.0076
1  0  26.2 0.01430 0.01426 0.01715  17150    1000152.6 0.0076
1  0  26.2 0.01450 0.01445 0.01715  17614    1027212.2 0.0075
1  0  26.2 0.01470 0.01475 0.01715  17384    1013799.0 0.0076
1  0  26.2 0.01490 0.01494 0.01715  17360    1012399.4 0.0076
1  0  26.2 0.01510 0.01514 0.01715  17398    1014615.5 0.0076
1  0  26.2 0.01530 0.01533 0.01715  17228    1004701.4 0.0076
1  0  26.2 0.01550 0.01553 0.01715  17356    1012166.1 0.0076
1  0  26.2 0.01570 0.01572 0.01715  17180    1001902.2 0.0076
1  0  26.2 0.01590 0.01592 0.01715  17348    1011699.6 0.0076
1  0  26.2 0.01610 0.01611 0.01715  17110     997819.9 0.0076
1  0  26.2 0.01630 0.01631 0.01715  17194    1002718.6 0.0076
1  0  26.2 0.01650 0.01650 0.01715  16986     990588.5 0.0077
1  0  26.2 0.01670 0.01670 0.01715  17040     993737.7 0.0077
1  0  26.2 0.01690 0.01689 0.01715  16808     980207.9 0.0077
1  0  26.2 0.01710 0.01709 0.01715  16694     973559.7 0.0077
1  0  26.2 0.01730 0.01729 0.01715  16084     937985.7 0.0079
1  0  26.2 0.01750 0.01748 0.01715  15380     896929.9 0.0081
1  0  26.2 0.01770 0.01768 0.01715  14266     831963.7 0.0084
1  0  26.2 0.01790 0.01787 0.01715  13078     762682.0 0.0087
1  0  26.2 0.01810 0.01807 0.01715  11600     676488.1 0.0093
1  0  26.2 0.01830 0.01826 0.01715  10328     602307.7 0.0098
1  0  26.2 0.01850 0.01846 0.01715   8846     515880.5 0.0106
1  0  26.2 0.01870 0.01865 0.01715   7516     438317.6 0.0115
1  0  26.2 0.01890 0.01895 0.01715   5724     333811.9 0.0132
1  0  26.2 0.01910 0.01914 0.01715   4516     263363.8 0.0149
1  0  26.2 0.01930 0.01934 0.01715   3798     221491.5 0.0162
1  0  26.2 0.01950 0.01953 0.01715   3228     188250.3 0.0176
1  0  26.2 0.01970 0.01973 0.01715   2766     161307.4 0.0190
1  0  26.2 0.01990 0.01992 0.01715   2624     153026.3 0.0195
1  0  26.2 0.02010 0.02012 0.01715   2256     131565.3 0.0211
1  0  26.2 0.02030 0.02031 0.01715   2244     130865.5 0.0211
1  0  26.2 0.02050 0.02051 0.01897   2250     118578.1 0.0211
1  0  26.2 0.02070 0.02070 0.01897   2254     118788.9 0.0211
1  0  26.2 0.02090 0.02090 0.01989   2228     112028.6 0.0212
1  0  26.2 0.02110 0.02109 0.02053   2228     108499.3 0.0212
1  0  26.2 0.02130 0.02129 0.02055   2254     109666.7 0.0211
1  0  26.2 0.02150 0.02148 0.02095   2252     107498.3 0.0211
1  0  26.2 0.02170 0.02168 0.02190   2234     102031.8 0.0212
1  0  26.2 0.02190 0.02188 0.02298   2310     100525.1 0.0208
1  0  26.2 0.02210 0.02207 0.02298   2362     102788.0 0.0206
1  0  26.2 0.02230 0.02227 0.02413   2400      99459.3 0.0204
1  0  26.2 0.02250 0.02246 0.02413   2274      94237.7 0.0210
1  0  26.2 0.02270 0.02266 0.02413   2240      92828.7 0.0211
1  0  26.2 0.02290 0.02285 0.02413   2248      93160.2 0.0211
1  0  26.2 0.02310 0.02314 0.02645   2232      84383.0 0.0212
1  0  26.2 0.02330 0.02334 0.02691   2286      84946.5 0.0209
1  0  26.2 0.02350 0.02354 0.02691   2226      82716.9 0.0212
1  0  26.2 0.02370 0.02373 0.02796   2362      84483.9 0.0206
1  0  26.2 0.02390 0.02393 0.02906   2252      77504.4 0.0211
1  0  26.2 0.02410 0.02412 0.03128   2328      74422.9 0.0207
1  0  26.2 0.02430 0.02432 0.03128   2254      72057.2 0.0211
1  0  26.2 0.02450 0.02451 0.03394   2228      65652.8 0.0212
1  0  26.2 0.02470 0.02471 0.03475   2290      65900.6 0.0209
1  0  26.2 0.02490 0.02490 0.03716   2244      60381.9 0.0211
1  0  26.2 0.02510 0.02510 0.03940   2338      59343.9 0.0207
1  0  26.2 0.02530 0.02529 0.04326   2264      52336.6 0.0210
1  0  26.2 0.02550 0.02549 0.04749   2300      48431.0 0.0209
1  0  26.2 0.02570 0.02568 0.05244   2300      43863.8 0.0209
1  0  26.2 0.02590 0.02588 0.05976   2276      38084.7 0.0210
1  0  26.2 0.02610 0.02607 0.06794   2284      33620.3 0.0209
1  0  26.2 0.02630 0.02627 0.07912   2306      29147.3 0.0208
1  0  26.2 0.02650 0.02646 0.09127   2296      25154.9 0.0209
1  0  26.2 0.02670 0.02666 0.10476   2388      22795.4 0.0205
1  0  26.2 0.02690 0.02686 0.11501   2254      19599.0 0.0211
1  0  26.2 0.02710 0.02715 0.15029   2282      15183.9 0.0209
1  0  26.2 0.02730 0.02734 0.17038   2262      13276.2 0.0210
1  0  26.2 0.02750 0.02754 0.18683   2320      12417.6 0.0208
1  0  26.2 0.02770 0.02773 0.20705   2288      11050.4 0.0209
1  0  26.2 0.02790 0.02793 0.22406   2388      10657.9 0.0205
1  0  26.2 0.02810 0.02813 0.23006   2274       9884.2 0.0210
1  0  26.2 0.02830 0.02832 0.24506   2258       9213.9 0.0210
1  0  26.2 0.02850 0.02852 0.25024   2300       9191.0 0.0209
1  0  26.2 0.02870 0.02871 0.26572   2264       8520.1 0.0210
1  0  26.2 0.02890 0.02891 0.27642   2420       8754.7 0.0203
1  0  26.2 0.02910 0.02910 0.27642   2228       8060.1 0.0212
1  0  26.2 0.02930 0.02930 0.28940   2300       7947.4 0.0209
1  0  26.2 0.02950 0.02949 0.30289   2322       7666.2 0.0208
1  0  26.2 0.02970 0.02969 0.30648   2222       7250.2 0.0212
1  0  26.2 0.02990 0.02988 0.30648   2228       7269.8 0.0212
1  0  26.2 0.03010 0.03008 0.32708   2248       6872.9 0.0211
1  0  26.2 0.03030 0.03027 0.35191   2330       6621.0 0.0207
1  0  26.2 0.03050 0.03047 0.35191   2264       6433.5 0.0210
1  0  26.2 0.03070 0.03066 0.35191   2258       6416.4 0.0210
1  0  26.2 0.03090 0.03086 0.37413   2272       6072.7 0.0210
1  0  26.1 0.03110 0.03105 0.38416   2248       5851.7 0.0211
1  0  26.1 0.03130 0.03135 0.42127   2254       5350.5 0.0211
1  0  26.2 0.03150 0.03154 0.43054   2306       5356.1 0.0208
1  0  26.2 0.03170 0.03174 0.45736   2260       4941.4 0.0210
1  0  26.2 0.03190 0.03193 0.49142   2426       4936.7 0.0203
1  0  26.1 0.03210 0.03213 0.49142   2256       4590.8 0.0211
1  0  26.1 0.03230 0.03232 0.53526   2292       4282.0 0.0209
1  0  26.1 0.03250 0.03252 0.55762   2264       4060.1 0.0210
1  0  26.1 0.03270 0.03271 0.60856   2254       3703.8 0.0211
1  0  26.1 0.03290 0.03291 0.65136   2270       3485.0 0.0210
1  0  26.1 0.03310 0.03311 0.67130   2264       3372.6 0.0210
1  0  26.1 0.03330 0.03330 0.74627   2240       3001.6 0.0211
1  0  26.1 0.03350 0.03350 0.82416   2288       2776.2 0.0209
1  0  26.1 0.03370 0.03369 0.90211   2240       2483.1 0.0211
1  0  26.1 0.03390 0.03389 1.01648   2332       2294.2 0.0207
1  0  26.1 0.03410 0.03408 1.10514   2240       2026.9 0.0211
1  0  26.1 0.03430 0.03428 1.21000   1984       1639.7 0.0225
1  0  26.1 0.03450 0.03447 1.21000   1830       1512.4 0.0234
1  0  26.1 0.03470 0.03467 1.21000   1586       1310.7 0.0251
1  0  26.1 0.03490 0.03486 1.21000   1530       1264.5 0.0256
1  0  26.1 0.03510 0.03506 1.21000   1344       1110.7 0.0273
1  0  26.1 0.03530 0.03525 1.21000   1272       1051.2 0.0280
1  0  26.1 0.03550 0.03555 1.21000   1118        924.0 0.0299
1  0  26.1 0.03570 0.03574 1.21000   1036        856.2 0.0311
1  0  26.1 0.03590 0.03594 1.21000    994        821.5 0.0317
1  0  26.1 0.03610 0.03613 1.21000    932        770.2 0.0328
1  0  26.1 0.03630 0.03633 1.21000    924        763.6 0.0329
1  0  26.1 0.03650 0.03652 1.21000    876        724.0 0.0338
1  0  26.1 0.03670 0.03672 1.21000    926        765.3 0.0329
1  0  26.1 0.03690 0.03691 1.21000    872        720.7 0.0339
1  0  26.1 0.03710 0.03711 1.21000    766        633.1 0.0361
1  0  26.1 0.03730 0.03730 1.21000    788        651.2 0.0356
1  0  26.1 0.03750 0.03750 1.21000    752        621.5 0.0365
1  0  26.1 0.03770 0.03770 1.21000    756        624.8 0.0364
1  0  26.1 0.03790 0.03789 1.21000    728        601.7 0.0371
1  0  26.1 0.03810 0.03809 1.21000    714        590.1 0.0374
1  0  26.1 0.03830 0.03828 1.21000    680        562.0 0.0383
1  0  26.1 0.03850 0.03848 1.21000    626        517.4 0.0400
1  0  26.1 0.03870 0.03867 1.21000    628        519.0 0.0399
1  0  26.1 0.03890 0.03887 1.21000    610        504.1 0.0405
1  0  26.1 0.03910 0.03906 1.21000    564        466.1 0.0421
1  0  26.1 0.03930 0.03926 1.21000    598        494.2 0.0409
1  0  26.1 0.03950 0.03945 1.21000    546        451.2 0.0428
1  0  26.1 0.03970 0.03975 1.21000    558        461.2 0.0423
1  0  26.1 0.03990 0.03994 1.21000    528        436.4 0.0435
1  1  26.1 0.00010 0.00010 1.21000     30         24.8 0.1826
1  1  26.1 0.00030 0.00029 1.21000     32         26.4 0.1768
1  1  26.1 0.00050 0.00049 1.21000     30         24.8 0.1826
1  1  26.1 0.00070 0.00068 1.21000     32         26.4 0.1768
1  1  26.1 0.00090 0.00088 1.21000     46         38.0 0.1474
1  1  26.1 0.00110 0.00107 1.21000     32         26.4 0.1768
1  1  26.1 0.00130 0.00127 1.21000     46         38.0 0.1474
1  1  26.1 0.00150 0.00146 1.21000     36         29.8 0.1667
1  1  26.1 0.00170 0.00166 1.21000     62         51.2 0.1270
1  1  26.1 0.00190 0.00186 1.21000     52         43.0 0.1387
1  1  26.1 0.00210 0.00215 1.21000     50         41.3 0.1414
1  1  26.1 0.00230 0.00234 1.21000     54         44.6 0.1361
1  1  26.1 0.00250 0.00254 1.21000     60         49.6 0.1291
1  1  26.1 0.00270 0.00273 1.21000     66         54.5 0.1231
1  1  26.1 0.00290 0.00293 1.21000     64         52.9 0.1250
1  1  26.1 0.00310 0.00313 1.21000     48         39.7 0.1443
1  1  26.1 0.00330 0.00332 1.21000     72         59.5 0.1179
1  1  26.1 0.00350 0.00352 1.21000     76         62.8 0.1147
1  1  26.1 0.00370 0.00371 1.21000     70         57.9 0.1195
1  1  26.1 0.00390 0.00391 1.21000     78         64.5 0.1132
1  1  26.1 0.00410 0.00410 1.21000     76         62.8 0.1147
1  1  26.1 0.00430 0.00430 1.21000     92         76.0 0.1043
1  1  26.1 0.00450 0.00449 1.21000    118         97.5 0.0921
1  1  26.1 0.00470 0.00469 1.21000    166        137.2 0.0776
1  1  26.1 0.00490 0.00488 1.21000    306        252.9 0.0572
1  1  26.1 0.00510 0.00508 1.21000    670        553.7 0.0386
1  1  26.1 0.00530 0.00527 1.21000   1568       1295.9 0.0253
1  1  26.1 0.00550 0.00547 1.21000   3836       3170.2 0.0161
1  1  26.1 0.00570 0.00566 1.21000   9504       7854.5 0.0103
1  1  26.1 0.00590 0.00586 1.21000  22794      18838.0 0.0066
1  1  26.1 0.00610 0.00605 1.21000  50842      42018.2 0.0044
1  1  26.1 0.00630 0.00635 0.48555  71684     147633.4 0.0037
1  1  26.1 0.00650 0.00654 0.26673  79068     296438.1 0.0036
1  1  26.1 0.00670 0.00674 0.12560  71760     571350.0 0.0037
1  1  26.1 0.00690 0.00693 0.07353  72374     984343.7 0.0037
1  1  26.1 0.00710 0.00713 0.04669  72674    1556575.5 0.0037
1  1  26.1 0.00730 0.00732 0.03274  71414    2181277.5 0.0037
1  1  26.1 0.00750 0.00752 0.02519  72026    2858861.7 0.0037
1  1  26.1 0.00770 0.00771 0.02128  71834    3376106.7 0.0037
1  1  26.1 0.00790 0.00791 0.01907  71682    3759762.6 0.0037
1  1  26.1 0.00810 0.00811 0.01907  76810    4028729.2 0.0036
1  1  26.1 0.00830 0.00830 0.01710  71996    4210393.9 0.0037
1  1  26.1 0.00850 0.00850 0.01710  73954    4324899.6 0.0037
1  1  26.1 0.00870 0.00869 0.01710  75306    4403965.8 0.0036
1  1  26.1 0.00890 0.00889 0.01710  76164    4454142.5 0.0036
1  1  26.1 0.00910 0.00908 0.01710  76790    4490751.6 0.0036
1  1  26.1 0.00930 0.00928 0.01710  77206    4515079.6 0.0036
1  1  26.1 0.00950 0.00947 0.01710  77440    4528764.2 0.0036
1  1  26.1 0.00970 0.00967 0.01710  77598    4538004.2 0.0036
1  1  26.1 0.00990 0.00986 0.01710  77662    4541746.9 0.0036
1  1  26.1 0.01010 0.01006 0.01710  77638    4540343.4 0.0036
1  1  26.1 0.01030 0.01025 0.01710  77494    4531922.1 0.0036
1  1  26.1 0.01050 0.01055 0.01710  77066    4506892.3 0.0036
1  1  26.1 0.01070 0.01074 0.01710  76554    4476950.1 0.0036
1  1  26.1 0.01090 0.01094 0.01710  75894    4438352.6 0.0036
1  1  26.1 0.01110 0.01113 0.01710  74838    4376596.8 0.0037
1  1  26.1 0.01130 0.01133 0.01710  73092    4274489.0 0.0037
1  1  26.1 0.01150 0.01152 0.01710  70712    4135304.4 0.0038
1  1  26.1 0.01170 0.01172 0.01710  67044    3920796.3 0.0039
1  1  26.1 0.01190 0.01191 0.01710  61960    3623479.2 0.0040
1  1  26.1 0.01210 0.01211 0.01710  54788    3204053.9 0.0043
1  1  26.1 0.01230 0.01230 0.01710  46480    2718194.2 0.0046
1  1  26.1 0.01250 0.01250 0.01710  38286    2239001.4 0.0051
1  1  26.1 0.01270 0.01270 0.01710  30834    1803201.4 0.0057
1  1  26.1 0.01290 0.01289 0.01710  25076    1466468.1 0.0063
1  1  26.1 0.01310 0.01309 0.01710  21512    1258042.0 0.0068
1  1  26.1 0.01330 0.01328 0.01710  19538    1142600.7 0.0072
1  1  26.1 0.01350 0.01348 0.01710  18642    1090201.7 0.0073
1  1  26.1 0.01370 0.01367 0.01710  18092    1058037.2 0.0074
1  1  26.1 0.01390 0.01387 0.01710  17734    1037101.0 0.0075
1  1  26.1 0.01410 0.01406 0.01710  17572    1027627.1 0.0075
1  1  26.1 0.01430 0.01426 0.01710  17712    1035814.5 0.0075
1  1  26.1 0.01450 0.01445 0.01710  17544    1025989.7 0.0075
1  1  26.1 0.01470 0.01475 0.01710  17630    1031019.0 0.0075
1  1  26.1 0.01490 0.01494 0.01710  17494    1023065.6 0.0076
1  1  26.1 0.01510 0.01514 0.01710  17578    1027978.0 0.0075
1  1  26.1 0.01530 0.01533 0.01710  17500    1023416.5 0.0076
1  1  26.1 0.01550 0.01553 0.01710  17424    1018971.9 0.0076
1  1  26.1 0.01570 0.01572 0.01710  17352    1014761.3 0.0076
1  1  26.1 0.01590 0.01592 0.01710  17476    1022012.9 0.0076
1  1  26.1 0.01610 0.01611 0.01710  17550    1026340.5 0.0075
1  1  26.1 0.01630 0.01631 0.01710  17292    1011252.5 0.0076
1  1  26.1 0.01650 0.01650 0.01710  17330    1013474.7 0.0076
1  1  26.1 0.01670 0.01670 0.01710  17250    1008796.3 0.0076
1  1  26.1 0.01690 0.01689 0.01710  17262    1009498.0 0.0076
1  1  26.1 0.01710 0.01709 0.01710  16938     990550.2 0.0077
1  1  26.0 0.01730 0.01729 0.01710  16378     957800.9 0.0078
1  1  26.0 0.01750 0.01748 0.01710  15844     926572.1 0.0079
1  1  26.0 0.01770 0.01768 0.01710  14994     876863.2 0.0082
1  1  26.0 0.01790 0.01787 0.01710  13968     816861.8 0.0085
1  1  26.0 0.01810 0.01807 0.01710  12582     735807.2 0.0089
1  1  26.0 0.01830 0.01826 0.01710  10898     637325.3 0.0096
1  1  26.0 0.01850 0.01846 0.01710   9634     563405.4 0.0102
1  1  26.0 0.01870 0.01865 0.01710   8080     472526.0 0.0111
1  1  26.0 0.01890 0.01895 0.01710   6240     364921.1 0.0127
1  1  26.0 0.01910 0.01914 0.01710   5026     293925.2 0.0141
1  1  26.0 0.01930 0.01934 0.01710   4290     250883.2 0.0153
1  1  26.0 0.01950 0.01953 0.01710   3442     201291.4 0.0170
1  1  26.0 0.01970 0.01973 0.01710   2984     174507.1 0.0183
1  1  26.0 0.01990 0.01992 0.01710   2554     149360.3 0.0198
1  1  26.0 0.02010 0.02012 0.01710   2364     138248.9 0.0206
1  1  26.0 0.02030 0.02031 0.01823   2296     125933.1 0.0209
1  1  26.0 0.02050 0.02051 0.01823   2244     123081.0 0.0211
1  1  26.0 0.02070 0.02070 0.01959   2264     115590.2 0.0210
1  1  26.0 0.02090 0.02090 0.02034   2258     111029.4 0.0210
1  1  26.0 0.02110 0.02109 0.02034   2332     114668.1 0.0207
1  1  26.0 0.02130 0.02129 0.02116   2288     108150.2 0.0209
1  1  26.0 0.02150 0.02148 0.02234   2320     103839.1 0.0208
1  1  26.0 0.02170 0.02168 0.02234   2338     104644.8 0.0207
1  1  26.0 0.02190 0.02188 0.02234   2254     100885.1 0.0211
1  1  26.0 0.02210 0.02207 0.02250   2272     100958.5 0.0210
1  1  26.0 0.02230 0.02227 0.02250   2238      99447.7 0.0211
1  1  26.0 0.02250 0.02246 0.02324   2298      98896.9 0.0209
1  1  26.0 0.02270 0.02266 0.02421   2310      95414.9 0.0208
1  1  26.0 0.02290 0.02285 0.02488   2240      90035.9 0.0211
1  1  26.0 0.02310 0.02314 0.02488   2240      90035.9 0.0211
1  1  26.0 0.02330 0.02334 0.02688   2364      87954.3 0.0206
1  1  26.0 0.02350 0.02354 0.02775   2390      86137.4 0.0205
1  1  26.0 0.02370 0.02373 0.02843   2266      79701.1 0.0210
1  1  26.0 0.02390 0.02393 0.02866   2256      78706.6 0.0211
1  1  26.0 0.02410 0.02412 0.03007   2314      76951.5 0.0208
1  1  26.0 0.02430 0.02432 0.03206   2314      72187.9 0.0208
1  1  26.0 0.02450 0.02451 0.03206   2222      69317.9 0.0212
1  1  26.0 0.02470 0.02471 0.03558   2308      64872.8 0.0208
1  1  26.0 0.02490 0.02490 0.03677   2296      62444.3 0.0209
1  1  26.0 0.02510 0.02510 0.03834   2278      59415.4 0.0210
1  1  26.0 0.02530 0.02529 0.04068   2272      55845.2 0.0210
1  1  26.0 0.02550 0.02549 0.04475   2240      50053.3 0.0211
1  1  26.0 0.02570 0.02568 0.04987   2240      44917.3 0.0211
1  1  26.0 0.02590 0.02588 0.05567   2272      40810.6 0.0210
1  1  26.0 0.02610 0.02607 0.06463   2254      34875.2 0.0211
1  1  26.0 0.02630 0.02627 0.07275   2226      30596.2 0.0212
1  1  26.0 0.02650 0.02646 0.08231   2240      27213.8 0.0211
1  1  26.0 0.02670 0.02666 0.09145   2244      24538.6 0.0211
1  1  26.0 0.02690 0.02686 0.11225   2278      20294.4 0.0210
1  1  26.0 0.02710 0.02715 0.14075   2318      16468.5 0.0208
1  1  26.0 0.02730 0.02734 0.15828   2234      14114.5 0.0212
1  1  26.0 0.02750 0.02754 0.17889   2232      12477.2 0.0212
1  1  26.0 0.02770 0.02773 0.20095   2268      11286.2 0.0210
1  1  26.0 0.02790 0.02793 0.23360   2414      10333.7 0.0204
1  1  26.0 0.02810 0.02813 0.24031   2266       9429.5 0.0210
1  1  26.0 0.02830 0.02832 0.25489   2372       9306.0 0.0205
1  1  26.0 0.02850 0.02852 0.26269   2312       8801.2 0.0208
1  1  26.0 0.02870 0.02871 0.26269   2228       8481.4 0.0212
1  1  26.0 0.02890 0.02891 0.28858   2230       7727.5 0.0212
1  1  26.0 0.02910 0.02910 0.29306   2298       7841.3 0.0209
1  1  26.0 0.02930 0.02930 0.29359   2228       7588.8 0.0212
1  1  26.0 0.02950 0.02949 0.31070   2304       7415.5 0.0208
1  1  26.0 0.02970 0.02969 0.31815   2286       7185.4 0.0209
1  1  26.0 0.02990 0.02988 0.33567   2320       6911.6 0.0208
1  1  26.0 0.03010 0.03008 0.33597   2232       6643.4 0.0212
1  1  26.0 0.03030 0.03027 0.35824   2286       6381.3 0.0209
1  1  26.0 0.03050 0.03047 0.36414   2222       6102.1 0.0212
1  1  26.0 0.03070 0.03066 0.37250   2240       6013.3 0.0211
1  1  26.0 0.03090 0.03086 0.39603   2280       5757.1 0.0209
1  1  26.0 0.03110 0.03105 0.40590   2296       5656.6 0.0209
1  1  26.0 0.03130 0.03135 0.43153   2242       5195.5 0.0211
1  1  26.0 0.03150 0.03154 0.45530   2282       5012.1 0.0209
1  1  26.0 0.03170 0.03174 0.45530   2240       4919.8 0.0211
1  1  26.0 0.03190 0.03193 0.48038   2268       4721.3 0.0210
1  1  26.0 0.03210 0.03213 0.52065   2284       4386.8 0.0209
1  1  26.0 0.03230 0.03232 0.52065   2236       4294.7 0.0211
1  1  26.0 0.03250 0.03252 0.58684   2314       3943.1 0.0208
1  1  26.0 0.03270 0.03271 0.59379   2228       3752.2 0.0212
1  1  26.0 0.03290 0.03291 0.63544   2306       3629.0 0.0208
1  1  26.0 0.03310 0.03311 0.70607   2360       3342.5 0.0206
1  1  26.0 0.03330 0.03330 0.75791   2298       3032.0 0.0209
1  1  26.0 0.03350 0.03350 0.80966   2250       2779.0 0.0211
1  1  26.0 0.03370 0.03369 0.88276   2248       2546.6 0.0211
1  1  26.0 0.03390 0.03389 0.96388   2246       2330.2 0.0211
1  1  26.0 0.03410 0.03408 1.07951   2252       2086.1 0.0211
1  1  26.0 0.03430 0.03428 1.19606   2226       1861.1 0.0212
1  1  26.0 0.03450 0.03447 1.21000   2124       1755.4 0.0217
1  1  26.0 0.03470 0.03467 1.21000   1786       1476.0 0.0237
1  1  25.9 0.03490 0.03486 1.21000   1702       1406.6 0.0242
1  1  25.9 0.03510 0.03506 1.21000   1444       1193.4 0.0263
1  1  25.9 0.03530 0.03525 1.21000   1384       1143.8 0.0269
1  1  25.9 0.03550 0.03555 1.21000   1178        973.6 0.0291
1  1  25.9 0.03570 0.03574 1.21000   1096        905.8 0.0302
1  1  25.9 0.03590 0.03594 1.21000   1086        897.5 0.0303
1  1  25.9 0.03610 0.03613 1.21000   1004        829.8 0.0316
1  1  25.9 0.03630 0.03633 1.21000    972        803.3 0.0321
1  1  25.9 0.03650 0.03652 1.21000    940        776.9 0.0326
1  1  25.9 0.03670 0.03672 1.21000    868        717.4 0.0339
1  1  25.9 0.03690 0.03691 1.21000    864        714.0 0.0340
1  1  25.9 0.03710 0.03711 1.21000    788        651.2 0.0356
1  1  25.9 0.03730 0.03730 1.21000    822        679.3 0.0349
1  1  25.9 0.03750 0.03750 1.21000    774        639.7 0.0359
1  1  25.9 0.03770 0.03770 1.21000    728        601.7 0.0371
1  1  25.9 0.03790 0.03789 1.21000    760        628.1 0.0363
1  1  25.9 0.03810 0.03809 1.21000    732        605.0 0.0370
1  1  25.9 0.03830 0.03828 1.21000    704        581.8 0.0377
1  1  25.9 0.03850 0.03848 1.21000    692        571.9 0.0380
1  1  25.9 0.03870 0.03867 1.21000    684        565.3 0.0382
1  1  25.9 0.03890 0.03887 1.21000    638        527.3 0.0396
1  1  25.9 0.03910 0.03906 1.21000    674        557.0 0.0385
1  1  25.9 0.03930 0.03926 1.21000    682        563.6 0.0383
1  1  25.9 0.03950 0.03945 1.21000    566        467.8 0.0420
1  1  25.9 0.03970 0.03975 1.21000    562        464.5 0.0422
1  1  25.9 0.03990 0.03994 1.21000    538        444.6 0.0431
1  2  25.9 0.00010 0.00010 1.21000     32         26.4 0.1768
1  2  25.9 0.00030 0.00029 1.21000     44         36.4 0.1508
1  2  25.9 0.00050 0.00049 1.21000     34         28.1 0.1715
1  2  25.9 0.00070 0.00068 1.21000     44         36.4 0.1508
1  2  25.9 0.00090 0.00088 1.21000     40         33.1 0.1581
1  2  25.9 0.00110 0.00107 1.21000     42         34.7 0.1543
1  2  25.9 0.00130 0.00127 1.21000     58         47.9 0.1313
1  2  25.9 0.00150 0.00146 1.21000     46         38.0 0.1474
1  2  25.9 0.00170 0.00166 1.21000     50         41.3 0.1414
1  2  25.9 0.00190 0.00186 1.21000     50         41.3 0.1414
1  2  25.9 0.00210 0.00215 1.21000     64         52.9 0.1250
1  2  25.9 0.00230 0.00234 1.21000     58         47.9 0.1313
1  2  25.9 0.00250 0.00254 1.21000     60         49.6 0.1291
1  2  25.9 0.00270 0.00273 1.21000     72         59.5 0.1179
1  2  25.9 0.00290 0.00293 1.21000     64         52.9 0.1250
1  2  25.9 0.00310 0.00313 1.21000     66         54.5 0.1231
1  2  25.9 0.00330 0.00332 1.21000     76         62.8 0.1147
1  2  25.9 0.00350 0.00352 1.21000     78         64.5 0.1132
1  2  25.9 0.00370 0.00371 1.21000     98         81.0 0.1010
1  2  25.9 0.00390 0.00391 1.21000     92         76.0 0.1043
1  2  25.9 0.00410 0.00410 1.21000     94         77.7 0.1031
1  2  25.9 0.00430 0.00430 1.21000    114         94.2 0.0937
1  2  25.9 0.00450 0.00449 1.21000    104         86.0 0.0981
1  2  25.9 0.00470 0.00469 1.21000    182        150.4 0.0741
1  2  25.9 0.00490 0.00488 1.21000    370        305.8 0.0520
1  2  25.9 0.00510 0.00508 1.21000    802        662.8 0.0353
1  2  25.9 0.00530 0.00527 1.21000   1878       1552.1 0.0231
1  2  25.9 0.00550 0.00547 1.21000   4504       3722.3 0.0149
1  2  25.9 0.00570 0.00566 1.21000  10532       8704.1 0.0097
1  2  25.9 0.00590 0.00586 1.21000  25548      21114.0 0.0063
1  2  25.9 0.00610 0.00605 1.21000  55784      46102.5 0.0042
1  2  25.9 0.00630 0.00635 0.44203  72606     164257.6 0.0037
1  2  25.9 0.00650 0.00654 0.24282  78706     324139.3 0.0036
1  2  25.9 0.00670 0.00674 0.11659  71848     616264.3 0.0037
1  2  25.9 0.00690 0.00693 0.06869  71404    1039490.9 0.0037
1  2  25.9 0.00710 0.00713 0.04430  72214    1630159.9 0.0037
1  2  25.9 0.00730 0.00732 0.03168  72068    2274672.3 0.0037
1  2  25.9 0.00750 0.00752 0.02464  71840    2915029.4 0.0037
1  2  25.9 0.00770 0.00771 0.02106  72620    3448924.3 0.0037
1  2  25.9 0.00790 0.00791 0.01884  71634    3801748.2 0.0037
1  2  25.9 0.00810 0.00811 0.01884  76528    4061481.8 0.0036
1  2  25.9 0.00830 0.00830 0.01884  79830    4236725.0 0.0035
1  2  25.9 0.00850 0.00850 0.01656  71968    4347092.2 0.0037
1  2  25.9 0.00870 0.00869 0.01656  73198    4421388.0 0.0037
1  2  25.9 0.00890 0.00889 0.01656  74034    4471885.0 0.0037
1  2  25.9 0.00910 0.00908 0.01656  74592    4505590.0 0.0037
1  2  25.9 0.00930 0.00928 0.01656  74976    4528784.8 0.0037
1  2  25.9 0.00950 0.00947 0.01656  75204    4542556.7 0.0036
1  2  25.9 0.00970 0.00967 0.01656  75350    4551375.5 0.0036
1  2  25.9 0.00990 0.00986 0.01656  75404    4554637.3 0.0036
1  2  25.9 0.01010 0.01006 0.01656  75370    4552583.6 0.0036
1  2  25.9 0.01030 0.01025 0.01656  75216    4543281.5 0.0036
1  2  25.9 0.01050 0.01055 0.01656  74750    4515133.7 0.0037
1  2  25.9 0.01070 0.01074 0.01656  74232    4483844.8 0.0037
1  2  25.9 0.01090 0.01094 0.01656  73570    4443858.0 0.0037
1  2  25.9 0.01110 0.01113 0.01656  72476    4377777.0 0.0037
1  2  25.9 0.01130 0.01133 0.01656  70772    4274850.0 0.0038
1  2  25.9 0.01150 0.01152 0.01656  68254    4122755.0 0.0038
1  2  25.9 0.01170 0.01172 0.01656  64572    3900350.6 0.0039
1  2  25.9 0.01190 0.01191 0.01656  59294    3581542.9 0.0041
1  2  25.9 0.01210 0.01211 0.01656  52308    3159566.7 0.0044
1  2  25.9 0.01230 0.01230 0.01656  44150    2666798.0 0.0048
1  2  25.9 0.01250 0.01250 0.01656  36690    2216190.7 0.0052
1  2  25.9 0.01270 0.01270 0.01656  29422    1777180.8 0.0058
1  2  25.9 0.01290 0.01289 0.01656  24444    1476494.0 0.0064
1  2  25.9 0.01310 0.01309 0.01656  21342    1289123.5 0.0068
1  2  25.9 0.01330 0.01328 0.01656  19660    1187525.5 0.0071
1  2  25.9 0.01350 0.01348 0.01656  18732    1131471.4 0.0073
1  2  25.9 0.01370 0.01367 0.01656  18168    1097404.0 0.0074
1  2  25.9 0.01390 0.01387 0.01656  18048    1090155.6 0.0074
1  2  25.9 0.01410 0.01406 0.01656  17926    1082786.4 0.0075
1  2  25.9 0.01430 0.01426 0.01656  17886    1080370.3 0.0075
1  2  25.9 0.01450 0.01445 0.01656  17826    1076746.1 0.0075
1  2  25.9 0.01470 0.01475 0.01656  17850    1078195.8 0.0075
1  2  25.9 0.01490 0.01494 0.01656  17656    1066477.6 0.0075
1  2  25.9 0.01510 0.01514 0.01656  17890    1080611.9 0.0075
1  2  25.9 0.01530 0.01533 0.01656  17570    1061282.9 0.0075
1  2  25.9 0.01550 0.01553 0.01656  17630    1064907.1 0.0075
1  2  25.9 0.01570 0.01572 0.01656  17628    1064786.3 0.0075
1  2  25.9 0.01590 0.01592 0.01656  17802    1075296.4 0.0075
1  2  25.9 0.01610 0.01611 0.01656  17616    1064061.5 0.0075
1  2  25.9 0.01630 0.01631 0.01656  17774    1073605.2 0.0075
1  2  25.9 0.01650 0.01650 0.01656  17658    1066598.4 0.0075
1  2  25.9 0.01670 0.01670 0.01656  17562    1060799.7 0.0075
1  2  25.9 0.01690 0.01689 0.01656  17690    1068531.3 0.0075
1  2  25.9 0.01710 0.01709 0.01656  17332    1046907.0 0.0076
1  2  25.9 0.01730 0.01729 0.01656  17134    1034947.2 0.0076
1  2  25.9 0.01750 0.01748 0.01656  16500     996651.6 0.0078
1  2  25.9 0.01770 0.01768 0.01656  15590     941684.7 0.0080
1  2  25.9 0.01790 0.01787 0.01656  14716     888892.4 0.0082
1  2  25.9 0.01810 0.01807 0.01656  13480     814234.1 0.0086
1  2  25.9 0.01830 0.01826 0.01656  12228     738609.4 0.0090
1  2  25.9 0.01850 0.01846 0.01656  10806     652716.2 0.0096
1  2  25.9 0.01870 0.01865 0.01656   9328     563440.4 0.0104
1  2  25.9 0.01890 0.01895 0.01656   7116     429828.6 0.0119
1  2  25.9 0.01910 0.01914 0.01656   5748     347197.2 0.0132
1  2  25.9 0.01930 0.01934 0.01656   4780     288726.9 0.0145
1  2  25.9 0.01950 0.01953 0.01656   4090     247048.8 0.0156
1  2  25.9 0.01970 0.01973 0.01656   3420     206578.7 0.0171
1  2  25.9 0.01990 0.01992 0.01656   3026     182779.9 0.0182
1  2  25.9 0.02010 0.02012 0.01656   2628     158739.4 0.0195
1  2  25.9 0.02030 0.02031 0.01656   2376     143517.8 0.0205
1  2  25.9 0.02050 0.02051 0.01656   2320     140135.3 0.0208
1  2  25.9 0.02070 0.02070 0.01683   2290     136088.4 0.0209
1  2  25.9 0.02090 0.02090 0.01710   2264     132363.4 0.0210
1  2  25.9 0.02110 0.02109 0.01715   2234     130256.8 0.0212
1  2  25.9 0.02130 0.02129 0.01715   2222     129557.2 0.0212
1  2  25.9 0.02150 0.02148 0.01876   2290     122067.4 0.0209
1  2  25.9 0.02170 0.02168 0.01876   2232     118975.8 0.0212
1  2  25.9 0.02190 0.02188 0.01977   2332     117928.7 0.0207
1  2  25.9 0.02210 0.02207 0.02017   2334     115692.6 0.0207
1  2  25.9 0.02230 0.02227 0.02017   2272     112619.4 0.0210
1  2  25.9 0.02250 0.02246 0.02118   2302     108663.0 0.0208
1  2  25.9 0.02270 0.02266 0.02118   2262     106774.8 0.0210
1  2  25.9 0.02290 0.02285 0.02118   2324     109701.5 0.0207
1  2  25.9 0.02310 0.02314 0.02199   2296     104390.2 0.0209
1  2  25.9 0.02330 0.02334 0.02288   2282      99738.0 0.0209
1  2  25.9 0.02350 0.02354 0.02347   2324      99013.7 0.0207
1  2  25.9 0.02370 0.02373 0.02399   2258      94123.6 0.0210
1  2  25.9 0.02390 0.02393 0.02456   2228      90712.9 0.0212
1  2  25.9 0.02410 0.02412 0.02560   2310      90242.0 0.0208
1  2  25.9 0.02430 0.02432 0.02628   2248      85527.6 0.0211
1  2  25.9 0.02450 0.02451 0.02706   2234      82568.0 0.0212
1  2  25.9 0.02470 0.02471 0.02768   2250      81288.1 0.0211
1  2  25.9 0.02490 0.02490 0.03027   2328      76914.3 0.0207
1  2  25.9 0.02510 0.02510 0.03151   2280      72357.0 0.0209
1  2  25.9 0.02530 0.02529 0.03309   2252      68059.0 0.0211
1  2  25.9 0.02550 0.02549 0.03653   2314      63353.6 0.0208
1  2  25.9 0.02570 0.02568 0.03844   2254      58636.4 0.0211
1  2  25.9 0.02590 0.02588 0.04301   2256      52455.1 0.0211
1  2  25.9 0.02610 0.02607 0.04857   2280      46939.8 0.0209
1  2  25.9 0.02630 0.02627 0.05702   2434      42687.5 0.0203
1  2  25.9 0.02650 0.02646 0.06168   2346      38033.4 0.0206
1  2  25.9 0.02670 0.02666 0.07007   2252      32138.8 0.0211
1  2  25.9 0.02690 0.02686 0.08072   2234      27677.2 0.0212
1  2  25.9 0.02710 0.02715 0.09758   2256      23119.5 0.0211
1  2  25.9 0.02730 0.02734 0.11758   2264      19254.6 0.0210
1  2  25.9 0.02750 0.02754 0.13453   2288      17006.8 0.0209
1  2  25.9 0.02770 0.02773 0.14469   2224      15370.5 0.0212
1  2  25.9 0.02790 0.02793 0.16246   2278      14022.3 0.0210
1  2  25.9 0.02810 0.02813 0.17906   2252      12577.1 0.0211
1  2  25.9 0.02830 0.02832 0.19073   2242      11754.9 0.0211
1  2  25.9 0.02850 0.02852 0.20525   2292      11167.1 0.0209
1  2  25.9 0.02870 0.02871 0.21812   2246      10297.0 0.0211
1  2  25.9 0.02890 0.02891 0.22908   2362      10310.9 0.0206
1  2  25.9 0.02910 0.02910 0.22970   2244       9769.3 0.0211
1  2  25.9 0.02930 0.02930 0.23940   2272       9490.6 0.0210
1  2  25.9 0.02950 0.02949 0.24927   2304       9243.1 0.0208
1  2  25.9 0.02970 0.02969 0.24927   2264       9082.6 0.0210
1  2  25.9 0.02990 0.02988 0.26331   2300       8735.0 0.0209
1  2  25.9 0.03010 0.03008 0.27572   2262       8204.0 0.0210
1  2  25.9 0.03030 0.03027 0.27949   2342       8379.5 0.0207
1  2  25.9 0.03050 0.03047 0.28881   2284       7908.4 0.0209
1  2  25.9 0.03070 0.03066 0.29276   2252       7692.3 0.0211
1  2  25.9 0.03090 0.03086 0.30285   2228       7356.9 0.0212
1  2  25.9 0.03110 0.03105 0.31682   2250       7101.8 0.0211
1  2  25.9 0.03130 0.03135 0.34500   2262       6556.4 0.0210
1  2  25.9 0.03150 0.03154 0.35387   2306       6516.6 0.0208
1  2  25.9 0.03170 0.03174 0.36201   2302       6358.9 0.0208
1  2  25.9 0.03190 0.03193 0.37656   2238       5943.2 0.0211
1  2  25.8 0.03210 0.03213 0.39523   2302       5824.5 0.0208
1  2  25.8 0.03230 0.03232 0.41289   2238       5420.3 0.0211
1  2  25.9 0.03250 0.03252 0.44023   2304       5233.6 0.0208
1  2  25.9 0.03270 0.03271 0.44023   2244       5097.3 0.0211
1  2  25.9 0.03290 0.03291 0.48139   2290       4757.0 0.0209
1  2  25.8 0.03310 0.03311 0.48139   2222       4615.8 0.0212
1  2  25.8 0.03330 0.03330 0.53590   2228       4157.5 0.0212
1  2  25.8 0.03350 0.03350 0.58659   2234       3808.5 0.0212
1  2  25.8 0.03370 0.03369 0.63088   2304       3652.1 0.0208
1  2  25.8 0.03390 0.03389 0.70399   2296       3261.4 0.0209
1  2  25.8 0.03410 0.03408 0.78607   2362       3004.8 0.0206
1  2  25.8 0.03430 0.03428 0.81771   2222       2717.3 0.0212
1  2  25.8 0.03450 0.03447 0.90667   2326       2565.4 0.0207
1  2  25.8 0.03470 0.03467 0.98370   2244       2281.2 0.0211
1  2  25.8 0.03490 0.03486 1.14786   2300       2003.7 0.0209
1  2  25.8 0.03510 0.03506 1.20650   2226       1845.0 0.0212
1  2  25.8 0.03530 0.03525 1.21000   1978       1634.7 0.0225
1  2  25.8 0.03550 0.03555 1.21000   1686       1393.4 0.0244
1  2  25.8 0.03570 0.03574 1.21000   1592       1315.7 0.0251
1  2  25.8 0.03590 0.03594 1.21000   1482       1224.8 0.0260
1  2  25.8 0.03610 0.03613 1.21000   1270       1049.6 0.0281
1  2  25.8 0.03630 0.03633 1.21000   1242       1026.4 0.0284
1  2  25.8 0.03650 0.03652 1.21000   1182        976.9 0.0291
1  2  25.8 0.03670 0.03672 1.21000   1198        990.1 0.0289
1  2  25.8 0.03690 0.03691 1.21000   1112        919.0 0.0300
1  2  25.8 0.03710 0.03711 1.21000   1024        846.3 0.0312
1  2  25.8 0.03730 0.03730 1.21000   1044        862.8 0.0309
1  2  25.8 0.03750 0.03750 1.21000    992        819.8 0.0318
1  2  25.8 0.03770 0.03770 1.21000    958        791.7 0.0323
1  2  25.8 0.03790 0.03789 1.21000    994        821.5 0.0317
1  2  25.8 0.03810 0.03809 1.21000    912        753.7 0.0331
1  2  25.8 0.03830 0.03828 1.21000    940        776.9 0.0326
1  2  25.8 0.03850 0.03848 1.21000    858        709.1 0.0341
1  2  25.8 0.03870 0.03867 1.21000    848        700.8 0.0343
1  2  25.8 0.03890 0.03887 1.21000    800        661.2 0.0354
1  2  25.8 0.03910 0.03906 1.21000    788        651.2 0.0356
1  2  25.8 0.03930 0.03926 1.21000    790        652.9 0.0356
1  2  25.8 0.03950 0.03945 1.21000    752        621.5 0.0365
1  2  25.8 0.03970 0.03975 1.21000    742        613.2 0.0367
1  2  25.8 0.03990 0.03994 1.21000    718        593.4 0.0373
1  3  25.8 0.00010 0.00010 1.21000      4          3.3 0.5000
1  3  25.8 0.00030 0.00029 1.21000      4          3.3 0.5000
1  3  25.8 0.00050 0.00049 1.21000      8          6.6 0.3536
1  3  25.8 0.00070 0.00068 1.21000      4          3.3 0.5000
1  3  25.8 0.00090 0.00088 1.21000      4          3.3 0.5000
1  3  25.8 0.00110 0.00107 1.21000     10          8.3 0.3162
1  3  25.8 0.00130 0.00127 1.21000      6          5.0 0.4082
1  3  25.8 0.00150 0.00146 1.21000      6          5.0 0.4082
1  3  25.8 0.00170 0.00166 1.21000     10          8.3 0.3162
1  3  25.8 0.00190 0.00186 1.21000      6          5.0 0.4082
1  3  25.8 0.00210 0.00215 1.21000     14         11.6 0.2673
1  3  25.8 0.00230 0.00234 1.21000      8          6.6 0.3536
1  3  25.8 0.00250 0.00254 1.21000     16         13.2 0.2500
1  3  25.8 0.00270 0.00273 1.21000     12          9.9 0.2887
1  3  25.8 0.00290 0.00293 1.21000     16         13.2 0.2500
1  3  25.8 0.00310 0.00313 1.21000     14         11.6 0.2673
1  3  25.8 0.00330 0.00332 1.21000     18         14.9 0.2357
1  3  25.8 0.00350 0.00352 1.21000     20         16.5 0.2236
1  3  25.8 0.00370 0.00371 1.21000     16         13.2 0.2500
1  3  25.8 0.00390 0.00391 1.21000     36         29.8 0.1667
1  3  25.8 0.00410 0.00410 1.21000     24         19.8 0.2041
1  3  25.8 0.00430 0.00430 1.21000     40         33.1 0.1581
1  3  25.8 0.00450 0.00449 1.21000     64         52.9 0.1250
1  3  25.8 0.00470 0.00469 1.21000    110         90.9 0.0953
1  3  25.8 0.00490 0.00488 1.21000    296        244.6 0.0581
1  3  25.8 0.00510 0.00508 1.21000    708        585.1 0.0376
1  3  25.8 0.00530 0.00527 1.21000   1656       1368.6 0.0246
1  3  25.8 0.00550 0.00547 1.21000   4140       3421.5 0.0155
1  3  25.8 0.00570 0.00566 1.21000  10192       8423.1 0.0099
1  3  25.8 0.00590 0.00586 1.21000  24734      20441.3 0.0064
1  3  25.8 0.00610 0.00605 1.21000  54174      44771.9 0.0043
1  3  25.8 0.00630 0.00635 0.44736  70680     157992.3 0.0038
1  3  25.8 0.00650 0.00654 0.24575  78076     317707.6 0.0036
1  3  25.8 0.00670 0.00674 0.11815  71298     603456.7 0.0037
1  3  25.8 0.00690 0.00693 0.06972  71576    1026645.5 0.0037
1  3  25.8 0.00710 0.00713 0.04434  72216    1628605.0 0.0037
1  3  25.8 0.00730 0.00732 0.03164  72106    2278651.9 0.0037
1  3  25.8 0.00750 0.00752 0.02472  72224    2921320.7 0.0037
1  3  25.8 0.00770 0.00771 0.02105  71862    3414539.8 0.0037
1  3  25.8 0.00790 0.00791 0.02105  79744    3789054.9 0.0035
1  3  25.8 0.00810 0.00811 0.01779  72516    4076545.2 0.0037
1  3  25.8 0.00830 0.00830 0.01779  75680    4254412.0 0.0036
1  3  25.8 0.00850 0.00850 0.01779  77652    4365269.5 0.0036
1  3  25.8 0.00870 0.00869 0.01779  79032    4442847.3 0.0036
1  3  25.8 0.00890 0.00889 0.01779  79952    4494565.9 0.0035
1  3  25.8 0.00910 0.00908 0.01590  71674    4507120.7 0.0037
1  3  25.8 0.00930 0.00928 0.01590  72040    4530136.1 0.0037
1  3  25.8 0.00950 0.00947 0.01590  72256    4543719.0 0.0037
1  3  25.8 0.00970 0.00967 0.01590  72386    4551893.8 0.0037
1  3  25.8 0.00990 0.00986 0.01590  72448    4555792.6 0.0037
1  3  25.8 0.01010 0.01006 0.01590  72400    4552774.2 0.0037
1  3  25.8 0.01030 0.01025 0.01590  72278    4545102.4 0.0037
1  3  25.8 0.01050 0.01055 0.01590  71822    4516427.5 0.0037
1  3  25.8 0.01070 0.01074 0.01590  71306    4483979.5 0.0037
1  3  25.8 0.01090 0.01094 0.01590  70648    4442602.1 0.0038
1  3  25.8 0.01110 0.01113 0.01590  69596    4376448.5 0.0038
1  3  25.8 0.01130 0.01133 0.01590  67884    4268791.8 0.0038
1  3  25.8 0.01150 0.01152 0.01590  65472    4117116.5 0.0039
1  3  25.8 0.01170 0.01172 0.01590  61906    3892873.5 0.0040
1  3  25.8 0.01190 0.01191 0.01590  56752    3568771.3 0.0042
1  3  25.8 0.01210 0.01211 0.01590  49850    3134748.5 0.0045
1  3  25.8 0.01230 0.01230 0.01590  42474    2670918.9 0.0049
1  3  25.8 0.01250 0.01250 0.01590  34956    2198159.9 0.0053
1  3  25.8 0.01270 0.01270 0.01590  28806    1811425.6 0.0059
1  3  25.8 0.01290 0.01289 0.01590  24282    1526940.1 0.0064
1  3  25.8 0.01310 0.01309 0.01590  21340    1341936.5 0.0068
1  3  25.8 0.01330 0.01328 0.01590  19988    1256917.8 0.0071
1  3  25.8 0.01350 0.01348 0.01590  18788    1181457.5 0.0073
1  3  25.8 0.01370 0.01367 0.01590  18382    1155926.7 0.0074
1  3  25.8 0.01390 0.01387 0.01590  18600    1169635.4 0.0073
1  3  25.8 0.01410 0.01406 0.01590  18272    1149009.5 0.0074
1  3  25.8 0.01430 0.01426 0.01590  18242    1147123.0 0.0074
1  3  25.8 0.01450 0.01445 0.01590  18308    1151273.3 0.0074
1  3  25.8 0.01470 0.01475 0.01590  17858    1122975.7 0.0075
1  3  25.8 0.01490 0.01494 0.01590  18160    1141966.6 0.0074
1  3  25.8 0.01510 0.01514 0.01590  18136    1140457.4 0.0074
1  3  25.8 0.01530 0.01533 0.01590  18272    1149009.5 0.0074
1  3  25.8 0.01550 0.01553 0.01590  18196    1144230.4 0.0074
1  3  25.8 0.01570 0.01572 0.01590  17982    1130773.3 0.0075
1  3  25.8 0.01590 0.01592 0.01590  17842    1121969.6 0.0075
1  3  25.8 0.01610 0.01611 0.01590  17528    1102224.1 0.0076
1  3  25.8 0.01630 0.01631 0.01590  16994    1068644.3 0.0077
1  3  25.8 0.01650 0.01650 0.01590  16400    1031291.4 0.0078
1  3  25.8 0.01670 0.01670 0.01590  15722     988656.3 0.0080
1  3  25.8 0.01690 0.01689 0.01590  14384     904518.0 0.0083
1  3  25.8 0.01710 0.01709 0.01590  12918     812330.6 0.0088
1  3  25.8 0.01730 0.01729 0.01590  11788     741272.1 0.0092
1  3  25.8 0.01750 0.01748 0.01590  10104     635376.1 0.0099
1  3  25.8 0.01770 0.01768 0.01590   8716     548093.6 0.0107
1  3  25.8 0.01790 0.01787 0.01590   7486     470746.8 0.0116
1  3  25.8 0.01810 0.01807 0.01590   6398     402329.4 0.0125
1  3  25.8 0.01830 0.01826 0.01590   5466     343721.9 0.0135
1  3  25.8 0.01850 0.01846 0.01590   4668     293540.7 0.0146
1  3  25.8 0.01870 0.01865 0.01590   4294     270022.3 0.0153
1  3  25.8 0.01890 0.01895 0.01590   3810     239586.6 0.0162
1  3  25.8 0.01910 0.01914 0.01590   3518     221224.6 0.0169
1  3  25.8 0.01930 0.01934 0.01590   3370     211917.8 0.0172
1  3  25.8 0.01950 0.01953 0.01590   3384     212798.2 0.0172
1  3  25.8 0.01970 0.01973 0.01590   3200     201227.6 0.0177
1  3  25.8 0.01990 0.01992 0.01590   3140     197454.6 0.0178
1  3  25.8 0.02010 0.02012 0.01590   3188     200473.0 0.0177
1  3  25.8 0.02030 0.02031 0.01590   3150     198083.4 0.0178
1  3  25.8 0.02050 0.02051 0.01590   3048     191669.3 0.0181
1  3  25.8 0.02070 0.02070 0.01590   2970     186764.4 0.0183
1  3  25.8 0.02090 0.02090 0.01590   2968     186638.6 0.0184
1  3  25.8 0.02110 0.02109 0.01590   2902     182488.3 0.0186
1  3  25.8 0.02130 0.02129 0.01590   2896     182111.0 0.0186
1  3  25.8 0.02150 0.02148 0.01590   2848     179092.6 0.0187
1  3  25.7 0.02170 0.02168 0.01590   2844     178841.0 0.0188
1  3  25.7 0.02190 0.02188 0.01590   2752     173055.7 0.0191
1  3  25.7 0.02210 0.02207 0.01590   2728     171546.5 0.0191
1  3  25.7 0.02230 0.02227 0.01590   2680     168528.1 0.0193
1  3  25.7 0.02250 0.02246 0.01590   2598     163371.6 0.0196
1  3  25.7 0.02270 0.02266 0.01590   2564     161233.6 0.0197
1  3  25.7 0.02290 0.02285 0.01590   2436     153184.5 0.0203
1  3  25.7 0.02310 0.02314 0.01590   2310     145261.2 0.0208
1  3  25.7 0.02330 0.02334 0.01615   2248     139199.3 0.0211
1  3  25.7 0.02350 0.02354 0.01757   2312     131566.2 0.0208
1  3  25.7 0.02370 0.02373 0.01923   2330     121133.5 0.0207
1  3  25.7 0.02390 0.02393 0.02091   2284     109229.8 0.0209
1  3  25.7 0.02410 0.02412 0.02210   2230     100887.8 0.0212
1  3  25.7 0.02430 0.02432 0.02590   2330      89946.5 0.0207
1  3  25.7 0.02450 0.02451 0.02917   2244      76931.1 0.0211
1  3  25.7 0.02470 0.02471 0.03155   2276      72128.6 0.0210
1  3  25.7 0.02490 0.02490 0.03546   2276      64179.8 0.0210
1  3  25.7 0.02510 0.02510 0.03960   2266      57226.3 0.0210
1  3  25.7 0.02530 0.02529 0.04217   2292      54357.5 0.0209
1  3  25.7 0.02550 0.02549 0.04593   2240      48764.7 0.0211
1  3  25.7 0.02570 0.02568 0.05139   2282      44402.6 0.0209
1  3  25.7 0.02590 0.02588 0.05149   2260      43895.4 0.0210
1  3  25.7 0.02610 0.02607 0.05149   2236      43429.2 0.0211
1  3  25.7 0.02630 0.02627 0.05832   2250      38582.3 0.0211
1  3  25.7 0.02650 0.02646 0.05832   2308      39576.8 0.0208
1  3  25.7 0.02670 0.02666 0.05832   2230      38239.3 0.0212
1  3  25.7 0.02690 0.02686 0.05837   2254      38616.1 0.0211
1  3  25.7 0.02710 0.02715 0.06109   2282      37355.9 0.0209
1  3  25.7 0.02730 0.02734 0.06164   2292      37181.9 0.0209
1  3  25.7 0.02750 0.02754 0.06347   2250      35449.3 0.0211
1  3  25.7 0.02770 0.02773 0.06347   2230      35134.2 0.0212
1  3  25.7 0.02790 0.02793 0.06347   2238      35260.2 0.0211
1  3  25.7 0.02810 0.02813 0.06634   2332      35153.8 0.0207
1  3  25.7 0.02830 0.02832 0.06634   2342      35304.6 0.0207
1  3  25.7 0.02850 0.02852 0.06811   2252      33066.0 0.0211
1  3  25.7 0.02870 0.02871 0.06811   2282      33506.4 0.0209
1  3  25.7 0.02890 0.02891 0.07058   2328      32982.0 0.0207
1  3  25.7 0.02910 0.02910 0.07058   2258      31990.2 0.0210
1  3  25.7 0.02930 0.02930 0.07058   2226      31536.9 0.0212
1  3  25.7 0.02950 0.02949 0.07579   2278      30055.8 0.0210
1  3  25.7 0.02970 0.02969 0.07690   2224      28920.7 0.0212
1  3  25.7 0.02990 0.02988 0.07831   2274      29038.6 0.0210
1  3  25.7 0.03010 0.03008 0.08355   2264      27098.3 0.0210
1  3  25.7 0.03030 0.03027 0.08610   2296      26667.6 0.0209
1  3  25.7 0.03050 0.03047 0.09041   2248      24864.5 0.0211
1  3  25.7 0.03070 0.03066 0.09584   2234      23308.5 0.0212
1  3  25.7 0.03090 0.03086 0.10318   2236      21670.5 0.0211
1  3  25.7 0.03110 0.03105 0.11674   2344      20079.5 0.0207
1  3  25.7 0.03130 0.03135 0.13234   2390      18059.4 0.0205
1  3  25.7 0.03150 0.03154 0.13767   2244      16300.0 0.0211
1  3  25.7 0.03170 0.03174 0.16016   2266      14148.6 0.0210
1  3  25.7 0.03190 0.03193 0.16850   2292      13602.5 0.0209
1  3  25.7 0.03210 0.03213 0.18737   2228      11890.7 0.0212
1  3  25.7 0.03230 0.03232 0.18737   2228      11890.7 0.0212
1  3  25.7 0.03250 0.03252 0.20828   2250      10802.9 0.0211
1  3  25.7 0.03270 0.03271 0.22250   2274      10220.3 0.0210
1  3  25.7 0.03290 0.03291 0.23482   2326       9905.7 0.0207
1  3  25.7 0.03310 0.03311 0.25284   2362       9341.9 0.0206
1  3  25.7 0.03330 0.03330 0.25284   2300       9096.7 0.0209
1  3  25.7 0.03350 0.03350 0.25818   2266       8776.7 0.0210
1  3  25.7 0.03370 0.03369 0.26172   2358       9009.7 0.0206
1  3  25.7 0.03390 0.03389 0.26172   2266       8658.2 0.0210
1  3  25.7 0.03410 0.03408 0.26172   2256       8620.0 0.0211
1  3  25.7 0.03430 0.03428 0.27431   2296       8370.1 0.0209
1  3  25.7 0.03450 0.03447 0.27431   2230       8129.5 0.0212
1  3  25.7 0.03470 0.03467 0.28642   2294       8009.3 0.0209
1  3  25.7 0.03490 0.03486 0.29409   2316       7875.1 0.0208
1  3  25.7 0.03510 0.03506 0.29409   2360       8024.7 0.0206
1  3  25.7 0.03530 0.03525 0.29409   2230       7582.6 0.0212
1  3  25.7 0.03550 0.03555 0.29409   2248       7643.8 0.0211
1  3  25.7 0.03570 0.03574 0.30622   2304       7524.0 0.0208
1  3  25.7 0.03590 0.03594 0.31210   2248       7202.8 0.0211
1  3  25.7 0.03610 0.03613 0.32076   2328       7257.7 0.0207
1  3  25.7 0.03630 0.03633 0.32076   2248       7008.3 0.0211
1  3  25.7 0.03650 0.03652 0.33907   2316       6830.3 0.0208
1  3  25.7 0.03670 0.03672 0.33907   2318       6836.2 0.0208
1  3  25.7 0.03690 0.03691 0.34624   2274       6567.6 0.0210
1  3  25.7 0.03710 0.03711 0.37640   2246       5967.1 0.0211
1  3  25.7 0.03730 0.03730 0.39082   2276       5823.7 0.0210
1  3  25.7 0.03750 0.03750 0.39082   2250       5757.2 0.0211
1  3  25.7 0.03770 0.03770 0.41952   2244       5349.0 0.0211
1  3  25.7 0.03790 0.03789 0.45554   2276       4996.2 0.0210
1  3  25.7 0.03810 0.03809 0.46517   2246       4828.3 0.0211
1  3  25.7 0.03830 0.03828 0.53389   2286       4281.8 0.0209
1  3  25.7 0.03850 0.03848 0.55435   2302       4152.6 0.0208
1  3  25.7 0.03870 0.03867 0.59794   2236       3739.5 0.0211
1  3  25.7 0.03890 0.03887 0.66631   2282       3424.8 0.0209
1  3  25.7 0.03910 0.03906 0.68927   2252       3267.2 0.0211
1  3  25.7 0.03930 0.03926 0.73094   2286       3127.5 0.0209
1  3  25.7 0.03950 0.03945 0.80624   2334       2894.9 0.0207
1  3  25.7 0.03970 0.03975 0.85470   2258       2641.8 0.0210
1  3  25.7 0.03990 0.03994 0.90138   2344       2600.4 0.0207
