# Scan Time    : Fri, 18 Mar 2022 01:01:31 +0000 (GMT) +340355000 nsec
# Board Lane   : 0
# Board Loc    : Bore Paddle
# SiPM Biases  :  57.055  56.401  56.539  56.393
# SiPM Currents:   1.079   1.271   1.093   1.032
#
1 -1  25.9 0.00010 0.00010 0.16769  70952     423118.4 0.0038
1 -1  25.9 0.00030 0.00029 0.09212  74318     806792.8 0.0037
1 -1  25.9 0.00050 0.00049 0.05060  74806    1478343.2 0.0037
1 -1  25.9 0.00070 0.00068 0.02870  72426    2523397.3 0.0037
1 -1  25.9 0.00090 0.00088 0.01815  72110    3973620.1 0.0037
1 -1  25.9 0.00110 0.00107 0.01265  71490    5652899.0 0.0037
1 -1  25.9 0.00130 0.00127 0.00978  72856    7449179.5 0.0037
1 -1  25.9 0.00150 0.00146 0.00796  71754    9009839.8 0.0037
1 -1  25.9 0.00170 0.00166 0.00700  71516   10222930.6 0.0037
1 -1  25.9 0.00190 0.00186 0.00700  78710   11251284.6 0.0036
1 -1  25.9 0.00210 0.00215 0.00586  71574   12214373.3 0.0037
1 -1  25.9 0.00230 0.00234 0.00586  74578   12727017.2 0.0037
1 -1  25.9 0.00250 0.00254 0.00586  76568   13066618.2 0.0036
1 -1  25.9 0.00270 0.00273 0.00586  77992   13309629.2 0.0036
1 -1  25.9 0.00290 0.00293 0.00586  79084   13495983.1 0.0036
1 -1  25.9 0.00310 0.00313 0.00586  79758   13611003.8 0.0035
1 -1  25.9 0.00330 0.00332 0.00527  71188   13518581.9 0.0037
1 -1  25.9 0.00350 0.00352 0.00527  71142   13509846.5 0.0037
1 -1  25.9 0.00370 0.00371 0.00527  70706   13427050.2 0.0038
1 -1  25.9 0.00390 0.00391 0.00527  69978   13288803.2 0.0038
1 -1  25.9 0.00410 0.00410 0.00527  68788   13062822.5 0.0038
1 -1  25.9 0.00430 0.00430 0.00527  66620   12651119.9 0.0039
1 -1  25.9 0.00450 0.00449 0.00527  63952   12144467.4 0.0040
1 -1  25.9 0.00470 0.00469 0.00527  59888   11372714.9 0.0041
1 -1  25.9 0.00490 0.00488 0.00527  55028   10449802.3 0.0043
1 -1  25.9 0.00510 0.00508 0.00527  47960    9107591.0 0.0046
1 -1  25.9 0.00530 0.00527 0.00527  41458    7872862.9 0.0049
1 -1  25.9 0.00550 0.00547 0.00527  35104    6666240.1 0.0053
1 -1  25.9 0.00570 0.00566 0.00527  30236    5741808.2 0.0058
1 -1  25.9 0.00590 0.00586 0.00527  26938    5115518.9 0.0061
1 -1  25.9 0.00610 0.00605 0.00527  24740    4698119.3 0.0064
1 -1  25.9 0.00630 0.00635 0.00527  22928    4354021.0 0.0066
1 -1  25.9 0.00650 0.00654 0.00527  22310    4236662.9 0.0067
1 -1  25.9 0.00670 0.00674 0.00527  22230    4221471.0 0.0067
1 -1  25.9 0.00690 0.00693 0.00527  22186    4213115.4 0.0067
1 -1  25.9 0.00710 0.00713 0.00527  21822    4143991.9 0.0068
1 -1  25.9 0.00730 0.00732 0.00527  21882    4155385.9 0.0068
1 -1  25.9 0.00750 0.00752 0.00527  21830    4145511.1 0.0068
1 -1  25.9 0.00770 0.00771 0.00527  21846    4148549.5 0.0068
1 -1  25.9 0.00790 0.00791 0.00527  21478    4078666.4 0.0068
1 -1  25.9 0.00810 0.00811 0.00527  21534    4089300.8 0.0068
1 -1  25.9 0.00830 0.00830 0.00527  21518    4086262.4 0.0068
1 -1  25.9 0.00850 0.00850 0.00527  21300    4044864.2 0.0069
1 -1  25.9 0.00870 0.00869 0.00527  21482    4079426.0 0.0068
1 -1  25.9 0.00890 0.00889 0.00527  21162    4018658.1 0.0069
1 -1  25.9 0.00910 0.00908 0.00527  21228    4031191.4 0.0069
1 -1  25.9 0.00930 0.00928 0.00527  21312    4047143.0 0.0068
1 -1  25.9 0.00950 0.00947 0.00527  21106    4008023.7 0.0069
1 -1  25.9 0.00970 0.00967 0.00527  20950    3978399.3 0.0069
1 -1  25.9 0.00990 0.00986 0.00527  20838    3957130.5 0.0069
1 -1  25.9 0.01010 0.01006 0.00527  20080    3813186.5 0.0071
1 -1  25.9 0.01030 0.01025 0.00527  19208    3647594.0 0.0072
1 -1  25.9 0.01050 0.01055 0.00527  17816    3383253.6 0.0075
1 -1  25.9 0.01070 0.01074 0.00527  16548    3142460.7 0.0078
1 -1  25.9 0.01090 0.01094 0.00527  15058    2859510.1 0.0081
1 -1  25.9 0.01110 0.01113 0.00527  13650    2592131.3 0.0086
1 -1  25.9 0.01130 0.01133 0.00527  12020    2282594.7 0.0091
1 -1  25.9 0.01150 0.01152 0.00527  10738    2039143.3 0.0097
1 -1  25.9 0.01170 0.01172 0.00527   9402    1785437.2 0.0103
1 -1  25.9 0.01190 0.01191 0.00527   8304    1576927.3 0.0110
1 -1  25.9 0.01210 0.01211 0.00527   7268    1380191.2 0.0117
1 -1  25.9 0.01230 0.01230 0.00527   6730    1278025.2 0.0122
1 -1  25.9 0.01250 0.01250 0.00527   5884    1117370.0 0.0130
1 -1  25.9 0.01270 0.01270 0.00527   5490    1042549.5 0.0135
1 -1  25.9 0.01290 0.01289 0.00527   5184     984440.2 0.0139
1 -1  25.9 0.01310 0.01309 0.00527   4874     925571.3 0.0143
1 -1  25.9 0.01330 0.01328 0.00527   4526     859486.2 0.0149
1 -1  25.9 0.01350 0.01348 0.00527   4630     879235.7 0.0147
1 -1  25.9 0.01370 0.01367 0.00527   4310     818467.8 0.0152
1 -1  25.9 0.01390 0.01387 0.00527   4330     822265.8 0.0152
1 -1  25.9 0.01410 0.01406 0.00527   4070     772891.9 0.0157
1 -1  25.9 0.01430 0.01426 0.00527   4134     785045.5 0.0156
1 -1  25.9 0.01450 0.01445 0.00527   4040     767194.9 0.0157
1 -1  25.9 0.01470 0.01475 0.00527   3936     747445.3 0.0159
1 -1  25.9 0.01490 0.01494 0.00527   3890     738709.9 0.0160
1 -1  25.9 0.01510 0.01514 0.00527   3748     711744.2 0.0163
1 -1  25.9 0.01530 0.01533 0.00527   3552     674523.8 0.0168
1 -1  25.9 0.01550 0.01553 0.00527   3438     652875.3 0.0171
1 -1  25.9 0.01570 0.01572 0.00527   3386     643000.5 0.0172
1 -1  25.9 0.01590 0.01592 0.00527   3248     616794.3 0.0175
1 -1  25.9 0.01610 0.01611 0.00527   3230     613376.1 0.0176
1 -1  25.9 0.01630 0.01631 0.00527   3050     579194.2 0.0181
1 -1  25.9 0.01650 0.01650 0.00527   2966     563242.6 0.0184
1 -1  25.9 0.01670 0.01670 0.00527   2826     536656.6 0.0188
1 -1  25.9 0.01690 0.01689 0.00527   2812     533998.0 0.0189
1 -1  25.9 0.01710 0.01709 0.00527   2618     497157.5 0.0195
1 -1  25.9 0.01730 0.01729 0.00527   2498     474369.5 0.0200
1 -1  25.9 0.01750 0.01748 0.00527   2362     448543.2 0.0206
1 -1  25.9 0.01770 0.01768 0.00527   2236     424615.8 0.0211
1 -1  25.9 0.01790 0.01787 0.00596   2336     392098.0 0.0207
1 -1  25.9 0.01810 0.01807 0.00615   2332     379447.7 0.0207
1 -1  25.9 0.01830 0.01826 0.00681   2234     327842.0 0.0212
1 -1  25.9 0.01850 0.01846 0.00725   2236     308346.9 0.0211
1 -1  25.9 0.01870 0.01865 0.00821   2376     289313.9 0.0205
1 -1  25.9 0.01890 0.01895 0.00929   2330     250770.3 0.0207
1 -1  25.9 0.01910 0.01914 0.01022   2242     219466.3 0.0211
1 -1  25.9 0.01930 0.01934 0.01172   2380     203143.2 0.0205
1 -1  25.9 0.01950 0.01953 0.01192   2230     187084.9 0.0212
1 -1  25.9 0.01970 0.01973 0.01386   2342     168920.3 0.0207
1 -1  25.9 0.01990 0.01992 0.01386   2228     160697.9 0.0212
1 -1  25.9 0.02010 0.02012 0.01542   2350     152410.3 0.0206
1 -1  25.9 0.02030 0.02031 0.01579   2278     144283.2 0.0210
1 -1  25.9 0.02050 0.02051 0.01650   2300     139382.8 0.0209
1 -1  25.9 0.02070 0.02070 0.01748   2302     131681.7 0.0208
1 -1  25.9 0.02090 0.02090 0.01835   2222     121089.5 0.0212
1 -1  25.9 0.02110 0.02109 0.01855   2262     121937.9 0.0210
1 -1  25.9 0.02130 0.02129 0.01944   2274     116957.5 0.0210
1 -1  25.9 0.02150 0.02148 0.02051   2284     111339.2 0.0209
1 -1  25.9 0.02170 0.02168 0.02100   2350     111889.0 0.0206
1 -1  25.9 0.02190 0.02188 0.02119   2236     105503.0 0.0211
1 -1  25.9 0.02210 0.02207 0.02255   2294     101712.9 0.0209
1 -1  25.9 0.02230 0.02227 0.02255   2306     102245.0 0.0208
1 -1  25.9 0.02250 0.02246 0.02374   2322      97818.4 0.0208
1 -1  25.9 0.02270 0.02266 0.02431   2234      91908.8 0.0212
1 -1  25.9 0.02290 0.02285 0.02542   2288      90023.7 0.0209
1 -1  25.9 0.02310 0.02314 0.02629   2308      87793.8 0.0208
1 -1  25.9 0.02330 0.02334 0.02749   2312      84090.5 0.0208
1 -1  25.9 0.02350 0.02354 0.02836   2266      79895.2 0.0210
1 -1  25.9 0.02370 0.02373 0.02883   2250      78045.8 0.0211
1 -1  25.9 0.02390 0.02393 0.03071   2254      73399.6 0.0211
1 -1  25.9 0.02410 0.02412 0.03228   2296      71133.2 0.0209
1 -1  25.9 0.02430 0.02432 0.03389   2316      68329.9 0.0208
1 -1  25.9 0.02450 0.02451 0.03389   2232      65851.6 0.0212
1 -1  25.9 0.02470 0.02471 0.03713   2242      60377.8 0.0211
1 -1  25.9 0.02490 0.02490 0.03890   2274      58457.1 0.0210
1 -1  25.9 0.02510 0.02510 0.04020   2236      55617.7 0.0211
1 -1  25.9 0.02530 0.02529 0.04527   2364      52222.0 0.0206
1 -1  25.9 0.02550 0.02549 0.04674   2270      48565.8 0.0210
1 -1  25.9 0.02570 0.02568 0.05019   2244      44710.6 0.0211
1 -1  25.9 0.02590 0.02588 0.05488   2310      42090.1 0.0208
1 -1  25.9 0.02610 0.02607 0.05829   2294      39353.1 0.0209
1 -1  25.9 0.02630 0.02627 0.06355   2284      35937.5 0.0209
1 -1  25.9 0.02650 0.02646 0.06668   2276      34135.5 0.0210
1 -1  25.9 0.02670 0.02666 0.07262   2232      30733.7 0.0212
1 -1  25.9 0.02690 0.02686 0.07655   2234      29183.0 0.0212
1 -1  25.9 0.02710 0.02715 0.08718   2328      26703.3 0.0207
1 -1  25.9 0.02730 0.02734 0.09086   2248      24741.2 0.0211
1 -1  25.9 0.02750 0.02754 0.09550   2254      23601.5 0.0211
1 -1  25.9 0.02770 0.02773 0.10229   2348      22953.7 0.0206
1 -1  25.9 0.02790 0.02793 0.10540   2312      21935.4 0.0208
1 -1  25.9 0.02810 0.02813 0.11089   2238      20182.2 0.0211
1 -1  25.9 0.02830 0.02832 0.11089   2236      20164.1 0.0211
1 -1  26.0 0.02850 0.02852 0.12148   2308      18998.9 0.0208
1 -1  26.0 0.02870 0.02871 0.12270   2274      18533.6 0.0210
1 -1  26.0 0.02890 0.02891 0.12728   2264      17787.8 0.0210
1 -1  26.0 0.02910 0.02910 0.12728   2232      17536.4 0.0212
1 -1  26.0 0.02930 0.02930 0.13303   2256      16959.1 0.0211
1 -1  26.0 0.02950 0.02949 0.13748   2258      16424.2 0.0210
1 -1  26.0 0.02970 0.02969 0.13748   2258      16424.2 0.0210
1 -1  26.0 0.02990 0.02988 0.14831   2340      15778.3 0.0207
1 -1  26.0 0.03010 0.03008 0.14831   2238      15090.5 0.0211
1 -1  26.0 0.03030 0.03027 0.14831   2240      15104.0 0.0211
1 -1  26.0 0.03050 0.03047 0.16072   2294      14273.2 0.0209
1 -1  26.0 0.03070 0.03066 0.16397   2234      13624.6 0.0212
1 -1  26.0 0.03090 0.03086 0.16590   2230      13441.5 0.0212
1 -1  26.0 0.03110 0.03105 0.17546   2230      12709.5 0.0212
1 -1  26.0 0.03130 0.03135 0.18734   2390      12757.4 0.0205
1 -1  26.0 0.03150 0.03154 0.19785   2340      11827.2 0.0207
1 -1  26.0 0.03170 0.03174 0.19910   2238      11240.3 0.0211
1 -1  26.0 0.03190 0.03193 0.20819   2278      10942.1 0.0210
1 -1  26.0 0.03210 0.03213 0.21861   2284      10447.6 0.0209
1 -1  26.0 0.03230 0.03232 0.23005   2254       9797.8 0.0211
1 -1  26.0 0.03250 0.03252 0.23985   2264       9439.3 0.0210
1 -1  26.0 0.03270 0.03271 0.25547   2238       8760.4 0.0211
1 -1  26.0 0.03290 0.03291 0.27152   2242       8257.2 0.0211
1 -1  26.0 0.03310 0.03311 0.28495   2246       7882.1 0.0211
1 -1  26.0 0.03330 0.03330 0.29923   2278       7613.0 0.0210
1 -1  26.0 0.03350 0.03350 0.31812   2244       7053.9 0.0211
1 -1  26.0 0.03370 0.03369 0.33952   2274       6697.8 0.0210
1 -1  26.0 0.03390 0.03389 0.36510   2376       6507.8 0.0205
1 -1  26.0 0.03410 0.03408 0.39146   2268       5793.7 0.0210
1 -1  26.0 0.03430 0.03428 0.41818   2224       5318.2 0.0212
1 -1  26.0 0.03450 0.03447 0.42860   2258       5268.3 0.0210
1 -1  26.0 0.03470 0.03467 0.45523   2252       4946.9 0.0211
1 -1  26.0 0.03490 0.03486 0.46654   2228       4775.6 0.0212
1 -1  26.0 0.03510 0.03506 0.50079   2230       4452.9 0.0212
1 -1  26.0 0.03530 0.03525 0.50079   2230       4452.9 0.0212
1 -1  26.0 0.03550 0.03555 0.54705   2242       4098.4 0.0211
1 -1  26.0 0.03570 0.03574 0.55202   2276       4123.1 0.0210
1 -1  26.0 0.03590 0.03594 0.57553   2270       3944.2 0.0210
1 -1  26.0 0.03610 0.03613 0.57553   2246       3902.5 0.0211
1 -1  26.0 0.03630 0.03633 0.59536   2274       3819.6 0.0210
1 -1  26.0 0.03650 0.03652 0.62107   2364       3806.3 0.0206
1 -1  26.0 0.03670 0.03672 0.62614   2274       3631.8 0.0210
1 -1  26.0 0.03690 0.03691 0.65063   2278       3501.2 0.0210
1 -1  26.0 0.03710 0.03711 0.66316   2256       3401.9 0.0211
1 -1  26.0 0.03730 0.03730 0.68333   2300       3365.9 0.0209
1 -1  26.0 0.03750 0.03750 0.70753   2276       3216.8 0.0210
1 -1  26.0 0.03770 0.03770 0.72315   2226       3078.2 0.0212
1 -1  26.0 0.03790 0.03789 0.72315   2222       3072.7 0.0212
1 -1  26.0 0.03810 0.03809 0.74185   2246       3027.6 0.0211
1 -1  26.0 0.03830 0.03828 0.78720   2334       2965.0 0.0207
1 -1  26.0 0.03850 0.03848 0.78720   2274       2888.7 0.0210
1 -1  26.0 0.03870 0.03867 0.81129   2244       2766.0 0.0211
1 -1  26.0 0.03890 0.03887 0.84301   2242       2659.5 0.0211
1 -1  26.0 0.03910 0.03906 0.88967   2298       2583.0 0.0209
1 -1  26.0 0.03930 0.03926 0.93690   2274       2427.2 0.0210
1 -1  26.0 0.03950 0.03945 0.93690   2256       2407.9 0.0211
1 -1  26.0 0.03970 0.03975 0.99607   2298       2307.1 0.0209
1 -1  26.0 0.03990 0.03994 1.03521   2260       2183.1 0.0210
1  0  26.0 0.00010 0.00010 0.15406  72426     470122.7 0.0037
1  0  26.0 0.00030 0.00029 0.08585  72000     838712.0 0.0037
1  0  26.0 0.00050 0.00049 0.05165  71032    1375290.5 0.0038
1  0  26.0 0.00070 0.00068 0.03513  71488    2035039.9 0.0037
1  0  26.0 0.00090 0.00088 0.02650  72070    2719747.9 0.0037
1  0  26.0 0.00110 0.00107 0.02179  71978    3302538.9 0.0037
1  0  26.0 0.00130 0.00127 0.01932  71980    3726376.6 0.0037
1  0  26.0 0.00150 0.00146 0.01932  77830    4029228.8 0.0036
1  0  26.0 0.00170 0.00166 0.01704  71910    4219947.0 0.0037
1  0  26.0 0.00190 0.00186 0.01704  74108    4348933.8 0.0037
1  0  26.0 0.00210 0.00215 0.01704  76094    4465479.7 0.0036
1  0  26.0 0.00230 0.00234 0.01704  76922    4514069.8 0.0036
1  0  26.0 0.00250 0.00254 0.01704  77428    4543763.8 0.0036
1  0  26.0 0.00270 0.00273 0.01704  77796    4565359.4 0.0036
1  0  26.0 0.00290 0.00293 0.01704  77982    4576274.6 0.0036
1  0  26.0 0.00310 0.00313 0.01704  78076    4581790.9 0.0036
1  0  26.0 0.00330 0.00332 0.01704  78058    4580734.6 0.0036
1  0  26.0 0.00350 0.00352 0.01704  77908    4571932.0 0.0036
1  0  26.0 0.00370 0.00371 0.01704  77644    4556439.5 0.0036
1  0  26.0 0.00390 0.00391 0.01704  77188    4529679.7 0.0036
1  0  26.0 0.00410 0.00410 0.01704  76510    4489892.1 0.0036
1  0  26.0 0.00430 0.00430 0.01704  75486    4429800.0 0.0036
1  0  26.0 0.00450 0.00449 0.01704  73930    4338488.1 0.0037
1  0  26.0 0.00470 0.00469 0.01704  71676    4206215.0 0.0037
1  0  26.0 0.00490 0.00488 0.01704  68104    3996596.7 0.0038
1  0  26.0 0.00510 0.00508 0.01704  63682    3737097.3 0.0040
1  0  26.0 0.00530 0.00527 0.01704  56114    3292978.8 0.0042
1  0  26.0 0.00550 0.00547 0.01704  47902    2811068.0 0.0046
1  0  26.0 0.00570 0.00566 0.01704  39040    2291012.8 0.0051
1  0  26.0 0.00590 0.00586 0.01704  31438    1844899.1 0.0056
1  0  26.0 0.00610 0.00605 0.01704  25708    1508641.3 0.0062
1  0  26.0 0.00630 0.00635 0.01704  21012    1233062.5 0.0069
1  0  26.0 0.00650 0.00654 0.01704  19412    1139168.6 0.0072
1  0  26.0 0.00670 0.00674 0.01704  18954    1112291.4 0.0073
1  0  26.0 0.00690 0.00693 0.01704  18432    1081658.5 0.0074
1  0  26.0 0.00710 0.00713 0.01704  18216    1068982.8 0.0074
1  0  26.0 0.00730 0.00732 0.01704  18396    1079545.9 0.0074
1  0  26.0 0.00750 0.00752 0.01704  18212    1068748.1 0.0074
1  0  26.0 0.00770 0.00771 0.01704  18394    1079428.5 0.0074
1  0  26.0 0.00790 0.00791 0.01704  18092    1061706.0 0.0074
1  0  26.0 0.00810 0.00811 0.01704  18108    1062645.0 0.0074
1  0  26.0 0.00830 0.00830 0.01704  18154    1065344.4 0.0074
1  0  26.0 0.00850 0.00850 0.01704  18148    1064992.3 0.0074
1  0  26.0 0.00870 0.00869 0.01704  18336    1076024.9 0.0074
1  0  26.0 0.00890 0.00889 0.01704  18254    1071212.8 0.0074
1  0  26.0 0.00910 0.00908 0.01704  18022    1057598.2 0.0074
1  0  26.0 0.00930 0.00928 0.01704  17970    1054546.6 0.0075
1  0  26.0 0.00950 0.00947 0.01704  18066    1060180.3 0.0074
1  0  26.0 0.00970 0.00967 0.01704  18114    1062997.1 0.0074
1  0  26.0 0.00990 0.00986 0.01704  17916    1051377.7 0.0075
1  0  26.0 0.01010 0.01006 0.01704  17788    1043866.2 0.0075
1  0  26.0 0.01030 0.01025 0.01704  17490    1026378.4 0.0076
1  0  26.0 0.01050 0.01055 0.01704  16716     980957.2 0.0077
1  0  26.0 0.01070 0.01074 0.01704  15818     928259.2 0.0080
1  0  26.0 0.01090 0.01094 0.01704  14744     865232.9 0.0082
1  0  26.0 0.01110 0.01113 0.01704  13572     796455.6 0.0086
1  0  26.0 0.01130 0.01133 0.01704  12034     706200.0 0.0091
1  0  26.0 0.01150 0.01152 0.01704  10420     611484.5 0.0098
1  0  26.0 0.01170 0.01172 0.01704   8994     527801.5 0.0105
1  0  26.0 0.01190 0.01191 0.01704   7520     441301.6 0.0115
1  0  26.0 0.01210 0.01211 0.01704   6010     352689.2 0.0129
1  0  26.0 0.01230 0.01230 0.01704   5014     294240.2 0.0141
1  0  26.0 0.01250 0.01250 0.01704   4214     247293.2 0.0154
1  0  26.0 0.01270 0.01270 0.01704   3618     212317.7 0.0166
1  0  26.0 0.01290 0.01289 0.01704   3090     181332.7 0.0180
1  0  26.0 0.01310 0.01309 0.01704   2768     162436.6 0.0190
1  0  26.0 0.01330 0.01328 0.01704   2484     145770.4 0.0201
1  0  26.0 0.01350 0.01348 0.01704   2364     138728.3 0.0206
1  0  26.0 0.01370 0.01367 0.01704   2254     132273.1 0.0211
1  0  26.0 0.01390 0.01387 0.01813   2252     124186.0 0.0211
1  0  26.0 0.01410 0.01406 0.01852   2264     122273.4 0.0210
1  0  26.0 0.01430 0.01426 0.01880   2264     120409.0 0.0210
1  0  26.0 0.01450 0.01445 0.01930   2270     117597.1 0.0210
1  0  26.0 0.01470 0.01475 0.02010   2226     110750.7 0.0212
1  0  26.0 0.01490 0.01494 0.02010   2294     114133.9 0.0209
1  0  26.0 0.01510 0.01514 0.02071   2258     109005.9 0.0210
1  0  26.0 0.01530 0.01533 0.02133   2300     107835.3 0.0209
1  0  26.0 0.01550 0.01553 0.02196   2304     104928.3 0.0208
1  0  26.0 0.01570 0.01572 0.02196   2272     103471.0 0.0210
1  0  26.0 0.01590 0.01592 0.02246   2286     101765.9 0.0209
1  0  26.0 0.01610 0.01611 0.02246   2244      99896.2 0.0211
1  0  26.0 0.01630 0.01631 0.02377   2266      95336.9 0.0210
1  0  26.0 0.01650 0.01650 0.02388   2278      95410.8 0.0210
1  0  26.0 0.01670 0.01670 0.02492   2236      89742.1 0.0211
1  0  26.0 0.01690 0.01689 0.02568   2268      88325.0 0.0210
1  0  26.0 0.01710 0.01709 0.02586   2228      86142.5 0.0212
1  0  26.0 0.01730 0.01729 0.02747   2254      82049.1 0.0211
1  0  26.0 0.01750 0.01748 0.03001   2352      78372.5 0.0206
1  0  26.0 0.01770 0.01768 0.03001   2232      74373.9 0.0212
1  0  26.0 0.01790 0.01787 0.03206   2276      70993.4 0.0210
1  0  26.0 0.01810 0.01807 0.03370   2302      68314.4 0.0208
1  0  26.0 0.01830 0.01826 0.03852   2396      62207.9 0.0204
1  0  26.0 0.01850 0.01846 0.03852   2242      58209.6 0.0211
1  0  26.0 0.01870 0.01865 0.04354   2266      52040.1 0.0210
1  0  26.0 0.01890 0.01895 0.04998   2250      45015.3 0.0211
1  0  26.0 0.01910 0.01914 0.05844   2336      39971.4 0.0207
1  0  26.0 0.01930 0.01934 0.06578   2242      34082.7 0.0211
1  0  26.0 0.01950 0.01953 0.07550   2294      30384.6 0.0209
1  0  26.0 0.01970 0.01973 0.09047   2288      25290.7 0.0209
1  0  26.0 0.01990 0.01992 0.10406   2254      21661.4 0.0211
1  0  26.0 0.02010 0.02012 0.12195   2310      18942.6 0.0208
1  0  26.0 0.02030 0.02031 0.13868   2252      16239.4 0.0211
1  0  26.0 0.02050 0.02051 0.15925   2348      14744.0 0.0206
1  0  26.0 0.02070 0.02070 0.16613   2234      13447.3 0.0212
1  0  26.0 0.02090 0.02090 0.19610   2420      12340.7 0.0203
1  0  26.0 0.02110 0.02109 0.20154   2222      11025.1 0.0212
1  0  26.0 0.02130 0.02129 0.21668   2236      10319.3 0.0211
1  0  26.0 0.02150 0.02148 0.22761   2246       9867.7 0.0211
1  0  26.0 0.02170 0.02168 0.23647   2338       9887.3 0.0207
1  0  26.0 0.02190 0.02188 0.23647   2236       9455.9 0.0211
1  0  26.0 0.02210 0.02207 0.26008   2360       9074.0 0.0206
1  0  26.0 0.02230 0.02227 0.26008   2300       8843.3 0.0209
1  0  26.0 0.02250 0.02246 0.26008   2254       8666.4 0.0211
1  0  26.0 0.02270 0.02266 0.27472   2260       8226.6 0.0210
1  0  26.0 0.02290 0.02285 0.27472   2226       8102.8 0.0212
1  0  26.0 0.02310 0.02314 0.29710   2232       7512.7 0.0212
1  0  26.0 0.02330 0.02334 0.29710   2274       7654.1 0.0210
1  0  26.0 0.02350 0.02354 0.31677   2280       7197.6 0.0209
1  0  26.0 0.02370 0.02373 0.32699   2318       7088.9 0.0208
1  0  26.0 0.02390 0.02393 0.34648   2314       6678.6 0.0208
1  0  26.0 0.02410 0.02412 0.34899   2280       6533.1 0.0209
1  0  26.0 0.02430 0.02432 0.37827   2260       5974.5 0.0210
1  0  26.0 0.02450 0.02451 0.38698   2308       5964.1 0.0208
1  0  26.0 0.02470 0.02471 0.39121   2236       5715.7 0.0211
1  0  26.0 0.02490 0.02490 0.42197   2252       5336.9 0.0211
1  0  26.0 0.02510 0.02510 0.44606   2368       5308.7 0.0205
1  0  26.0 0.02530 0.02529 0.47018   2268       4823.7 0.0210
1  0  26.0 0.02550 0.02549 0.49141   2264       4607.1 0.0210
1  0  26.0 0.02570 0.02568 0.50365   2230       4427.6 0.0212
1  0  26.0 0.02590 0.02588 0.55133   2282       4139.1 0.0209
1  0  26.0 0.02610 0.02607 0.59108   2240       3789.7 0.0211
1  0  26.0 0.02630 0.02627 0.63694   2314       3633.0 0.0208
1  0  26.0 0.02650 0.02646 0.70334   2280       3241.7 0.0209
1  0  26.0 0.02670 0.02666 0.77592   2316       2984.9 0.0208
1  0  26.0 0.02690 0.02686 0.85000   2344       2757.6 0.0207
1  0  26.0 0.02710 0.02715 1.00143   2300       2296.7 0.0209
1  0  26.0 0.02730 0.02734 1.12270   2234       1989.9 0.0212
1  0  26.0 0.02750 0.02754 1.21000   2010       1661.2 0.0223
1  0  26.0 0.02770 0.02773 1.21000   1770       1462.8 0.0238
1  0  26.0 0.02790 0.02793 1.21000   1598       1320.7 0.0250
1  0  26.0 0.02810 0.02813 1.21000   1448       1196.7 0.0263
1  0  26.0 0.02830 0.02832 1.21000   1386       1145.5 0.0269
1  0  26.0 0.02850 0.02852 1.21000   1206        996.7 0.0288
1  0  26.0 0.02870 0.02871 1.21000   1150        950.4 0.0295
1  0  26.0 0.02890 0.02891 1.21000   1080        892.6 0.0304
1  0  26.0 0.02910 0.02910 1.21000   1002        828.1 0.0316
1  0  26.0 0.02930 0.02930 1.21000    936        773.6 0.0327
1  0  26.0 0.02950 0.02949 1.21000    938        775.2 0.0327
1  0  26.0 0.02970 0.02969 1.21000    908        750.4 0.0332
1  0  26.0 0.02990 0.02988 1.21000    868        717.4 0.0339
1  0  26.0 0.03010 0.03008 1.21000    892        737.2 0.0335
1  0  26.0 0.03030 0.03027 1.21000    836        690.9 0.0346
1  0  26.0 0.03050 0.03047 1.21000    832        687.6 0.0347
1  0  26.0 0.03070 0.03066 1.21000    810        669.4 0.0351
1  0  26.0 0.03090 0.03086 1.21000    782        646.3 0.0358
1  0  26.0 0.03110 0.03105 1.21000    700        578.5 0.0378
1  0  26.0 0.03130 0.03135 1.21000    710        586.8 0.0375
1  0  26.0 0.03150 0.03154 1.21000    750        619.8 0.0365
1  0  26.0 0.03170 0.03174 1.21000    658        543.8 0.0390
1  0  26.0 0.03190 0.03193 1.21000    630        520.7 0.0398
1  0  26.0 0.03210 0.03213 1.21000    640        528.9 0.0395
1  0  26.0 0.03230 0.03232 1.21000    618        510.7 0.0402
1  0  26.0 0.03250 0.03252 1.21000    590        487.6 0.0412
1  0  26.0 0.03270 0.03271 1.21000    532        439.7 0.0434
1  0  26.0 0.03290 0.03291 1.21000    538        444.6 0.0431
1  0  26.0 0.03310 0.03311 1.21000    484        400.0 0.0455
1  0  26.0 0.03330 0.03330 1.21000    478        395.0 0.0457
1  0  26.0 0.03350 0.03350 1.21000    540        446.3 0.0430
1  0  26.0 0.03370 0.03369 1.21000    466        385.1 0.0463
1  0  26.0 0.03390 0.03389 1.21000    418        345.5 0.0489
1  0  26.0 0.03410 0.03408 1.21000    432        357.0 0.0481
1  0  26.0 0.03430 0.03428 1.21000    406        335.5 0.0496
1  0  26.0 0.03450 0.03447 1.21000    368        304.1 0.0521
1  0  26.0 0.03470 0.03467 1.21000    390        322.3 0.0506
1  0  26.0 0.03490 0.03486 1.21000    344        284.3 0.0539
1  0  26.0 0.03510 0.03506 1.21000    312        257.9 0.0566
1  0  26.0 0.03530 0.03525 1.21000    320        264.5 0.0559
1  0  26.0 0.03550 0.03555 1.21000    304        251.2 0.0574
1  0  26.0 0.03570 0.03574 1.21000    290        239.7 0.0587
1  0  25.9 0.03590 0.03594 1.21000    286        236.4 0.0591
1  0  25.9 0.03610 0.03613 1.21000    250        206.6 0.0632
1  0  25.9 0.03630 0.03633 1.21000    236        195.0 0.0651
1  0  25.9 0.03650 0.03652 1.21000    250        206.6 0.0632
1  0  25.9 0.03670 0.03672 1.21000    224        185.1 0.0668
1  0  25.9 0.03690 0.03691 1.21000    256        211.6 0.0625
1  0  25.9 0.03710 0.03711 1.21000    252        208.3 0.0630
1  0  25.9 0.03730 0.03730 1.21000    248        205.0 0.0635
1  0  25.9 0.03750 0.03750 1.21000    220        181.8 0.0674
1  0  25.9 0.03770 0.03770 1.21000    212        175.2 0.0687
1  0  25.9 0.03790 0.03789 1.21000    236        195.0 0.0651
1  0  25.9 0.03810 0.03809 1.21000    248        205.0 0.0635
1  0  25.9 0.03830 0.03828 1.21000    192        158.7 0.0722
1  0  25.9 0.03850 0.03848 1.21000    222        183.5 0.0671
1  0  25.9 0.03870 0.03867 1.21000    206        170.2 0.0697
1  0  25.9 0.03890 0.03887 1.21000    228        188.4 0.0662
1  0  25.9 0.03910 0.03906 1.21000    210        173.6 0.0690
1  0  25.9 0.03930 0.03926 1.21000    204        168.6 0.0700
1  0  25.9 0.03950 0.03945 1.21000    202        166.9 0.0704
1  0  25.9 0.03970 0.03975 1.21000    206        170.2 0.0697
1  0  25.9 0.03990 0.03994 1.21000    218        180.2 0.0677
1  1  25.9 0.00010 0.00010 0.14278  71430     500292.4 0.0037
1  1  25.9 0.00030 0.00029 0.07963  71400     896647.5 0.0037
1  1  25.9 0.00050 0.00049 0.04947  72022    1455952.3 0.0037
1  1  25.9 0.00070 0.00068 0.03383  71534    2114300.0 0.0037
1  1  25.9 0.00090 0.00088 0.02582  72392    2803310.6 0.0037
1  1  25.9 0.00110 0.00107 0.02142  72036    3362694.8 0.0037
1  1  25.9 0.00130 0.00127 0.01910  72166    3779190.9 0.0037
1  1  25.9 0.00150 0.00146 0.01910  77536    4060407.2 0.0036
1  1  25.9 0.00170 0.00166 0.01694  71482    4219819.2 0.0037
1  1  25.9 0.00190 0.00186 0.01694  73588    4344143.3 0.0037
1  1  25.9 0.00210 0.00215 0.01694  75444    4453709.1 0.0036
1  1  25.9 0.00230 0.00234 0.01694  76236    4500463.5 0.0036
1  1  25.9 0.00250 0.00254 0.01694  76712    4528563.4 0.0036
1  1  25.9 0.00270 0.00273 0.01694  77042    4548044.4 0.0036
1  1  25.9 0.00290 0.00293 0.01694  77220    4558552.3 0.0036
1  1  25.9 0.00310 0.00313 0.01694  77308    4563747.2 0.0036
1  1  25.9 0.00330 0.00332 0.01694  77274    4561740.1 0.0036
1  1  25.9 0.00350 0.00352 0.01694  77128    4553121.2 0.0036
1  1  25.9 0.00370 0.00371 0.01694  76850    4536710.0 0.0036
1  1  25.9 0.00390 0.00391 0.01694  76376    4508728.2 0.0036
1  1  25.9 0.00410 0.00410 0.01694  75678    4467522.9 0.0036
1  1  25.9 0.00430 0.00430 0.01694  74614    4404711.5 0.0037
1  1  25.9 0.00450 0.00449 0.01694  73040    4311793.1 0.0037
1  1  25.9 0.00470 0.00469 0.01694  70632    4169640.8 0.0038
1  1  25.9 0.00490 0.00488 0.01694  66942    3951807.9 0.0039
1  1  25.9 0.00510 0.00508 0.01694  61772    3646605.7 0.0040
1  1  25.9 0.00530 0.00527 0.01694  54694    3228767.9 0.0043
1  1  25.9 0.00550 0.00547 0.01694  45960    2713171.0 0.0047
1  1  25.9 0.00570 0.00566 0.01694  37526    2215284.0 0.0052
1  1  25.9 0.00590 0.00586 0.01694  30524    1801932.8 0.0057
1  1  25.9 0.00610 0.00605 0.01694  25218    1488702.0 0.0063
1  1  25.9 0.00630 0.00635 0.01694  21002    1239817.6 0.0069
1  1  25.9 0.00650 0.00654 0.01694  19786    1168033.1 0.0071
1  1  25.9 0.00670 0.00674 0.01694  19304    1139579.0 0.0072
1  1  25.9 0.00690 0.00693 0.01694  18744    1106520.4 0.0073
1  1  25.9 0.00710 0.00713 0.01694  18532    1094005.3 0.0073
1  1  25.9 0.00730 0.00732 0.01694  18556    1095422.1 0.0073
1  1  25.9 0.00750 0.00752 0.01694  18576    1096602.8 0.0073
1  1  25.9 0.00770 0.00771 0.01694  18652    1101089.3 0.0073
1  1  25.9 0.00790 0.00791 0.01694  18466    1090109.1 0.0074
1  1  25.9 0.00810 0.00811 0.01694  18730    1105693.9 0.0073
1  1  25.9 0.00830 0.00830 0.01694  18574    1096484.7 0.0073
1  1  25.9 0.00850 0.00850 0.01694  18570    1096248.6 0.0073
1  1  25.9 0.00870 0.00869 0.01694  18386    1085386.5 0.0074
1  1  25.9 0.00890 0.00889 0.01694  18352    1083379.3 0.0074
1  1  25.9 0.00910 0.00908 0.01694  18458    1089636.9 0.0074
1  1  25.9 0.00930 0.00928 0.01694  18396    1085976.8 0.0074
1  1  25.9 0.00950 0.00947 0.01694  18316    1081254.1 0.0074
1  1  25.9 0.00970 0.00967 0.01694  17908    1057168.5 0.0075
1  1  25.9 0.00990 0.00986 0.01694  17642    1041465.7 0.0075
1  1  25.9 0.01010 0.01006 0.01694  17050    1006518.0 0.0077
1  1  25.9 0.01030 0.01025 0.01694  16488     973341.2 0.0078
1  1  25.9 0.01050 0.01055 0.01694  14670     866018.7 0.0083
1  1  25.9 0.01070 0.01074 0.01694  13372     789393.4 0.0086
1  1  25.9 0.01090 0.01094 0.01694  11828     698246.0 0.0092
1  1  25.9 0.01110 0.01113 0.01694  10306     608397.3 0.0099
1  1  25.9 0.01130 0.01133 0.01694   8866     523389.3 0.0106
1  1  25.9 0.01150 0.01152 0.01694   7564     446528.0 0.0115
1  1  25.9 0.01170 0.01172 0.01694   6362     375569.9 0.0125
1  1  25.8 0.01190 0.01191 0.01694   5388     318071.5 0.0136
1  1  25.8 0.01210 0.01211 0.01694   4510     266240.2 0.0149
1  1  25.8 0.01230 0.01230 0.01694   3956     233535.8 0.0159
1  1  25.8 0.01250 0.01250 0.01694   3690     217832.9 0.0165
1  1  25.8 0.01270 0.01270 0.01694   3302     194928.0 0.0174
1  1  25.8 0.01290 0.01289 0.01694   3094     182649.1 0.0180
1  1  25.8 0.01310 0.01309 0.01694   3006     177454.1 0.0182
1  1  25.8 0.01330 0.01328 0.01694   3044     179697.4 0.0181
1  1  25.8 0.01350 0.01348 0.01694   2814     166119.7 0.0189
1  1  25.8 0.01370 0.01367 0.01694   2740     161751.3 0.0191
1  1  25.8 0.01390 0.01387 0.01694   2786     164466.8 0.0189
1  1  25.8 0.01410 0.01406 0.01694   2800     165293.3 0.0189
1  1  25.8 0.01430 0.01426 0.01694   2690     158799.6 0.0193
1  1  25.8 0.01450 0.01445 0.01694   2726     160924.8 0.0192
1  1  25.8 0.01470 0.01475 0.01694   2540     149944.6 0.0198
1  1  25.8 0.01490 0.01494 0.01694   2482     146520.7 0.0201
1  1  25.8 0.01510 0.01514 0.01694   2480     146402.6 0.0201
1  1  25.8 0.01530 0.01533 0.01694   2470     145812.3 0.0201
1  1  25.8 0.01550 0.01553 0.01694   2350     138728.3 0.0206
1  1  25.8 0.01570 0.01572 0.01694   2374     140145.1 0.0205
1  1  25.8 0.01590 0.01592 0.01694   2294     135422.4 0.0209
1  1  25.8 0.01610 0.01611 0.01694   2222     131172.0 0.0212
1  1  25.8 0.01630 0.01631 0.01788   2242     125397.8 0.0211
1  1  25.8 0.01650 0.01650 0.01827   2320     126957.4 0.0208
1  1  25.8 0.01670 0.01670 0.01918   2322     121061.3 0.0208
1  1  25.8 0.01690 0.01689 0.01918   2266     118141.7 0.0210
1  1  25.8 0.01710 0.01709 0.02100   2354     112117.1 0.0206
1  1  25.8 0.01730 0.01729 0.02100   2226     106020.7 0.0212
1  1  25.8 0.01750 0.01748 0.02317   2306      99507.7 0.0208
1  1  25.8 0.01770 0.01768 0.02505   2380      95028.4 0.0205
1  1  25.8 0.01790 0.01787 0.02622   2260      86207.3 0.0210
1  1  25.8 0.01810 0.01807 0.02918   2272      77850.3 0.0210
1  1  25.8 0.01830 0.01826 0.03185   2278      71520.0 0.0210
1  1  25.8 0.01850 0.01846 0.03637   2312      63571.2 0.0208
1  1  25.8 0.01870 0.01865 0.03805   2226      58507.1 0.0212
1  1  25.8 0.01890 0.01895 0.04859   2324      47832.7 0.0207
1  1  25.8 0.01910 0.01914 0.05299   2244      42345.4 0.0211
1  1  25.8 0.01930 0.01934 0.05800   2282      39341.5 0.0209
1  1  25.8 0.01950 0.01953 0.06289   2282      36283.1 0.0209
1  1  25.8 0.01970 0.01973 0.06909   2294      33205.1 0.0209
1  1  25.8 0.01990 0.01992 0.07227   2246      31076.4 0.0211
1  1  25.8 0.02010 0.02012 0.07561   2242      29652.9 0.0211
1  1  25.8 0.02030 0.02031 0.07970   2240      28106.5 0.0211
1  1  25.8 0.02050 0.02051 0.08356   2378      28457.8 0.0205
1  1  25.8 0.02070 0.02070 0.08356   2270      27165.4 0.0210
1  1  25.8 0.02090 0.02090 0.08447   2298      27203.4 0.0209
1  1  25.8 0.02110 0.02109 0.08447   2282      27014.0 0.0209
1  1  25.8 0.02130 0.02129 0.08837   2284      25845.2 0.0209
1  1  25.8 0.02150 0.02148 0.08837   2242      25370.0 0.0211
1  1  25.8 0.02170 0.02168 0.09266   2262      24410.6 0.0210
1  1  25.8 0.02190 0.02188 0.09317   2278      24450.5 0.0210
1  1  25.8 0.02210 0.02207 0.09410   2224      23634.5 0.0212
1  1  25.8 0.02230 0.02227 0.09410   2272      24144.6 0.0210
1  1  25.8 0.02250 0.02246 0.09923   2266      22835.1 0.0210
1  1  25.8 0.02270 0.02266 0.10004   2224      22230.3 0.0212
1  1  25.8 0.02290 0.02285 0.10244   2304      22491.0 0.0208
1  1  25.8 0.02310 0.02314 0.10829   2276      21017.8 0.0210
1  1  25.8 0.02330 0.02334 0.10829   2266      20925.5 0.0210
1  1  25.8 0.02350 0.02354 0.11209   2238      19966.9 0.0211
1  1  25.8 0.02370 0.02373 0.11310   2236      19769.5 0.0211
1  1  25.8 0.02390 0.02393 0.12212   2320      18998.2 0.0208
1  1  25.8 0.02410 0.02412 0.12267   2274      18537.7 0.0210
1  1  25.8 0.02430 0.02432 0.12630   2238      17719.7 0.0211
1  1  25.8 0.02450 0.02451 0.12653   2286      18067.1 0.0209
1  1  25.7 0.02470 0.02471 0.13477   2278      16902.7 0.0210
1  1  25.7 0.02490 0.02490 0.14059   2308      16416.2 0.0208
1  1  25.7 0.02510 0.02510 0.14902   2304      15460.9 0.0208
1  1  25.7 0.02530 0.02529 0.15316   2236      14599.4 0.0211
1  1  25.7 0.02550 0.02549 0.16808   2330      13862.2 0.0207
1  1  25.7 0.02570 0.02568 0.18344   2228      12145.7 0.0212
1  1  25.7 0.02590 0.02588 0.19281   2224      11534.6 0.0212
1  1  25.7 0.02610 0.02607 0.21632   2226      10290.5 0.0212
1  1  25.7 0.02630 0.02627 0.23198   2288       9863.1 0.0209
1  1  25.7 0.02650 0.02646 0.25532   2288       8961.3 0.0209
1  1  25.7 0.02670 0.02666 0.28159   2338       8302.8 0.0207
1  1  25.7 0.02690 0.02686 0.30561   2350       7689.5 0.0206
1  1  25.7 0.02710 0.02715 0.32396   2294       7081.0 0.0209
1  1  25.7 0.02730 0.02734 0.34181   2336       6834.2 0.0207
1  1  25.7 0.02750 0.02754 0.36064   2272       6300.0 0.0210
1  1  25.7 0.02770 0.02773 0.37583   2340       6226.2 0.0207
1  1  25.7 0.02790 0.02793 0.37583   2238       5954.8 0.0211
1  1  25.7 0.02810 0.02813 0.40357   2320       5748.7 0.0208
1  1  25.7 0.02830 0.02832 0.40357   2330       5773.5 0.0207
1  1  25.7 0.02850 0.02852 0.40357   2288       5669.5 0.0209
1  1  25.7 0.02870 0.02871 0.40357   2286       5664.5 0.0209
1  1  25.7 0.02890 0.02891 0.42100   2342       5563.0 0.0207
1  1  25.7 0.02910 0.02910 0.42100   2242       5325.4 0.0211
1  1  25.7 0.02930 0.02930 0.43348   2312       5333.5 0.0208
1  1  25.7 0.02950 0.02949 0.43584   2262       5190.0 0.0210
1  1  25.7 0.02970 0.02969 0.44587   2290       5136.0 0.0209
1  1  25.7 0.02990 0.02988 0.46382   2326       5014.9 0.0207
1  1  25.7 0.03010 0.03008 0.47617   2338       4910.0 0.0207
1  1  25.7 0.03030 0.03027 0.48180   2280       4732.3 0.0209
1  1  25.7 0.03050 0.03047 0.48180   2246       4661.7 0.0211
1  1  25.7 0.03070 0.03066 0.48180   2224       4616.0 0.0212
1  1  25.7 0.03090 0.03086 0.52070   2250       4321.1 0.0211
1  1  25.7 0.03110 0.03105 0.52070   2340       4493.9 0.0207
1  1  25.7 0.03130 0.03135 0.54351   2374       4367.9 0.0205
1  1  25.7 0.03150 0.03154 0.55346   2346       4238.8 0.0206
1  1  25.6 0.03170 0.03174 0.55346   2264       4090.6 0.0210
1  1  25.6 0.03190 0.03193 0.57502   2236       3888.6 0.0211
1  1  25.6 0.03210 0.03213 0.61605   2266       3678.3 0.0210
1  1  25.6 0.03230 0.03232 0.64086   2388       3726.3 0.0205
1  1  25.6 0.03250 0.03252 0.65201   2254       3457.0 0.0211
1  1  25.6 0.03270 0.03271 0.71367   2310       3236.8 0.0208
1  1  25.6 0.03290 0.03291 0.73689   2322       3151.1 0.0208
1  1  25.6 0.03310 0.03311 0.78365   2248       2868.6 0.0211
1  1  25.6 0.03330 0.03330 0.85393   2394       2803.5 0.0204
1  1  25.6 0.03350 0.03350 0.88417   2266       2562.8 0.0210
1  1  25.6 0.03370 0.03369 0.94727   2266       2392.1 0.0210
1  1  25.6 0.03390 0.03389 1.01781   2248       2208.7 0.0211
1  1  25.6 0.03410 0.03408 1.01781   2224       2185.1 0.0212
1  1  25.6 0.03430 0.03428 1.16262   2234       1921.5 0.0212
1  1  25.6 0.03450 0.03447 1.21000   2176       1798.3 0.0214
1  1  25.6 0.03470 0.03467 1.21000   2054       1697.5 0.0221
1  1  25.6 0.03490 0.03486 1.21000   2084       1722.3 0.0219
1  1  25.6 0.03510 0.03506 1.21000   1962       1621.5 0.0226
1  1  25.6 0.03530 0.03525 1.21000   1836       1517.4 0.0233
1  1  25.6 0.03550 0.03555 1.21000   1756       1451.2 0.0239
1  1  25.6 0.03570 0.03574 1.21000   1764       1457.9 0.0238
1  1  25.6 0.03590 0.03594 1.21000   1694       1400.0 0.0243
1  1  25.5 0.03610 0.03613 1.21000   1788       1477.7 0.0236
1  1  25.5 0.03630 0.03633 1.21000   1676       1385.1 0.0244
1  1  25.5 0.03650 0.03652 1.21000   1662       1373.6 0.0245
1  1  25.5 0.03670 0.03672 1.21000   1606       1327.3 0.0250
1  1  25.5 0.03690 0.03691 1.21000   1644       1358.7 0.0247
1  1  25.5 0.03710 0.03711 1.21000   1640       1355.4 0.0247
1  1  25.5 0.03730 0.03730 1.21000   1586       1310.7 0.0251
1  1  25.5 0.03750 0.03750 1.21000   1538       1271.1 0.0255
1  1  25.5 0.03770 0.03770 1.21000   1456       1203.3 0.0262
1  1  25.5 0.03790 0.03789 1.21000   1482       1224.8 0.0260
1  1  25.5 0.03810 0.03809 1.21000   1310       1082.6 0.0276
1  1  25.5 0.03830 0.03828 1.21000   1470       1214.9 0.0261
1  1  25.5 0.03850 0.03848 1.21000   1402       1158.7 0.0267
1  1  25.5 0.03870 0.03867 1.21000   1342       1109.1 0.0273
1  1  25.5 0.03890 0.03887 1.21000   1344       1110.7 0.0273
1  1  25.5 0.03910 0.03906 1.21000   1268       1047.9 0.0281
1  1  25.5 0.03930 0.03926 1.21000   1322       1092.6 0.0275
1  1  25.5 0.03950 0.03945 1.21000   1216       1005.0 0.0287
1  1  25.5 0.03970 0.03975 1.21000   1166        963.6 0.0293
1  1  25.5 0.03990 0.03994 1.21000   1080        892.6 0.0304
1  2  25.5 0.00010 0.00010 0.12561  71422     568615.4 0.0037
1  2  25.5 0.00030 0.00029 0.07168  72970    1017935.3 0.0037
1  2  25.5 0.00050 0.00049 0.04511  71276    1580087.0 0.0037
1  2  25.5 0.00070 0.00068 0.03183  72412    2275069.5 0.0037
1  2  25.5 0.00090 0.00088 0.02459  71628    2913253.9 0.0037
1  2  25.5 0.00110 0.00107 0.02089  72536    3472284.7 0.0037
1  2  25.5 0.00130 0.00127 0.01867  71788    3845514.4 0.0037
1  2  25.5 0.00150 0.00146 0.01867  76458    4095675.3 0.0036
1  2  25.4 0.00170 0.00166 0.01867  79700    4269341.6 0.0035
1  2  25.4 0.00190 0.00186 0.01641  71796    4373905.4 0.0037
1  2  25.4 0.00210 0.00215 0.01641  73494    4477349.8 0.0037
1  2  25.4 0.00230 0.00234 0.01641  74182    4519263.7 0.0037
1  2  25.4 0.00250 0.00254 0.01641  74592    4544241.4 0.0037
1  2  25.4 0.00270 0.00273 0.01641  74872    4561299.4 0.0037
1  2  25.4 0.00290 0.00293 0.01641  75024    4570559.4 0.0037
1  2  25.4 0.00310 0.00313 0.01641  75082    4574092.8 0.0036
1  2  25.4 0.00330 0.00332 0.01641  75014    4569950.2 0.0037
1  2  25.4 0.00350 0.00352 0.01641  74848    4559837.2 0.0037
1  2  25.4 0.00370 0.00371 0.01641  74528    4540342.4 0.0037
1  2  25.4 0.00390 0.00391 0.01641  74050    4511222.0 0.0037
1  2  25.4 0.00410 0.00410 0.01641  73260    4463094.2 0.0037
1  2  25.4 0.00430 0.00430 0.01641  72088    4391694.5 0.0037
1  2  25.4 0.00450 0.00449 0.01641  70362    4286544.3 0.0038
1  2  25.4 0.00470 0.00469 0.01641  67762    4128148.9 0.0038
1  2  25.4 0.00490 0.00488 0.01641  63798    3886656.9 0.0040
1  2  25.4 0.00510 0.00508 0.01641  58260    3549274.8 0.0041
1  2  25.4 0.00530 0.00527 0.01641  50916    3101868.8 0.0044
1  2  25.4 0.00550 0.00547 0.01641  42208    2571366.1 0.0049
1  2  25.4 0.00570 0.00566 0.01641  34100    2077416.2 0.0054
1  2  25.4 0.00590 0.00586 0.01641  26946    1641585.3 0.0061
1  2  25.4 0.00610 0.00605 0.01641  22316    1359519.7 0.0067
1  2  25.4 0.00630 0.00635 0.01641  18806    1145685.9 0.0073
1  2  25.4 0.00650 0.00654 0.01641  17844    1087079.6 0.0075
1  2  25.4 0.00670 0.00674 0.01641  17042    1038220.7 0.0077
1  2  25.4 0.00690 0.00693 0.01641  16772    1021772.0 0.0077
1  2  25.4 0.00710 0.00713 0.01641  16796    1023234.1 0.0077
1  2  25.4 0.00730 0.00732 0.01641  16722    1018725.9 0.0077
1  2  25.4 0.00750 0.00752 0.01641  16734    1019457.0 0.0077
1  2  25.4 0.00770 0.00771 0.01641  16756    1020797.3 0.0077
1  2  25.4 0.00790 0.00791 0.01641  16786    1022624.9 0.0077
1  2  25.4 0.00810 0.00811 0.01641  16804    1023721.5 0.0077
1  2  25.4 0.00830 0.00830 0.01641  16616    1012268.3 0.0078
1  2  25.4 0.00850 0.00850 0.01641  16710    1017994.9 0.0077
1  2  25.4 0.00870 0.00869 0.01641  16560    1008856.7 0.0078
1  2  25.4 0.00890 0.00889 0.01641  16458    1002642.7 0.0078
1  2  25.4 0.00910 0.00908 0.01641  16534    1007272.7 0.0078
1  2  25.4 0.00930 0.00928 0.01641  16588    1010562.5 0.0078
1  2  25.4 0.00950 0.00947 0.01641  16596    1011049.8 0.0078
1  2  25.4 0.00970 0.00967 0.01641  16226     988509.0 0.0079
1  2  25.4 0.00990 0.00986 0.01641  16092     980345.5 0.0079
1  2  25.4 0.01010 0.01006 0.01641  15614     951225.1 0.0080
1  2  25.4 0.01030 0.01025 0.01641  14790     901026.0 0.0082
1  2  25.4 0.01050 0.01055 0.01641  13342     812811.9 0.0087
1  2  25.4 0.01070 0.01074 0.01641  12244     745920.4 0.0090
1  2  25.4 0.01090 0.01094 0.01641  11044     672814.8 0.0095
1  2  25.4 0.01110 0.01113 0.01641   9558     582285.8 0.0102
1  2  25.4 0.01130 0.01133 0.01641   8210     500163.8 0.0110
1  2  25.4 0.01150 0.01152 0.01641   6828     415970.6 0.0121
1  2  25.4 0.01170 0.01172 0.01641   5832     355293.0 0.0131
1  2  25.4 0.01190 0.01191 0.01641   4702     286451.9 0.0146
1  2  25.4 0.01210 0.01211 0.01641   4142     252336.0 0.0155
1  2  25.4 0.01230 0.01230 0.01641   3670     223581.2 0.0165
1  2  25.4 0.01250 0.01250 0.01641   3260     198603.4 0.0175
1  2  25.4 0.01270 0.01270 0.01641   3022     184104.2 0.0182
1  2  25.4 0.01290 0.01289 0.01641   2778     169239.4 0.0190
1  2  25.4 0.01310 0.01309 0.01641   2680     163269.1 0.0193
1  2  25.4 0.01330 0.01328 0.01641   2548     155227.5 0.0198
1  2  25.4 0.01350 0.01348 0.01641   2474     150719.3 0.0201
1  2  25.4 0.01370 0.01367 0.01641   2458     149744.5 0.0202
1  2  25.4 0.01390 0.01387 0.01641   2392     145723.7 0.0204
1  2  25.4 0.01410 0.01406 0.01641   2394     145845.6 0.0204
1  2  25.4 0.01430 0.01426 0.01641   2344     142799.5 0.0207
1  2  25.4 0.01450 0.01445 0.01641   2306     140484.5 0.0208
1  2  25.4 0.01470 0.01475 0.01641   2232     135976.3 0.0212
1  2  25.4 0.01490 0.01494 0.01641   2256     137438.4 0.0211
1  2  25.4 0.01510 0.01514 0.01696   2266     133574.5 0.0210
1  2  25.4 0.01530 0.01533 0.01778   2296     129102.8 0.0209
1  2  25.4 0.01550 0.01553 0.01778   2242     126066.4 0.0211
1  2  25.4 0.01570 0.01572 0.01778   2254     126741.2 0.0211
1  2  25.4 0.01590 0.01592 0.01861   2242     120455.8 0.0211
1  2  25.4 0.01610 0.01611 0.01959   2302     117507.0 0.0208
1  2  25.4 0.01630 0.01631 0.01968   2232     113421.0 0.0212
1  2  25.4 0.01650 0.01650 0.02052   2368     115399.2 0.0205
1  2  25.4 0.01670 0.01670 0.02052   2266     110428.4 0.0210
1  2  25.4 0.01690 0.01689 0.02160   2244     103909.3 0.0211
1  2  25.3 0.01710 0.01709 0.02240   2270     101328.8 0.0210
1  2  25.3 0.01730 0.01729 0.02426   2230      91927.1 0.0212
1  2  25.3 0.01750 0.01748 0.02505   2228      88951.2 0.0212
1  2  25.3 0.01770 0.01768 0.02721   2266      83280.8 0.0210
1  2  25.3 0.01790 0.01787 0.02909   2276      78247.6 0.0210
1  2  25.3 0.01810 0.01807 0.03206   2262      70556.6 0.0210
1  2  25.3 0.01830 0.01826 0.03555   2224      62565.3 0.0212
1  2  25.3 0.01850 0.01846 0.04099   2314      56449.9 0.0208
1  2  25.3 0.01870 0.01865 0.04550   2234      49102.5 0.0212
1  2  25.3 0.01890 0.01895 0.05482   2314      42208.5 0.0208
1  2  25.3 0.01910 0.01914 0.06371   2294      36005.9 0.0209
1  2  25.3 0.01930 0.01934 0.07275   2338      32138.4 0.0207
1  2  25.3 0.01950 0.01953 0.07947   2260      28437.7 0.0210
1  2  25.3 0.01970 0.01973 0.08912   2272      25494.7 0.0210
1  2  25.3 0.01990 0.01992 0.09526   2264      23765.4 0.0210
1  2  25.3 0.02010 0.02012 0.10109   2240      22159.0 0.0211
1  2  25.3 0.02030 0.02031 0.11132   2354      21146.5 0.0206
1  2  25.3 0.02050 0.02051 0.11325   2238      19762.1 0.0211
1  2  25.3 0.02070 0.02070 0.11971   2332      19480.0 0.0207
1  2  25.3 0.02090 0.02090 0.12224   2222      18178.1 0.0212
1  2  25.3 0.02110 0.02109 0.12698   2246      17688.3 0.0211
1  2  25.3 0.02130 0.02129 0.13048   2300      17627.2 0.0209
1  2  25.3 0.02150 0.02148 0.13048   2222      17029.5 0.0212
1  2  25.3 0.02170 0.02168 0.13689   2294      16758.4 0.0209
1  2  25.3 0.02190 0.02188 0.13689   2236      16334.7 0.0211
1  2  25.3 0.02210 0.02207 0.14459   2238      15477.9 0.0211
1  2  25.3 0.02230 0.02227 0.14459   2240      15491.8 0.0211
1  2  25.3 0.02250 0.02246 0.15324   2272      14826.5 0.0210
1  2  25.3 0.02270 0.02266 0.15324   2270      14813.5 0.0210
1  2  25.3 0.02290 0.02285 0.16088   2258      14035.6 0.0210
1  2  25.3 0.02310 0.02314 0.16671   2244      13460.2 0.0211
1  2  25.3 0.02330 0.02334 0.17709   2358      13315.3 0.0206
1  2  25.3 0.02350 0.02354 0.17870   2250      12591.1 0.0211
1  2  25.3 0.02370 0.02373 0.19230   2342      12179.1 0.0207
1  2  25.3 0.02390 0.02393 0.19230   2308      12002.3 0.0208
1  2  25.3 0.02410 0.02412 0.19929   2292      11500.7 0.0209
1  2  25.3 0.02430 0.02432 0.20829   2222      10667.8 0.0212
1  2  25.3 0.02450 0.02451 0.21831   2224      10187.2 0.0212
1  2  25.3 0.02470 0.02471 0.22722   2314      10183.8 0.0208
1  2  25.3 0.02490 0.02490 0.23504   2232       9496.1 0.0212
1  2  25.3 0.02510 0.02510 0.25440   2242       8813.1 0.0211
1  2  25.3 0.02530 0.02529 0.28011   2336       8339.5 0.0207
1  2  25.3 0.02550 0.02549 0.29442   2232       7580.9 0.0212
1  2  25.3 0.02570 0.02568 0.33530   2328       6943.1 0.0207
1  2  25.3 0.02590 0.02588 0.35511   2222       6257.1 0.0212
1  2  25.3 0.02610 0.02607 0.39063   2266       5801.0 0.0210
1  2  25.3 0.02630 0.02627 0.43970   2292       5212.6 0.0209
1  2  25.3 0.02650 0.02646 0.50992   2350       4608.5 0.0206
1  2  25.3 0.02670 0.02666 0.52932   2248       4247.0 0.0211
1  2  25.3 0.02690 0.02686 0.59687   2266       3796.5 0.0210
1  2  25.2 0.02710 0.02715 0.68284   2258       3306.8 0.0210
1  2  25.2 0.02730 0.02734 0.75113   2314       3080.7 0.0208
1  2  25.2 0.02750 0.02754 0.79175   2240       2829.2 0.0211
1  2  25.2 0.02770 0.02773 0.84254   2272       2696.6 0.0210
1  2  25.2 0.02790 0.02793 0.90614   2278       2514.0 0.0210
1  2  25.2 0.02810 0.02813 0.90614   2222       2452.2 0.0212
1  2  25.2 0.02830 0.02832 0.94795   2244       2367.2 0.0211
1  2  25.2 0.02850 0.02852 0.98845   2304       2330.9 0.0208
1  2  25.2 0.02870 0.02871 1.04506   2286       2187.4 0.0209
1  2  25.2 0.02890 0.02891 1.07192   2340       2183.0 0.0207
1  2  25.2 0.02910 0.02910 1.07192   2240       2089.7 0.0211
1  2  25.2 0.02930 0.02930 1.10146   2266       2057.3 0.0210
1  2  25.2 0.02950 0.02949 1.13413   2320       2045.6 0.0208
1  2  25.2 0.02970 0.02969 1.16452   2268       1947.6 0.0210
1  2  25.2 0.02990 0.02988 1.21000   2072       1712.4 0.0220
1  2  25.2 0.03010 0.03008 1.21000   2078       1717.4 0.0219
1  2  25.2 0.03030 0.03027 1.21000   2048       1692.6 0.0221
1  2  25.2 0.03050 0.03047 1.21000   2012       1662.8 0.0223
1  2  25.2 0.03070 0.03066 1.21000   1966       1624.8 0.0226
1  2  25.2 0.03090 0.03086 1.21000   1882       1555.4 0.0231
1  2  25.2 0.03110 0.03105 1.21000   1738       1436.4 0.0240
1  2  25.2 0.03130 0.03135 1.21000   1780       1471.1 0.0237
1  2  25.2 0.03150 0.03154 1.21000   1634       1350.4 0.0247
1  2  25.1 0.03170 0.03174 1.21000   1622       1340.5 0.0248
1  2  25.1 0.03190 0.03193 1.21000   1564       1292.6 0.0253
1  2  25.1 0.03210 0.03213 1.21000   1452       1200.0 0.0262
1  2  25.1 0.03230 0.03232 1.21000   1408       1163.6 0.0267
1  2  25.1 0.03250 0.03252 1.21000   1310       1082.6 0.0276
1  2  25.1 0.03270 0.03271 1.21000   1280       1057.9 0.0280
1  2  25.1 0.03290 0.03291 1.21000   1108        915.7 0.0300
1  2  25.1 0.03310 0.03311 1.21000   1030        851.2 0.0312
1  2  25.1 0.03330 0.03330 1.21000   1010        834.7 0.0315
1  2  25.1 0.03350 0.03350 1.21000    958        791.7 0.0323
1  2  25.1 0.03370 0.03369 1.21000    882        728.9 0.0337
1  2  25.1 0.03390 0.03389 1.21000    800        661.2 0.0354
1  2  25.1 0.03410 0.03408 1.21000    724        598.3 0.0372
1  2  25.1 0.03430 0.03428 1.21000    748        618.2 0.0366
1  2  25.1 0.03450 0.03447 1.21000    654        540.5 0.0391
1  2  25.1 0.03470 0.03467 1.21000    600        495.9 0.0408
1  2  25.1 0.03490 0.03486 1.21000    562        464.5 0.0422
1  2  25.1 0.03510 0.03506 1.21000    520        429.8 0.0439
1  2  25.1 0.03530 0.03525 1.21000    506        418.2 0.0445
1  2  25.1 0.03550 0.03555 1.21000    508        419.8 0.0444
1  2  25.1 0.03570 0.03574 1.21000    484        400.0 0.0455
1  2  25.1 0.03590 0.03594 1.21000    446        368.6 0.0474
1  2  25.1 0.03610 0.03613 1.21000    446        368.6 0.0474
1  2  25.1 0.03630 0.03633 1.21000    414        342.1 0.0491
1  2  25.1 0.03650 0.03652 1.21000    416        343.8 0.0490
1  2  25.1 0.03670 0.03672 1.21000    406        335.5 0.0496
1  2  25.1 0.03690 0.03691 1.21000    384        317.4 0.0510
1  2  25.1 0.03710 0.03711 1.21000    410        338.8 0.0494
1  2  25.1 0.03730 0.03730 1.21000    418        345.5 0.0489
1  2  25.1 0.03750 0.03750 1.21000    376        310.7 0.0516
1  2  25.1 0.03770 0.03770 1.21000    370        305.8 0.0520
1  2  25.1 0.03790 0.03789 1.21000    384        317.4 0.0510
1  2  25.1 0.03810 0.03809 1.21000    376        310.7 0.0516
1  2  25.1 0.03830 0.03828 1.21000    362        299.2 0.0526
1  2  25.1 0.03850 0.03848 1.21000    348        287.6 0.0536
1  2  25.1 0.03870 0.03867 1.21000    334        276.0 0.0547
1  2  25.1 0.03890 0.03887 1.21000    296        244.6 0.0581
1  2  25.1 0.03910 0.03906 1.21000    326        269.4 0.0554
1  2  25.1 0.03930 0.03926 1.21000    318        262.8 0.0561
1  2  25.1 0.03950 0.03945 1.21000    304        251.2 0.0574
1  2  25.0 0.03970 0.03975 1.21000    284        234.7 0.0593
1  2  25.0 0.03990 0.03994 1.21000    282        233.1 0.0595
1  3  25.0 0.00010 0.00010 0.11683  71614     612979.7 0.0037
1  3  25.0 0.00030 0.00029 0.06742  71496    1060390.4 0.0037
1  3  25.0 0.00050 0.00049 0.04297  71816    1671140.0 0.0037
1  3  25.0 0.00070 0.00068 0.03113  72896    2341325.6 0.0037
1  3  25.0 0.00090 0.00088 0.02410  71534    2967643.6 0.0037
1  3  25.0 0.00110 0.00107 0.02052  71534    3485992.0 0.0037
1  3  25.0 0.00130 0.00127 0.02052  79672    3882572.7 0.0035
1  3  25.0 0.00150 0.00146 0.01746  72364    4144056.2 0.0037
1  3  25.0 0.00170 0.00166 0.01746  75254    4309557.3 0.0036
1  3  25.0 0.00190 0.00186 0.01746  77104    4415501.0 0.0036
1  3  25.0 0.00210 0.00215 0.01746  78798    4512510.9 0.0036
1  3  25.0 0.00230 0.00234 0.01746  79460    4550421.6 0.0035
1  3  25.0 0.00250 0.00254 0.01746  79908    4576077.1 0.0035
1  3  25.0 0.00270 0.00273 0.01568  71944    4587968.0 0.0037
1  3  25.0 0.00290 0.00293 0.01568  72070    4596003.2 0.0037
1  3  25.0 0.00310 0.00313 0.01568  72104    4598171.4 0.0037
1  3  25.0 0.00330 0.00332 0.01568  72028    4593324.8 0.0037
1  3  25.0 0.00350 0.00352 0.01568  71848    4581845.9 0.0037
1  3  25.0 0.00370 0.00371 0.01568  71506    4560036.1 0.0037
1  3  25.0 0.00390 0.00391 0.01568  70984    4526747.4 0.0038
1  3  25.0 0.00410 0.00410 0.01568  70212    4477515.9 0.0038
1  3  25.0 0.00430 0.00430 0.01568  69024    4401755.5 0.0038
1  3  25.0 0.00450 0.00449 0.01568  67178    4284033.6 0.0039
1  3  25.0 0.00470 0.00469 0.01568  64600    4119631.0 0.0039
1  3  25.0 0.00490 0.00488 0.01568  60584    3863525.1 0.0041
1  3  25.0 0.00510 0.00508 0.01568  54808    3495181.6 0.0043
1  3  25.0 0.00530 0.00527 0.01568  47414    3023656.1 0.0046
1  3  25.0 0.00550 0.00547 0.01568  38750    2471140.9 0.0051
1  3  25.0 0.00570 0.00566 0.01568  30966    1974744.5 0.0057
1  3  25.0 0.00590 0.00586 0.01568  24884    1586887.0 0.0063
1  3  25.0 0.00610 0.00605 0.01568  20476    1305782.7 0.0070
1  3  25.0 0.00630 0.00635 0.01568  17332    1105285.5 0.0076
1  3  25.0 0.00650 0.00654 0.01568  16344    1042279.4 0.0078
1  3  25.0 0.00670 0.00674 0.01568  15822    1008990.7 0.0080
1  3  25.0 0.00690 0.00693 0.01568  15674     999552.6 0.0080
1  3  25.0 0.00710 0.00713 0.01568  15538     990879.7 0.0080
1  3  25.0 0.00730 0.00732 0.01568  15492     987946.2 0.0080
1  3  25.0 0.00750 0.00752 0.01568  15430     983992.4 0.0081
1  3  25.0 0.00770 0.00771 0.01568  15472     986670.7 0.0080
1  3  25.0 0.00790 0.00791 0.01568  15502     988583.9 0.0080
1  3  25.0 0.00810 0.00811 0.01568  15388     981314.0 0.0081
1  3  25.0 0.00830 0.00830 0.01568  15726    1002868.7 0.0080
1  3  25.0 0.00850 0.00850 0.01568  15470     986543.2 0.0080
1  3  25.0 0.00870 0.00869 0.01568  15362     979655.9 0.0081
1  3  25.0 0.00890 0.00889 0.01568  15494     988073.7 0.0080
1  3  25.0 0.00910 0.00908 0.01568  15362     979655.9 0.0081
1  3  25.0 0.00930 0.00928 0.01568  15156     966519.0 0.0081
1  3  25.0 0.00950 0.00947 0.01568  15010     957208.4 0.0082
1  3  25.0 0.00970 0.00967 0.01568  14570     929149.0 0.0083
1  3  25.0 0.00990 0.00986 0.01568  14122     900579.4 0.0084
1  3  25.0 0.01010 0.01006 0.01568  13336     850455.1 0.0087
1  3  25.0 0.01030 0.01025 0.01568  12456     794336.3 0.0090
1  3  25.0 0.01050 0.01055 0.01568  10744     685159.7 0.0096
1  3  25.0 0.01070 0.01074 0.01568   9318     594221.7 0.0104
1  3  25.0 0.01090 0.01094 0.01568   8314     530195.2 0.0110
1  3  25.0 0.01110 0.01113 0.01568   6844     436451.3 0.0121
1  3  25.0 0.01130 0.01133 0.01568   5820     371149.4 0.0131
1  3  25.0 0.01150 0.01152 0.01568   4850     309291.2 0.0144
1  3  25.0 0.01170 0.01172 0.01568   4002     255213.1 0.0158
1  3  25.0 0.01190 0.01191 0.01568   3544     226005.8 0.0168
1  3  25.0 0.01210 0.01211 0.01568   3044     194120.1 0.0181
1  3  25.0 0.01230 0.01230 0.01568   2846     181493.3 0.0187
1  3  25.0 0.01250 0.01250 0.01568   2564     163509.8 0.0197
1  3  25.0 0.01270 0.01270 0.01568   2452     156367.4 0.0202
1  3  25.0 0.01290 0.01289 0.01582   2368     149654.3 0.0205
1  3  25.0 0.01310 0.01309 0.01582   2244     141817.7 0.0211
1  3  25.0 0.01330 0.01328 0.01613   2244     139137.1 0.0211
1  3  25.0 0.01350 0.01348 0.01613   2260     140129.1 0.0210
1  3  25.0 0.01370 0.01367 0.01651   2222     134548.8 0.0212
1  3  25.0 0.01390 0.01387 0.01693   2254     133169.5 0.0211
1  3  25.0 0.01410 0.01406 0.01730   2318     134007.8 0.0208
1  3  25.0 0.01430 0.01426 0.01730   2244     129729.8 0.0211
1  3  25.0 0.01450 0.01445 0.01840   2320     126080.6 0.0208
1  3  25.0 0.01470 0.01475 0.01840   2290     124450.3 0.0209
1  3  25.0 0.01490 0.01494 0.01909   2410     126256.2 0.0204
1  3  25.0 0.01510 0.01514 0.01909   2292     120074.4 0.0209
1  3  25.0 0.01530 0.01533 0.01909   2356     123427.3 0.0206
1  3  25.0 0.01550 0.01553 0.01909   2238     117245.4 0.0211
1  3  25.0 0.01570 0.01572 0.01999   2250     112569.2 0.0211
1  3  25.0 0.01590 0.01592 0.02146   2346     109343.1 0.0206
1  3  25.0 0.01610 0.01611 0.02146   2266     105614.5 0.0210
1  3  25.0 0.01630 0.01631 0.02146   2278     106173.8 0.0210
1  3  25.0 0.01650 0.01650 0.02215   2272     102583.3 0.0210
1  3  25.0 0.01670 0.01670 0.02310   2296      99374.7 0.0209
1  3  25.0 0.01690 0.01689 0.02482   2298      92591.4 0.0209
1  3  25.0 0.01710 0.01709 0.02664   2232      83794.0 0.0212
1  3  25.0 0.01730 0.01729 0.02752   2226      80876.0 0.0212
1  3  25.0 0.01750 0.01748 0.03043   2240      73619.8 0.0211
1  3  25.0 0.01770 0.01768 0.03330   2260      67858.9 0.0210
1  3  25.0 0.01790 0.01787 0.03730   2268      60805.0 0.0210
1  3  25.0 0.01810 0.01807 0.04330   2276      52568.3 0.0210
1  3  25.0 0.01830 0.01826 0.04776   2232      46729.9 0.0212
1  3  25.0 0.01850 0.01846 0.05409   2260      41779.6 0.0210
1  3  25.0 0.01870 0.01865 0.06306   2302      36505.4 0.0208
1  3  25.0 0.01890 0.01895 0.07557   2224      29428.4 0.0212
1  3  25.0 0.01910 0.01914 0.08373   2248      26849.1 0.0211
1  3  25.0 0.01930 0.01934 0.09095   2254      24782.9 0.0211
1  3  25.0 0.01950 0.01953 0.09784   2280      23303.6 0.0209
1  3  25.0 0.01970 0.01973 0.09936   2222      22363.3 0.0212
1  3  25.0 0.01990 0.01992 0.10973   2360      21507.4 0.0206
1  3  25.0 0.02010 0.02012 0.11362   2388      21018.2 0.0205
1  3  24.9 0.02030 0.02031 0.11362   2232      19645.2 0.0212
1  3  24.9 0.02050 0.02051 0.11570   2226      19239.7 0.0212
1  3  24.9 0.02070 0.02070 0.11965   2266      18938.9 0.0210
1  3  24.9 0.02090 0.02090 0.11965   2276      19022.5 0.0210
1  3  24.9 0.02110 0.02109 0.11965   2268      18955.6 0.0210
1  3  24.9 0.02130 0.02129 0.12106   2232      18436.9 0.0212
1  3  24.9 0.02150 0.02148 0.13327   2374      17813.5 0.0205
1  3  24.9 0.02170 0.02168 0.13327   2356      17678.4 0.0206
1  3  24.9 0.02190 0.02188 0.13327   2286      17153.1 0.0209
1  3  24.9 0.02210 0.02207 0.13327   2306      17303.2 0.0208
1  3  24.9 0.02230 0.02227 0.13851   2294      16562.5 0.0209
1  3  24.9 0.02250 0.02246 0.13851   2242      16187.0 0.0211
1  3  24.9 0.02270 0.02266 0.14430   2296      15910.8 0.0209
1  3  24.9 0.02290 0.02285 0.14430   2224      15411.8 0.0212
1  3  24.9 0.02310 0.02314 0.15544   2372      15260.1 0.0205
1  3  24.9 0.02330 0.02334 0.15544   2226      14320.8 0.0212
1  3  24.9 0.02350 0.02354 0.16246   2276      14009.9 0.0210
1  3  24.9 0.02370 0.02373 0.16363   2228      13615.7 0.0212
1  3  24.9 0.02390 0.02393 0.17548   2316      13198.0 0.0208
1  3  24.9 0.02410 0.02412 0.18085   2296      12695.4 0.0209
1  3  24.9 0.02430 0.02432 0.19315   2352      12176.8 0.0206
1  3  24.9 0.02450 0.02451 0.20188   2224      11016.6 0.0212
1  3  24.9 0.02470 0.02471 0.22054   2234      10129.9 0.0212
1  3  24.9 0.02490 0.02490 0.24048   2318       9639.2 0.0208
1  3  24.9 0.02510 0.02510 0.26032   2324       8927.4 0.0207
1  3  24.9 0.02530 0.02529 0.28327   2228       7865.3 0.0212
1  3  24.9 0.02550 0.02549 0.31346   2268       7235.4 0.0210
1  3  24.9 0.02570 0.02568 0.34042   2316       6803.3 0.0208
1  3  24.9 0.02590 0.02588 0.39274   2314       5892.0 0.0208
1  3  24.9 0.02610 0.02607 0.41865   2266       5412.6 0.0210
1  3  24.9 0.02630 0.02627 0.45556   2262       4965.4 0.0210
1  3  24.9 0.02650 0.02646 0.48723   2244       4605.7 0.0211
1  3  24.9 0.02670 0.02666 0.51455   2256       4384.4 0.0211
1  3  24.9 0.02690 0.02686 0.55341   2236       4040.4 0.0211
1  3  24.9 0.02710 0.02715 0.59352   2304       3881.9 0.0208
1  3  24.9 0.02730 0.02734 0.59352   2226       3750.5 0.0212
1  3  24.9 0.02750 0.02754 0.63703   2366       3714.1 0.0206
1  3  24.9 0.02770 0.02773 0.63703   2302       3613.6 0.0208
1  3  24.9 0.02790 0.02793 0.65653   2360       3594.6 0.0206
1  3  24.9 0.02810 0.02813 0.65653   2230       3396.6 0.0212
1  3  24.9 0.02830 0.02832 0.67279   2298       3415.6 0.0209
1  3  24.9 0.02850 0.02852 0.68387   2236       3269.6 0.0211
1  3  24.9 0.02870 0.02871 0.68387   2260       3304.7 0.0210
1  3  24.9 0.02890 0.02891 0.71610   2300       3211.9 0.0209
1  3  24.9 0.02910 0.02910 0.72524   2308       3182.4 0.0208
1  3  24.9 0.02930 0.02930 0.76301   2344       3072.1 0.0207
1  3  24.9 0.02950 0.02949 0.76301   2276       2982.9 0.0210
1  3  24.9 0.02970 0.02969 0.76301   2236       2930.5 0.0211
1  3  24.9 0.02990 0.02988 0.76577   2250       2938.2 0.0211
1  3  24.9 0.03010 0.03008 0.76577   2252       2940.8 0.0211
1  3  24.9 0.03030 0.03027 0.81335   2264       2783.5 0.0210
1  3  24.9 0.03050 0.03047 0.81335   2250       2766.3 0.0211
1  3  24.9 0.03070 0.03066 0.85290   2272       2663.8 0.0210
1  3  24.9 0.03090 0.03086 0.88539   2344       2647.4 0.0207
1  3  24.9 0.03110 0.03105 0.93062   2358       2533.8 0.0206
1  3  24.9 0.03130 0.03135 0.93062   2256       2424.2 0.0211
1  3  24.9 0.03150 0.03154 0.99925   2336       2337.8 0.0207
1  3  24.9 0.03170 0.03174 1.05646   2286       2163.8 0.0209
1  3  24.9 0.03190 0.03193 1.05646   2230       2110.8 0.0212
1  3  24.9 0.03210 0.03213 1.15706   2254       1948.0 0.0211
1  3  24.9 0.03230 0.03232 1.21000   2038       1684.3 0.0222
1  3  24.9 0.03250 0.03252 1.21000   2008       1659.5 0.0223
1  3  24.9 0.03270 0.03271 1.21000   1848       1527.3 0.0233
1  3  24.9 0.03290 0.03291 1.21000   1630       1347.1 0.0248
1  3  24.9 0.03310 0.03311 1.21000   1622       1340.5 0.0248
1  3  24.9 0.03330 0.03330 1.21000   1422       1175.2 0.0265
1  3  24.9 0.03350 0.03350 1.21000   1340       1107.4 0.0273
1  3  24.9 0.03370 0.03369 1.21000   1256       1038.0 0.0282
1  3  24.9 0.03390 0.03389 1.21000   1202        993.4 0.0288
1  3  24.9 0.03410 0.03408 1.21000   1074        887.6 0.0305
1  3  24.9 0.03430 0.03428 1.21000   1092        902.5 0.0303
1  3  24.9 0.03450 0.03447 1.21000   1078        890.9 0.0305
1  3  24.9 0.03470 0.03467 1.21000    992        819.8 0.0318
1  3  25.0 0.03490 0.03486 1.21000   1014        838.0 0.0314
1  3  25.0 0.03510 0.03506 1.21000    996        823.1 0.0317
1  3  25.0 0.03530 0.03525 1.21000    932        770.2 0.0328
1  3  25.0 0.03550 0.03555 1.21000    932        770.2 0.0328
1  3  25.0 0.03570 0.03574 1.21000    920        760.3 0.0330
1  3  25.0 0.03590 0.03594 1.21000    940        776.9 0.0326
1  3  25.0 0.03610 0.03613 1.21000    878        725.6 0.0337
1  3  25.0 0.03630 0.03633 1.21000    892        737.2 0.0335
1  3  25.0 0.03650 0.03652 1.21000    860        710.7 0.0341
1  3  25.0 0.03670 0.03672 1.21000    882        728.9 0.0337
1  3  25.0 0.03690 0.03691 1.21000    860        710.7 0.0341
1  3  25.0 0.03710 0.03711 1.21000    842        695.9 0.0345
1  3  25.0 0.03730 0.03730 1.21000    806        666.1 0.0352
1  3  25.0 0.03750 0.03750 1.21000    792        654.5 0.0355
1  3  25.0 0.03770 0.03770 1.21000    822        679.3 0.0349
1  3  25.0 0.03790 0.03789 1.21000    798        659.5 0.0354
1  3  25.0 0.03810 0.03809 1.21000    766        633.1 0.0361
1  3  25.0 0.03830 0.03828 1.21000    776        641.3 0.0359
1  3  25.0 0.03850 0.03848 1.21000    692        571.9 0.0380
1  3  25.0 0.03870 0.03867 1.21000    690        570.2 0.0381
1  3  25.0 0.03890 0.03887 1.21000    714        590.1 0.0374
1  3  25.0 0.03910 0.03906 1.21000    646        533.9 0.0393
1  3  25.0 0.03930 0.03926 1.21000    618        510.7 0.0402
1  3  25.0 0.03950 0.03945 1.21000    602        497.5 0.0408
1  3  25.0 0.03970 0.03975 1.21000    546        451.2 0.0428
1  3  25.0 0.03990 0.03994 1.21000    500        413.2 0.0447
