# Scan Time    : Fri, 18 Mar 2022 16:32:32 +0000 (GMT) +123316000 nsec
# Board Lane   : 8
# Board Loc    : BTOF - Northeast
# SiPM Biases  :  57.133  57.157  57.196  57.698
# SiPM Currents:   1.298   1.341   1.167   1.790
#
4 -1  25.7 0.00010 0.00010 1.21000      4          3.3 0.5000
4 -1  25.7 0.00030 0.00029 1.21000      6          5.0 0.4082
4 -1  25.7 0.00050 0.00049 1.21000     10          8.3 0.3162
4 -1  25.7 0.00070 0.00068 1.21000     10          8.3 0.3162
4 -1  25.7 0.00090 0.00088 1.21000     16         13.2 0.2500
4 -1  25.7 0.00110 0.00107 1.21000     16         13.2 0.2500
4 -1  25.7 0.00130 0.00127 1.21000     10          8.3 0.3162
4 -1  25.7 0.00150 0.00146 1.21000     12          9.9 0.2887
4 -1  25.7 0.00170 0.00166 1.21000     14         11.6 0.2673
4 -1  25.7 0.00190 0.00186 1.21000     14         11.6 0.2673
4 -1  25.7 0.00210 0.00215 1.21000     32         26.4 0.1768
4 -1  25.7 0.00230 0.00234 1.21000     22         18.2 0.2132
4 -1  25.7 0.00250 0.00254 1.21000     30         24.8 0.1826
4 -1  25.7 0.00270 0.00273 1.21000     32         26.4 0.1768
4 -1  25.7 0.00290 0.00293 1.21000     42         34.7 0.1543
4 -1  25.7 0.00310 0.00313 1.21000     34         28.1 0.1715
4 -1  25.7 0.00330 0.00332 1.21000     42         34.7 0.1543
4 -1  25.7 0.00350 0.00352 1.21000     50         41.3 0.1414
4 -1  25.7 0.00370 0.00371 1.21000     62         51.2 0.1270
4 -1  25.7 0.00390 0.00391 1.21000     58         47.9 0.1313
4 -1  25.7 0.00410 0.00410 1.21000     82         67.8 0.1104
4 -1  25.7 0.00430 0.00430 1.21000    114         94.2 0.0937
4 -1  25.7 0.00450 0.00449 1.21000    218        180.2 0.0677
4 -1  25.7 0.00470 0.00469 1.21000    518        428.1 0.0439
4 -1  25.7 0.00490 0.00488 1.21000   1112        919.0 0.0300
4 -1  25.7 0.00510 0.00508 1.21000   2746       2269.4 0.0191
4 -1  25.7 0.00530 0.00527 1.21000   6186       5112.4 0.0127
4 -1  25.7 0.00550 0.00547 1.21000  14484      11970.2 0.0083
4 -1  25.7 0.00570 0.00566 1.21000  31710      26206.6 0.0056
4 -1  25.7 0.00590 0.00586 1.21000  68550      56652.9 0.0038
4 -1  25.7 0.00610 0.00605 0.66468  78734     118453.5 0.0036
4 -1  25.7 0.00630 0.00635 0.21914  70702     322636.6 0.0038
4 -1  25.7 0.00650 0.00654 0.12038  73846     613450.7 0.0037
4 -1  25.7 0.00670 0.00674 0.06613  73386    1109779.6 0.0037
4 -1  25.7 0.00690 0.00693 0.03806  71846    1887657.3 0.0037
4 -1  25.7 0.00710 0.00713 0.02399  71948    2998547.4 0.0037
4 -1  25.7 0.00730 0.00732 0.01662  73254    4406718.0 0.0037
4 -1  25.7 0.00750 0.00752 0.01209  72308    5982196.7 0.0037
4 -1  25.7 0.00770 0.00771 0.00951  71576    7525906.9 0.0037
4 -1  25.7 0.00790 0.00791 0.00797  72666    9118106.5 0.0037
4 -1  25.7 0.00810 0.00811 0.00706  71390   10109345.5 0.0037
4 -1  25.7 0.00830 0.00830 0.00706  77320   10949076.8 0.0036
4 -1  25.7 0.00850 0.00850 0.00621  72422   11656782.2 0.0037
4 -1  25.7 0.00870 0.00869 0.00621  75652   12176671.3 0.0036
4 -1  25.7 0.00890 0.00889 0.00621  77738   12512426.3 0.0036
4 -1  25.7 0.00910 0.00908 0.00621  79638   12818243.4 0.0035
4 -1  25.7 0.00930 0.00928 0.00554  72432   13085573.3 0.0037
4 -1  25.7 0.00950 0.00947 0.00554  73440   13267678.7 0.0037
4 -1  25.7 0.00970 0.00967 0.00554  73870   13345362.5 0.0037
4 -1  25.7 0.00990 0.00986 0.00554  74158   13397392.6 0.0037
4 -1  25.7 0.01010 0.01006 0.00554  74082   13383662.4 0.0037
4 -1  25.7 0.01030 0.01025 0.00554  73710   13316456.9 0.0037
4 -1  25.7 0.01050 0.01055 0.00554  72412   13081960.1 0.0037
4 -1  25.7 0.01070 0.01074 0.00554  71050   12835901.0 0.0038
4 -1  25.7 0.01090 0.01094 0.00554  68738   12418214.8 0.0038
4 -1  25.7 0.01110 0.01113 0.00554  65666   11863226.9 0.0039
4 -1  25.7 0.01130 0.01133 0.00554  61434   11098673.3 0.0040
4 -1  25.7 0.01150 0.01152 0.00554  55974   10112269.1 0.0042
4 -1  25.7 0.01170 0.01172 0.00554  49954    9024695.3 0.0045
4 -1  25.7 0.01190 0.01191 0.00554  43490    7856908.3 0.0048
4 -1  25.7 0.01210 0.01211 0.00554  38006    6866168.2 0.0051
4 -1  25.7 0.01230 0.01230 0.00554  33494    6051029.8 0.0055
4 -1  25.7 0.01250 0.01250 0.00554  30384    5489176.9 0.0057
4 -1  25.7 0.01270 0.01270 0.00554  28694    5183861.3 0.0059
4 -1  25.7 0.01290 0.01289 0.00554  27000    4877823.0 0.0061
4 -1  25.7 0.01310 0.01309 0.00554  26418    4772678.8 0.0062
4 -1  25.7 0.01330 0.01328 0.00554  25898    4678735.6 0.0062
4 -1  25.7 0.01350 0.01348 0.00554  25612    4627066.8 0.0062
4 -1  25.7 0.01370 0.01367 0.00554  25602    4625260.2 0.0062
4 -1  25.7 0.01390 0.01387 0.00554  25410    4590573.5 0.0063
4 -1  25.7 0.01410 0.01406 0.00554  25342    4578288.6 0.0063
4 -1  25.7 0.01430 0.01426 0.00554  25350    4579733.8 0.0063
4 -1  25.7 0.01450 0.01445 0.00554  25376    4584431.0 0.0063
4 -1  25.7 0.01470 0.01475 0.00554  25336    4577204.6 0.0063
4 -1  25.7 0.01490 0.01494 0.00554  24992    4515057.5 0.0063
4 -1  25.7 0.01510 0.01514 0.00554  24898    4498075.5 0.0063
4 -1  25.7 0.01530 0.01533 0.00554  24940    4505663.2 0.0063
4 -1  25.7 0.01550 0.01553 0.00554  24756    4472421.7 0.0064
4 -1  25.7 0.01570 0.01572 0.00554  24646    4452549.1 0.0064
4 -1  25.7 0.01590 0.01592 0.00554  24612    4446406.7 0.0064
4 -1  25.7 0.01610 0.01611 0.00554  24766    4474228.3 0.0064
4 -1  25.7 0.01630 0.01631 0.00554  24578    4440264.2 0.0064
4 -1  25.7 0.01650 0.01650 0.00554  24500    4426172.8 0.0064
4 -1  25.7 0.01670 0.01670 0.00554  24420    4411719.9 0.0064
4 -1  25.7 0.01690 0.01689 0.00554  24256    4382091.7 0.0064
4 -1  25.7 0.01710 0.01709 0.00554  23986    4333313.5 0.0065
4 -1  25.7 0.01730 0.01729 0.00554  23412    4229614.6 0.0065
4 -1  25.7 0.01750 0.01748 0.00554  22514    4067381.8 0.0067
4 -1  25.7 0.01770 0.01768 0.00554  21468    3878411.3 0.0068
4 -1  25.7 0.01790 0.01787 0.00554  20298    3667039.0 0.0070
4 -1  25.7 0.01810 0.01807 0.00554  19008    3433987.4 0.0073
4 -1  25.7 0.01830 0.01826 0.00554  17460    3154325.6 0.0076
4 -1  25.7 0.01850 0.01846 0.00554  15882    2869243.9 0.0079
4 -1  25.7 0.01870 0.01865 0.00554  14432    2607286.7 0.0083
4 -1  25.7 0.01890 0.01895 0.00554  12136    2192491.1 0.0091
4 -1  25.7 0.01910 0.01914 0.00554  10496    1896208.5 0.0098
4 -1  25.7 0.01930 0.01934 0.00554   9436    1704708.8 0.0103
4 -1  25.7 0.01950 0.01953 0.00554   8490    1533804.4 0.0109
4 -1  25.7 0.01970 0.01973 0.00554   7728    1396141.3 0.0114
4 -1  25.7 0.01990 0.01992 0.00554   7140    1289913.2 0.0118
4 -1  25.7 0.02010 0.02012 0.00554   6592    1190911.5 0.0123
4 -1  25.7 0.02030 0.02031 0.00554   6362    1149359.6 0.0125
4 -1  25.7 0.02050 0.02051 0.00554   6016    1086851.2 0.0129
4 -1  25.7 0.02070 0.02070 0.00554   5644    1019645.7 0.0133
4 -1  25.7 0.02090 0.02090 0.00554   5526     998327.8 0.0135
4 -1  25.7 0.02110 0.02109 0.00554   5440     982791.0 0.0136
4 -1  25.7 0.02130 0.02129 0.00554   5222     943407.1 0.0138
4 -1  25.7 0.02150 0.02148 0.00554   5234     945575.0 0.0138
4 -1  25.7 0.02170 0.02168 0.00554   4960     896074.2 0.0142
4 -1  25.7 0.02190 0.02188 0.00554   4798     866807.2 0.0144
4 -1  25.7 0.02210 0.02207 0.00554   4730     854522.3 0.0145
4 -1  25.7 0.02230 0.02227 0.00554   4538     819835.6 0.0148
4 -1  25.7 0.02250 0.02246 0.00554   4484     810079.9 0.0149
4 -1  25.7 0.02270 0.02266 0.00554   4494     811886.5 0.0149
4 -1  25.7 0.02290 0.02285 0.00554   4228     763831.0 0.0154
4 -1  25.7 0.02310 0.02314 0.00554   3978     718665.9 0.0159
4 -1  25.7 0.02330 0.02334 0.00554   4016     725531.0 0.0158
4 -1  25.7 0.02350 0.02354 0.00554   3806     687592.4 0.0162
4 -1  25.7 0.02370 0.02373 0.00554   3618     653628.3 0.0166
4 -1  25.7 0.02390 0.02393 0.00554   3540     639536.8 0.0168
4 -1  25.7 0.02410 0.02412 0.00554   3480     628697.2 0.0170
4 -1  25.7 0.02430 0.02432 0.00554   3352     605572.7 0.0173
4 -1  25.7 0.02450 0.02451 0.00554   3290     594371.8 0.0174
4 -1  25.7 0.02470 0.02471 0.00554   3108     561491.6 0.0179
4 -1  25.7 0.02490 0.02490 0.00554   2806     506932.3 0.0189
4 -1  25.7 0.02510 0.02510 0.00554   2802     506209.6 0.0189
4 -1  25.7 0.02530 0.02529 0.00554   2614     472245.5 0.0196
4 -1  25.7 0.02550 0.02549 0.00554   2482     448398.4 0.0201
4 -1  25.7 0.02570 0.02568 0.00554   2364     427080.5 0.0206
4 -1  25.7 0.02590 0.02588 0.00591   2280     385835.2 0.0209
4 -1  25.7 0.02610 0.02607 0.00618   2272     367870.2 0.0210
4 -1  25.7 0.02630 0.02627 0.00686   2338     340735.0 0.0207
4 -1  25.7 0.02650 0.02646 0.00736   2254     306317.5 0.0211
4 -1  25.7 0.02670 0.02666 0.00794   2246     282848.4 0.0211
4 -1  25.7 0.02690 0.02686 0.00894   2288     255978.3 0.0209
4 -1  25.7 0.02710 0.02715 0.00997   2318     232490.8 0.0208
4 -1  25.7 0.02730 0.02734 0.01127   2222     197185.9 0.0212
4 -1  25.7 0.02750 0.02754 0.01205   2248     186564.8 0.0211
4 -1  25.7 0.02770 0.02773 0.01296   2242     172981.2 0.0211
4 -1  25.7 0.02790 0.02793 0.01418   2412     170045.4 0.0204
4 -1  25.7 0.02810 0.02813 0.01530   2306     150719.7 0.0208
4 -1  25.7 0.02830 0.02832 0.01640   2330     142036.6 0.0207
4 -1  25.7 0.02850 0.02852 0.01732   2288     132069.4 0.0209
4 -1  25.7 0.02870 0.02871 0.01837   2328     126758.3 0.0207
4 -1  25.7 0.02890 0.02891 0.01891   2262     119617.1 0.0210
4 -1  25.7 0.02910 0.02910 0.01960   2336     119194.0 0.0207
4 -1  25.7 0.02930 0.02930 0.02031   2224     109520.5 0.0212
4 -1  25.7 0.02950 0.02949 0.02133   2272     106512.2 0.0210
4 -1  25.7 0.02970 0.02969 0.02219   2242     101037.8 0.0211
4 -1  25.7 0.02990 0.02988 0.02302   2236      97139.4 0.0211
4 -1  25.7 0.03010 0.03008 0.02429   2286      94127.0 0.0209
4 -1  25.7 0.03030 0.03027 0.02494   2316      92873.1 0.0208
4 -1  25.7 0.03050 0.03047 0.02636   2310      87629.8 0.0208
4 -1  25.7 0.03070 0.03066 0.02702   2244      83057.4 0.0211
4 -1  25.7 0.03090 0.03086 0.02808   2310      82268.0 0.0208
4 -1  25.7 0.03110 0.03105 0.02951   2252      76304.2 0.0211
4 -1  25.7 0.03130 0.03135 0.03129   2274      72680.4 0.0210
4 -1  25.7 0.03150 0.03154 0.03210   2268      70661.8 0.0210
4 -1  25.7 0.03170 0.03174 0.03449   2344      67968.2 0.0207
4 -1  25.7 0.03190 0.03193 0.03570   2330      65268.4 0.0207
4 -1  25.7 0.03210 0.03213 0.03669   2248      61271.0 0.0211
4 -1  25.7 0.03230 0.03232 0.04028   2272      56411.7 0.0210
4 -1  25.7 0.03250 0.03252 0.04028   2268      56312.4 0.0210
4 -1  25.7 0.03270 0.03271 0.04227   2248      53181.6 0.0211
4 -1  25.7 0.03290 0.03291 0.04691   2300      49032.6 0.0209
4 -1  25.7 0.03310 0.03311 0.05029   2268      45097.1 0.0210
4 -1  25.7 0.03330 0.03330 0.05275   2294      43484.5 0.0209
4 -1  25.7 0.03350 0.03350 0.05412   2250      41575.6 0.0211
4 -1  25.7 0.03370 0.03369 0.05935   2368      39896.3 0.0205
4 -1  25.7 0.03390 0.03389 0.06268   2258      36022.7 0.0210
4 -1  25.7 0.03410 0.03408 0.06646   2276      34248.3 0.0210
4 -1  25.7 0.03430 0.03428 0.07127   2272      31880.1 0.0210
4 -1  25.7 0.03450 0.03447 0.07871   2272      28867.2 0.0210
4 -1  25.7 0.03470 0.03467 0.08421   2274      27002.6 0.0210
4 -1  25.7 0.03490 0.03486 0.08919   2244      25159.4 0.0211
4 -1  25.7 0.03510 0.03506 0.09811   2256      22994.7 0.0211
4 -1  25.7 0.03530 0.03525 0.10503   2240      21326.4 0.0211
4 -1  25.7 0.03550 0.03555 0.11833   2262      19115.2 0.0210
4 -1  25.7 0.03570 0.03574 0.12991   2316      17827.6 0.0208
4 -1  25.7 0.03590 0.03594 0.13527   2276      16825.8 0.0210
4 -1  25.7 0.03610 0.03613 0.14517   2246      15471.7 0.0211
4 -1  25.7 0.03630 0.03633 0.15398   2250      14612.0 0.0211
4 -1  25.7 0.03650 0.03652 0.16891   2280      13498.7 0.0209
4 -1  25.7 0.03670 0.03672 0.17153   2232      13012.3 0.0212
4 -1  25.7 0.03690 0.03691 0.18431   2314      12555.1 0.0208
4 -1  25.7 0.03710 0.03711 0.19131   2228      11645.7 0.0212
4 -1  25.8 0.03730 0.03730 0.20004   2274      11367.7 0.0210
4 -1  25.8 0.03750 0.03750 0.21306   2222      10429.1 0.0212
4 -1  25.8 0.03770 0.03770 0.22568   2362      10466.2 0.0206
4 -1  25.8 0.03790 0.03789 0.23587   2310       9793.6 0.0208
4 -1  25.8 0.03810 0.03809 0.24933   2364       9481.3 0.0206
4 -1  25.8 0.03830 0.03828 0.25784   2282       8850.6 0.0209
4 -1  25.8 0.03850 0.03848 0.26426   2278       8620.4 0.0210
4 -1  25.8 0.03870 0.03867 0.27988   2290       8182.2 0.0209
4 -1  25.8 0.03890 0.03887 0.28738   2328       8100.8 0.0207
4 -1  25.8 0.03910 0.03906 0.30498   2328       7633.2 0.0207
4 -1  25.8 0.03930 0.03926 0.30692   2252       7337.5 0.0211
4 -1  25.8 0.03950 0.03945 0.32901   2252       6844.7 0.0211
4 -1  25.8 0.03970 0.03975 0.35662   2280       6393.4 0.0209
4 -1  25.8 0.03990 0.03994 0.38194   2292       6000.9 0.0209
4  0  25.8 0.00010 0.00010 1.21000    302        249.6 0.0575
4  0  25.8 0.00030 0.00029 1.21000     36         29.8 0.1667
4  0  25.8 0.00050 0.00049 1.21000     50         41.3 0.1414
4  0  25.8 0.00070 0.00068 1.21000     38         31.4 0.1622
4  0  25.8 0.00090 0.00088 1.21000     48         39.7 0.1443
4  0  25.8 0.00110 0.00107 1.21000     52         43.0 0.1387
4  0  25.8 0.00130 0.00127 1.21000     46         38.0 0.1474
4  0  25.8 0.00150 0.00146 1.21000     26         21.5 0.1961
4  0  25.8 0.00170 0.00166 1.21000     56         46.3 0.1336
4  0  25.8 0.00190 0.00186 1.21000     62         51.2 0.1270
4  0  25.8 0.00210 0.00215 1.21000     66         54.5 0.1231
4  0  25.8 0.00230 0.00234 1.21000     54         44.6 0.1361
4  0  25.8 0.00250 0.00254 1.21000     68         56.2 0.1213
4  0  25.8 0.00270 0.00273 1.21000     52         43.0 0.1387
4  0  25.8 0.00290 0.00293 1.21000     70         57.9 0.1195
4  0  25.8 0.00310 0.00313 1.21000     98         81.0 0.1010
4  0  25.8 0.00330 0.00332 1.21000     54         44.6 0.1361
4  0  25.8 0.00350 0.00352 1.21000     86         71.1 0.1078
4  0  25.8 0.00370 0.00371 1.21000     96         79.3 0.1021
4  0  25.8 0.00390 0.00391 1.21000     98         81.0 0.1010
4  0  25.8 0.00410 0.00410 1.21000    126        104.1 0.0891
4  0  25.8 0.00430 0.00430 1.21000    158        130.6 0.0796
4  0  25.8 0.00450 0.00449 1.21000    266        219.8 0.0613
4  0  25.8 0.00470 0.00469 1.21000    634        524.0 0.0397
4  0  25.8 0.00490 0.00488 1.21000   1384       1143.8 0.0269
4  0  25.8 0.00510 0.00508 1.21000   3092       2555.4 0.0180
4  0  25.8 0.00530 0.00527 1.21000   7208       5957.0 0.0118
4  0  25.8 0.00550 0.00547 1.21000  16334      13499.2 0.0078
4  0  25.8 0.00570 0.00566 1.21000  35594      29416.5 0.0053
4  0  25.8 0.00590 0.00586 1.21000  73918      61089.3 0.0037
4  0  25.8 0.00610 0.00605 0.48180  72100     149647.2 0.0037
4  0  25.8 0.00630 0.00635 0.18592  72478     389831.0 0.0037
4  0  25.8 0.00650 0.00654 0.10449  71534     684626.2 0.0037
4  0  25.8 0.00670 0.00674 0.06347  72318    1139322.2 0.0037
4  0  25.8 0.00690 0.00693 0.04260  71872    1687309.4 0.0037
4  0  25.8 0.00710 0.00713 0.03090  72252    2338112.3 0.0037
4  0  25.8 0.00730 0.00732 0.02458  72032    2930770.5 0.0037
4  0  25.8 0.00750 0.00752 0.02114  72104    3410915.1 0.0037
4  0  25.8 0.00770 0.00771 0.02114  79800    3774978.2 0.0035
4  0  25.8 0.00790 0.00791 0.01774  71818    4047890.8 0.0037
4  0  25.8 0.00810 0.00811 0.01774  74752    4213260.3 0.0037
4  0  25.8 0.00830 0.00830 0.01774  76706    4323394.0 0.0036
4  0  25.8 0.00850 0.00850 0.01774  78030    4398018.8 0.0036
4  0  25.8 0.00870 0.00869 0.01774  78944    4449534.8 0.0036
4  0  25.8 0.00890 0.00889 0.01774  79562    4484367.2 0.0035
4  0  25.8 0.00910 0.00908 0.01597  71820    4498006.6 0.0037
4  0  25.8 0.00930 0.00928 0.01597  72070    4513663.8 0.0037
4  0  25.8 0.00950 0.00947 0.01597  72248    4524811.7 0.0037
4  0  25.8 0.00970 0.00967 0.01597  72292    4527567.4 0.0037
4  0  25.8 0.00990 0.00986 0.01597  72230    4523684.4 0.0037
4  0  25.8 0.01010 0.01006 0.01597  72082    4514415.3 0.0037
4  0  25.8 0.01030 0.01025 0.01597  71840    4499259.1 0.0037
4  0  25.8 0.01050 0.01055 0.01597  71156    4456421.0 0.0037
4  0  25.8 0.01070 0.01074 0.01597  70420    4410326.1 0.0038
4  0  25.8 0.01090 0.01094 0.01597  69206    4334294.7 0.0038
4  0  25.8 0.01110 0.01113 0.01597  67568    4231708.5 0.0038
4  0  25.8 0.01130 0.01133 0.01597  65046    4073758.5 0.0039
4  0  25.8 0.01150 0.01152 0.01597  61512    3852428.0 0.0040
4  0  25.8 0.01170 0.01172 0.01597  56510    3539158.3 0.0042
4  0  25.8 0.01190 0.01191 0.01597  50312    3150984.5 0.0045
4  0  25.8 0.01210 0.01211 0.01597  42966    2690912.7 0.0048
4  0  25.8 0.01230 0.01230 0.01597  35866    2246247.6 0.0053
4  0  25.8 0.01250 0.01250 0.01597  29606    1854190.8 0.0058
4  0  25.8 0.01270 0.01270 0.01597  24848    1556202.5 0.0063
4  0  25.8 0.01290 0.01289 0.01597  21702    1359172.1 0.0068
4  0  25.8 0.01310 0.01309 0.01597  19792    1239550.9 0.0071
4  0  25.8 0.01330 0.01328 0.01597  18896    1183435.4 0.0073
4  0  25.8 0.01350 0.01348 0.01597  18264    1143854.0 0.0074
4  0  25.8 0.01370 0.01367 0.01597  18236    1142100.4 0.0074
4  0  25.8 0.01390 0.01387 0.01597  17898    1120931.8 0.0075
4  0  25.8 0.01410 0.01406 0.01597  17794    1114418.4 0.0075
4  0  25.8 0.01430 0.01426 0.01597  17978    1125942.1 0.0075
4  0  25.8 0.01450 0.01445 0.01597  17816    1115796.2 0.0075
4  0  25.8 0.01470 0.01475 0.01597  17980    1126067.4 0.0075
4  0  25.8 0.01490 0.01494 0.01597  17784    1113792.1 0.0075
4  0  25.8 0.01510 0.01514 0.01597  17906    1121432.8 0.0075
4  0  25.8 0.01530 0.01533 0.01597  18066    1131453.4 0.0074
4  0  25.8 0.01550 0.01553 0.01597  17766    1112664.8 0.0075
4  0  25.8 0.01570 0.01572 0.01597  17694    1108155.5 0.0075
4  0  25.8 0.01590 0.01592 0.01597  17828    1116547.8 0.0075
4  0  25.8 0.01610 0.01611 0.01597  17728    1110284.9 0.0075
4  0  25.8 0.01630 0.01631 0.01597  17704    1108781.8 0.0075
4  0  25.8 0.01650 0.01650 0.01597  17760    1112289.0 0.0075
4  0  25.8 0.01670 0.01670 0.01597  17386    1088865.8 0.0076
4  0  25.8 0.01690 0.01689 0.01597  17706    1108907.0 0.0075
4  0  25.8 0.01710 0.01709 0.01597  17514    1096882.3 0.0076
4  0  25.8 0.01730 0.01729 0.01597  16860    1055923.0 0.0077
4  0  25.8 0.01750 0.01748 0.01597  16238    1016967.8 0.0078
4  0  25.8 0.01770 0.01768 0.01597  15752     986530.2 0.0080
4  0  25.8 0.01790 0.01787 0.01597  14742     923275.0 0.0082
4  0  25.8 0.01810 0.01807 0.01597  13684     857013.7 0.0085
4  0  25.8 0.01830 0.01826 0.01597  12258     767704.9 0.0090
4  0  25.8 0.01850 0.01846 0.01597  10720     671381.7 0.0097
4  0  25.8 0.01870 0.01865 0.01597   9580     599984.7 0.0102
4  0  25.8 0.01890 0.01895 0.01597   7462     467336.7 0.0116
4  0  25.8 0.01910 0.01914 0.01597   6258     391931.6 0.0126
4  0  25.8 0.01930 0.01934 0.01597   5208     326171.2 0.0139
4  0  25.8 0.01950 0.01953 0.01597   4528     283583.6 0.0149
4  0  25.8 0.01970 0.01973 0.01597   3820     239242.3 0.0162
4  0  25.8 0.01990 0.01992 0.01597   3448     215944.4 0.0170
4  0  25.8 0.02010 0.02012 0.01597   3118     195276.9 0.0179
4  0  25.8 0.02030 0.02031 0.01597   2788     174609.3 0.0189
4  0  25.8 0.02050 0.02051 0.01597   2764     173106.2 0.0190
4  0  25.8 0.02070 0.02070 0.01597   2562     160455.2 0.0198
4  0  25.8 0.02090 0.02090 0.01597   2526     158200.6 0.0199
4  0  25.8 0.02110 0.02109 0.01597   2432     152313.4 0.0203
4  0  25.8 0.02130 0.02129 0.01597   2414     151186.1 0.0204
4  0  25.8 0.02150 0.02148 0.01597   2352     147303.1 0.0206
4  0  25.8 0.02170 0.02168 0.01597   2292     143545.4 0.0209
4  0  25.8 0.02190 0.02188 0.01610   2266     140767.4 0.0210
4  0  25.8 0.02210 0.02207 0.01639   2272     138599.4 0.0210
4  0  25.8 0.02230 0.02227 0.01641   2274     138596.5 0.0210
4  0  25.8 0.02250 0.02246 0.01697   2264     133391.6 0.0210
4  0  25.8 0.02270 0.02266 0.01760   2280     129513.4 0.0209
4  0  25.8 0.02290 0.02285 0.01760   2254     128036.5 0.0211
4  0  25.8 0.02310 0.02314 0.01824   2352     128953.2 0.0206
4  0  25.8 0.02330 0.02334 0.01874   2236     119298.9 0.0211
4  0  25.8 0.02350 0.02354 0.01874   2266     120899.5 0.0210
4  0  25.8 0.02370 0.02373 0.01983   2248     113353.9 0.0211
4  0  25.8 0.02390 0.02393 0.02079   2260     108727.7 0.0210
4  0  25.8 0.02410 0.02412 0.02079   2254     108439.1 0.0211
4  0  25.8 0.02430 0.02432 0.02142   2236     104377.8 0.0211
4  0  25.8 0.02450 0.02451 0.02349   2388     101663.9 0.0205
4  0  25.8 0.02470 0.02471 0.02349   2236      95192.8 0.0211
4  0  25.8 0.02490 0.02490 0.02495   2252      90264.8 0.0211
4  0  25.8 0.02510 0.02510 0.02720   2316      85142.9 0.0208
4  0  25.8 0.02530 0.02529 0.02840   2346      82597.3 0.0206
4  0  25.8 0.02550 0.02549 0.02930   2316      79045.6 0.0208
4  0  25.8 0.02570 0.02568 0.03160   2350      74358.5 0.0206
4  0  25.8 0.02590 0.02588 0.03507   2272      64780.1 0.0210
4  0  25.8 0.02610 0.02607 0.03767   2274      60364.5 0.0210
4  0  25.8 0.02630 0.02627 0.04200   2224      52949.7 0.0212
4  0  25.8 0.02650 0.02646 0.04605   2284      49598.1 0.0209
4  0  25.8 0.02670 0.02666 0.05194   2282      43934.6 0.0209
4  0  25.8 0.02690 0.02686 0.06119   2310      37748.6 0.0208
4  0  25.8 0.02710 0.02715 0.07175   2240      31218.6 0.0211
4  0  25.8 0.02730 0.02734 0.08111   2262      27886.6 0.0210
4  0  25.8 0.02750 0.02754 0.09233   2268      24563.0 0.0210
4  0  25.8 0.02770 0.02773 0.10177   2224      21853.4 0.0212
4  0  25.8 0.02790 0.02793 0.11540   2274      19704.8 0.0210
4  0  25.8 0.02810 0.02813 0.13056   2340      17922.4 0.0207
4  0  25.8 0.02830 0.02832 0.13906   2232      16051.1 0.0212
4  0  25.8 0.02850 0.02852 0.14602   2226      15244.3 0.0212
4  0  25.8 0.02870 0.02871 0.15233   2232      14652.5 0.0212
4  0  25.8 0.02890 0.02891 0.16294   2242      13759.5 0.0211
4  0  25.8 0.02910 0.02910 0.16563   2262      13657.3 0.0210
4  0  25.8 0.02930 0.02930 0.17343   2258      13019.6 0.0210
4  0  25.8 0.02950 0.02949 0.18617   2312      12419.1 0.0208
4  0  25.8 0.02970 0.02969 0.18718   2278      12170.3 0.0210
4  0  25.8 0.02990 0.02988 0.18718   2270      12127.6 0.0210
4  0  25.8 0.03010 0.03008 0.19755   2284      11561.7 0.0209
4  0  25.9 0.03030 0.03027 0.20512   2244      10940.0 0.0211
4  0  25.9 0.03050 0.03047 0.21511   2232      10375.9 0.0212
4  0  25.9 0.03070 0.03066 0.21511   2246      10441.0 0.0211
4  0  25.9 0.03090 0.03086 0.23136   2266       9794.4 0.0210
4  0  25.9 0.03110 0.03105 0.23346   2246       9620.6 0.0211
4  0  25.9 0.03130 0.03135 0.23346   2242       9603.4 0.0211
4  0  25.9 0.03150 0.03154 0.25579   2228       8710.2 0.0212
4  0  25.9 0.03170 0.03174 0.26659   2262       8485.0 0.0210
4  0  25.9 0.03190 0.03193 0.28839   2372       8224.9 0.0205
4  0  25.9 0.03210 0.03213 0.28839   2274       7885.1 0.0210
4  0  25.9 0.03230 0.03232 0.30255   2244       7416.8 0.0211
4  0  25.9 0.03250 0.03252 0.33052   2400       7261.3 0.0204
4  0  25.9 0.03270 0.03271 0.33052   2290       6928.5 0.0209
4  0  25.9 0.03290 0.03291 0.34872   2262       6486.5 0.0210
4  0  25.9 0.03310 0.03311 0.38902   2320       5963.8 0.0208
4  0  25.9 0.03330 0.03330 0.40018   2280       5697.4 0.0209
4  0  25.9 0.03350 0.03350 0.41546   2222       5348.2 0.0212
4  0  25.9 0.03370 0.03369 0.45361   2294       5057.2 0.0209
4  0  25.9 0.03390 0.03389 0.46748   2240       4791.6 0.0211
4  0  25.9 0.03410 0.03408 0.50969   2226       4367.4 0.0212
4  0  25.9 0.03430 0.03428 0.55353   2326       4202.1 0.0207
4  0  25.9 0.03450 0.03447 0.60056   2248       3743.2 0.0211
4  0  25.9 0.03470 0.03467 0.66768   2284       3420.8 0.0209
4  0  25.9 0.03490 0.03486 0.74253   2286       3078.7 0.0209
4  0  25.9 0.03510 0.03506 0.80798   2244       2777.3 0.0211
4  0  25.9 0.03530 0.03525 0.90823   2260       2488.3 0.0210
4  0  25.9 0.03550 0.03555 1.06650   2264       2122.8 0.0210
4  0  25.9 0.03570 0.03574 1.15942   2278       1964.8 0.0210
4  0  25.9 0.03590 0.03594 1.21000   2076       1715.7 0.0219
4  0  25.9 0.03610 0.03613 1.21000   1968       1626.4 0.0225
4  0  25.9 0.03630 0.03633 1.21000   1744       1441.3 0.0239
4  0  25.9 0.03650 0.03652 1.21000   1720       1421.5 0.0241
4  0  25.9 0.03670 0.03672 1.21000   1576       1302.5 0.0252
4  0  25.9 0.03690 0.03691 1.21000   1492       1233.1 0.0259
4  0  25.9 0.03710 0.03711 1.21000   1464       1209.9 0.0261
4  0  25.9 0.03730 0.03730 1.21000   1472       1216.5 0.0261
4  0  25.9 0.03750 0.03750 1.21000   1358       1122.3 0.0271
4  0  25.9 0.03770 0.03770 1.21000   1270       1049.6 0.0281
4  0  25.9 0.03790 0.03789 1.21000   1334       1102.5 0.0274
4  0  25.9 0.03810 0.03809 1.21000   1246       1029.8 0.0283
4  0  25.9 0.03830 0.03828 1.21000   1280       1057.9 0.0280
4  0  25.9 0.03850 0.03848 1.21000   1102        910.7 0.0301
4  0  25.9 0.03870 0.03867 1.21000   1166        963.6 0.0293
4  0  25.9 0.03890 0.03887 1.21000   1056        872.7 0.0308
4  0  25.9 0.03910 0.03906 1.21000   1042        861.2 0.0310
4  0  25.9 0.03930 0.03926 1.21000    986        814.9 0.0318
4  0  25.9 0.03950 0.03945 1.21000    952        786.8 0.0324
4  0  25.9 0.03970 0.03975 1.21000    904        747.1 0.0333
4  0  25.9 0.03990 0.03994 1.21000    904        747.1 0.0333
4  1  25.9 0.00010 0.00010 1.21000     32         26.4 0.1768
4  1  25.9 0.00030 0.00029 1.21000     28         23.1 0.1890
4  1  25.9 0.00050 0.00049 1.21000     42         34.7 0.1543
4  1  25.9 0.00070 0.00068 1.21000     36         29.8 0.1667
4  1  25.9 0.00090 0.00088 1.21000     40         33.1 0.1581
4  1  25.9 0.00110 0.00107 1.21000     38         31.4 0.1622
4  1  25.9 0.00130 0.00127 1.21000     50         41.3 0.1414
4  1  25.9 0.00150 0.00146 1.21000     40         33.1 0.1581
4  1  25.9 0.00170 0.00166 1.21000     40         33.1 0.1581
4  1  25.9 0.00190 0.00186 1.21000     66         54.5 0.1231
4  1  25.9 0.00210 0.00215 1.21000     66         54.5 0.1231
4  1  25.9 0.00230 0.00234 1.21000     48         39.7 0.1443
4  1  25.9 0.00250 0.00254 1.21000     58         47.9 0.1313
4  1  25.9 0.00270 0.00273 1.21000     54         44.6 0.1361
4  1  25.9 0.00290 0.00293 1.21000     52         43.0 0.1387
4  1  25.9 0.00310 0.00313 1.21000     52         43.0 0.1387
4  1  25.9 0.00330 0.00332 1.21000     70         57.9 0.1195
4  1  25.9 0.00350 0.00352 1.21000     72         59.5 0.1179
4  1  25.9 0.00370 0.00371 1.21000     80         66.1 0.1118
4  1  25.9 0.00390 0.00391 1.21000     98         81.0 0.1010
4  1  25.9 0.00410 0.00410 1.21000    100         82.6 0.1000
4  1  25.9 0.00430 0.00430 1.21000    158        130.6 0.0796
4  1  25.9 0.00450 0.00449 1.21000    242        200.0 0.0643
4  1  25.9 0.00470 0.00469 1.21000    526        434.7 0.0436
4  1  25.9 0.00490 0.00488 1.21000   1216       1005.0 0.0287
4  1  25.9 0.00510 0.00508 1.21000   2726       2252.9 0.0192
4  1  25.9 0.00530 0.00527 1.21000   6030       4983.5 0.0129
4  1  25.9 0.00550 0.00547 1.21000  14356      11864.5 0.0083
4  1  25.9 0.00570 0.00566 1.21000  31448      25990.1 0.0056
4  1  25.9 0.00590 0.00586 1.21000  66542      54993.4 0.0039
4  1  25.9 0.00610 0.00605 0.53023  71678     135183.8 0.0037
4  1  25.9 0.00630 0.00635 0.20247  72256     356870.0 0.0037
4  1  25.9 0.00650 0.00654 0.11318  72666     642063.1 0.0037
4  1  25.9 0.00670 0.00674 0.06778  71574    1055903.6 0.0037
4  1  25.9 0.00690 0.00693 0.04476  72270    1614716.6 0.0037
4  1  25.9 0.00710 0.00713 0.03198  72254    2259340.4 0.0037
4  1  25.9 0.00730 0.00732 0.02527  72078    2852669.0 0.0037
4  1  25.9 0.00750 0.00752 0.02153  72154    3350819.5 0.0037
4  1  25.9 0.00770 0.00771 0.01931  72384    3749473.9 0.0037
4  1  25.9 0.00790 0.00791 0.01931  77998    4040277.7 0.0036
4  1  25.9 0.00810 0.00811 0.01708  71720    4198658.2 0.0037
4  1  26.0 0.00830 0.00830 0.01708  73728    4316211.3 0.0037
4  1  26.0 0.00850 0.00850 0.01708  75036    4392784.7 0.0037
4  1  26.0 0.00870 0.00869 0.01708  75924    4444770.3 0.0036
4  1  26.0 0.00890 0.00889 0.01708  76546    4481183.7 0.0036
4  1  26.0 0.00910 0.00908 0.01708  76968    4505888.6 0.0036
4  1  26.0 0.00930 0.00928 0.01708  77248    4522280.4 0.0036
4  1  26.0 0.00950 0.00947 0.01708  77442    4533637.6 0.0036
4  1  26.0 0.00970 0.00967 0.01708  77498    4536916.0 0.0036
4  1  26.0 0.00990 0.00986 0.01708  77448    4533988.9 0.0036
4  1  26.0 0.01010 0.01006 0.01708  77316    4526261.3 0.0036
4  1  26.0 0.01030 0.01025 0.01708  77052    4510806.1 0.0036
4  1  26.0 0.01050 0.01055 0.01708  76366    4470646.1 0.0036
4  1  26.0 0.01070 0.01074 0.01708  75634    4427793.1 0.0036
4  1  26.0 0.01090 0.01094 0.01708  74394    4355200.5 0.0037
4  1  26.0 0.01110 0.01113 0.01708  72758    4259425.2 0.0037
4  1  26.0 0.01130 0.01133 0.01708  70186    4108854.3 0.0038
4  1  26.0 0.01150 0.01152 0.01708  66658    3902316.8 0.0039
4  1  26.0 0.01170 0.01172 0.01708  61430    3596257.3 0.0040
4  1  26.0 0.01190 0.01191 0.01708  54740    3204608.9 0.0043
4  1  26.0 0.01210 0.01211 0.01708  47114    2758164.9 0.0046
4  1  26.0 0.01230 0.01230 0.01708  39664    2322024.3 0.0050
4  1  26.0 0.01250 0.01250 0.01708  32826    1921711.6 0.0055
4  1  26.0 0.01270 0.01270 0.01708  27856    1630756.1 0.0060
4  1  26.0 0.01290 0.01289 0.01708  24368    1426560.3 0.0064
4  1  26.0 0.01310 0.01309 0.01708  22440    1313690.6 0.0067
4  1  26.0 0.01330 0.01328 0.01708  21370    1251050.3 0.0068
4  1  26.0 0.01350 0.01348 0.01708  20612    1206675.2 0.0070
4  1  26.0 0.01370 0.01367 0.01708  20380    1193093.3 0.0070
4  1  26.0 0.01390 0.01387 0.01708  20000    1170847.3 0.0071
4  1  26.0 0.01410 0.01406 0.01708  20472    1198479.2 0.0070
4  1  26.0 0.01430 0.01426 0.01708  20252    1185599.9 0.0070
4  1  26.0 0.01450 0.01445 0.01708  20066    1174711.0 0.0071
4  1  26.0 0.01470 0.01475 0.01708  19968    1168973.9 0.0071
4  1  26.0 0.01490 0.01494 0.01708  20080    1175530.6 0.0071
4  1  26.0 0.01510 0.01514 0.01708  20186    1181736.1 0.0070
4  1  26.0 0.01530 0.01533 0.01708  20240    1184897.4 0.0070
4  1  26.0 0.01550 0.01553 0.01708  20148    1179511.5 0.0070
4  1  26.0 0.01570 0.01572 0.01708  20032    1172720.6 0.0071
4  1  26.0 0.01590 0.01592 0.01708  19886    1164173.4 0.0071
4  1  26.0 0.01610 0.01611 0.01708  20084    1175764.8 0.0071
4  1  26.0 0.01630 0.01631 0.01708  20068    1174828.1 0.0071
4  1  26.0 0.01650 0.01650 0.01708  20008    1171315.6 0.0071
4  1  26.0 0.01670 0.01670 0.01708  20024    1172252.3 0.0071
4  1  26.0 0.01690 0.01689 0.01708  19764    1157031.3 0.0071
4  1  26.0 0.01710 0.01709 0.01708  19410    1136307.3 0.0072
4  1  26.0 0.01730 0.01729 0.01708  18986    1111485.3 0.0073
4  1  26.0 0.01750 0.01748 0.01708  18512    1083736.2 0.0073
4  1  26.0 0.01770 0.01768 0.01708  17804    1042288.2 0.0075
4  1  26.0 0.01790 0.01787 0.01708  16582     970749.5 0.0078
4  1  26.0 0.01810 0.01807 0.01708  15276     894293.1 0.0081
4  1  26.0 0.01830 0.01826 0.01708  13700     802030.4 0.0085
4  1  26.0 0.01850 0.01846 0.01708  12224     715621.8 0.0090
4  1  26.0 0.01870 0.01865 0.01708  10666     624412.8 0.0097
4  1  26.0 0.01890 0.01895 0.01708   8542     500068.9 0.0108
4  1  26.0 0.01910 0.01914 0.01708   7012     410499.0 0.0119
4  1  26.0 0.01930 0.01934 0.01708   5992     350785.8 0.0129
4  1  26.0 0.01950 0.01953 0.01708   5182     303366.5 0.0139
4  1  26.0 0.01970 0.01973 0.01708   4384     256649.7 0.0151
4  1  26.0 0.01990 0.01992 0.01708   3890     227729.8 0.0160
4  1  26.0 0.02010 0.02012 0.01708   3398     198926.9 0.0172
4  1  26.0 0.02030 0.02031 0.01708   3266     191199.4 0.0175
4  1  26.0 0.02050 0.02051 0.01708   3162     185111.0 0.0178
4  1  26.0 0.02070 0.02070 0.01708   2816     164855.3 0.0188
4  1  26.0 0.02090 0.02090 0.01708   2816     164855.3 0.0188
4  1  26.0 0.02110 0.02109 0.01708   2802     164035.7 0.0189
4  1  26.0 0.02130 0.02129 0.01708   2652     155254.3 0.0194
4  1  26.0 0.02150 0.02148 0.01708   2594     151858.9 0.0196
4  1  26.0 0.02170 0.02168 0.01708   2542     148814.7 0.0198
4  1  26.0 0.02190 0.02188 0.01708   2454     143663.0 0.0202
4  1  26.0 0.02210 0.02207 0.01708   2466     144365.5 0.0201
4  1  26.0 0.02230 0.02227 0.01708   2406     140852.9 0.0204
4  1  26.0 0.02250 0.02246 0.01708   2352     137691.6 0.0206
4  1  26.0 0.02270 0.02266 0.01708   2340     136989.1 0.0207
4  1  26.0 0.02290 0.02285 0.01708   2244     131369.1 0.0211
4  1  26.0 0.02310 0.02314 0.01825   2282     125069.3 0.0209
4  1  26.0 0.02330 0.02334 0.01831   2254     123090.3 0.0211
4  1  26.0 0.02350 0.02354 0.01935   2258     116695.3 0.0210
4  1  26.0 0.02370 0.02373 0.01935   2236     115558.3 0.0211
4  1  26.0 0.02390 0.02393 0.02034   2342     115153.5 0.0207
4  1  26.0 0.02410 0.02412 0.02034   2238     110039.9 0.0211
4  1  26.0 0.02430 0.02432 0.02114   2222     105123.0 0.0212
4  1  26.0 0.02450 0.02451 0.02209   2314     104745.8 0.0208
4  1  26.0 0.02470 0.02471 0.02338   2250      96256.7 0.0211
4  1  26.0 0.02490 0.02490 0.02376   2246      94528.8 0.0211
4  1  26.0 0.02510 0.02510 0.02554   2236      87543.6 0.0211
4  1  26.0 0.02530 0.02529 0.02635   2224      84409.0 0.0212
4  1  26.0 0.02550 0.02549 0.02966   2312      77955.2 0.0208
4  1  26.0 0.02570 0.02568 0.03181   2344      73698.8 0.0207
4  1  26.0 0.02590 0.02588 0.03181   2234      70240.3 0.0212
4  1  26.0 0.02610 0.02607 0.03763   2384      63355.9 0.0205
4  1  26.0 0.02630 0.02627 0.04205   2262      53790.9 0.0210
4  1  26.0 0.02650 0.02646 0.04668   2320      49697.5 0.0208
4  1  26.0 0.02670 0.02666 0.05154   2268      44002.0 0.0210
4  1  26.0 0.02690 0.02686 0.05867   2306      39301.9 0.0208
4  1  26.0 0.02710 0.02715 0.07235   2310      31928.4 0.0208
4  1  26.0 0.02730 0.02734 0.08346   2274      27245.1 0.0210
4  1  26.0 0.02750 0.02754 0.09369   2294      24484.6 0.0209
4  1  26.0 0.02770 0.02773 0.10185   2238      21973.4 0.0211
4  1  26.0 0.02790 0.02793 0.11394   2248      19729.4 0.0211
4  1  26.0 0.02810 0.02813 0.12672   2252      17772.1 0.0211
4  1  26.0 0.02830 0.02832 0.13829   2282      16501.3 0.0209
4  1  26.0 0.02850 0.02852 0.14745   2284      15490.1 0.0209
4  1  26.0 0.02870 0.02871 0.15196   2312      15214.2 0.0208
4  1  26.0 0.02890 0.02891 0.16455   2336      14196.1 0.0207
4  1  26.0 0.02910 0.02910 0.16455   2252      13685.6 0.0211
4  1  26.0 0.02930 0.02930 0.17478   2332      13342.6 0.0207
4  1  26.0 0.02950 0.02949 0.17862   2226      12462.2 0.0212
4  1  26.0 0.02970 0.02969 0.18885   2300      12179.2 0.0209
4  1  26.0 0.02990 0.02988 0.18885   2244      11882.7 0.0211
4  1  26.0 0.03010 0.03008 0.19980   2272      11371.4 0.0210
4  1  26.0 0.03030 0.03027 0.20496   2258      11016.5 0.0210
4  1  26.0 0.03050 0.03047 0.21222   2346      11054.4 0.0206
4  1  26.0 0.03070 0.03066 0.21691   2262      10428.3 0.0210
4  1  26.0 0.03090 0.03086 0.22607   2238       9899.8 0.0211
4  1  26.0 0.03110 0.03105 0.24034   2256       9386.6 0.0211
4  1  26.0 0.03130 0.03135 0.25525   2254       8830.4 0.0211
4  1  26.0 0.03150 0.03154 0.26356   2252       8544.6 0.0211
4  1  26.0 0.03170 0.03174 0.26356   2244       8514.3 0.0211
4  1  26.0 0.03190 0.03193 0.29091   2280       7837.5 0.0209
4  1  26.0 0.03210 0.03213 0.30664   2296       7487.6 0.0209
4  1  26.0 0.03230 0.03232 0.32477   2288       7045.1 0.0209
4  1  26.0 0.03250 0.03252 0.34350   2432       7080.2 0.0203
4  1  26.0 0.03270 0.03271 0.34350   2252       6556.1 0.0211
4  1  26.0 0.03290 0.03291 0.37190   2304       6195.2 0.0208
4  1  26.0 0.03310 0.03311 0.39351   2258       5738.2 0.0210
4  1  26.0 0.03330 0.03330 0.40858   2274       5565.6 0.0210
4  1  26.0 0.03350 0.03350 0.44885   2272       5061.8 0.0210
4  1  26.0 0.03370 0.03369 0.45583   2228       4887.8 0.0212
4  1  26.0 0.03390 0.03389 0.49650   2330       4692.9 0.0207
4  1  26.0 0.03410 0.03408 0.53193   2240       4211.1 0.0211
4  1  26.0 0.03430 0.03428 0.58580   2342       3997.9 0.0207
4  1  26.0 0.03450 0.03447 0.62519   2242       3586.1 0.0211
4  1  26.0 0.03470 0.03467 0.74129   2402       3240.3 0.0204
4  1  26.0 0.03490 0.03486 0.77367   2306       2980.6 0.0208
4  1  26.0 0.03510 0.03506 0.83857   2246       2678.4 0.0211
4  1  26.0 0.03530 0.03525 0.94201   2288       2428.8 0.0209
4  1  26.0 0.03550 0.03555 1.10749   2296       2073.2 0.0209
4  1  26.0 0.03570 0.03574 1.21000   2148       1775.2 0.0216
4  1  26.0 0.03590 0.03594 1.21000   2080       1719.0 0.0219
4  1  26.0 0.03610 0.03613 1.21000   1786       1476.0 0.0237
4  1  26.0 0.03630 0.03633 1.21000   1788       1477.7 0.0236
4  1  26.0 0.03650 0.03652 1.21000   1650       1363.6 0.0246
4  1  26.0 0.03670 0.03672 1.21000   1498       1238.0 0.0258
4  1  26.0 0.03690 0.03691 1.21000   1372       1133.9 0.0270
4  1  26.0 0.03710 0.03711 1.21000   1444       1193.4 0.0263
4  1  26.0 0.03730 0.03730 1.21000   1376       1137.2 0.0270
4  1  26.0 0.03750 0.03750 1.21000   1278       1056.2 0.0280
4  1  26.0 0.03770 0.03770 1.21000   1228       1014.9 0.0285
4  1  26.0 0.03790 0.03789 1.21000   1198        990.1 0.0289
4  1  26.0 0.03810 0.03809 1.21000   1198        990.1 0.0289
4  1  26.0 0.03830 0.03828 1.21000   1112        919.0 0.0300
4  1  26.0 0.03850 0.03848 1.21000   1142        943.8 0.0296
4  1  26.0 0.03870 0.03867 1.21000   1104        912.4 0.0301
4  1  26.0 0.03890 0.03887 1.21000   1020        843.0 0.0313
4  1  26.0 0.03910 0.03906 1.21000    998        824.8 0.0317
4  1  26.0 0.03930 0.03926 1.21000    962        795.0 0.0322
4  1  26.0 0.03950 0.03945 1.21000    986        814.9 0.0318
4  1  26.0 0.03970 0.03975 1.21000    898        742.1 0.0334
4  1  26.0 0.03990 0.03994 1.21000    836        690.9 0.0346
4  2  26.0 0.00010 0.00010 1.21000     22         18.2 0.2132
4  2  26.0 0.00030 0.00029 1.21000     26         21.5 0.1961
4  2  26.0 0.00050 0.00049 1.21000     28         23.1 0.1890
4  2  26.0 0.00070 0.00068 1.21000     34         28.1 0.1715
4  2  26.0 0.00090 0.00088 1.21000     40         33.1 0.1581
4  2  26.0 0.00110 0.00107 1.21000     28         23.1 0.1890
4  2  26.0 0.00130 0.00127 1.21000     24         19.8 0.2041
4  2  26.0 0.00150 0.00146 1.21000     38         31.4 0.1622
4  2  26.0 0.00170 0.00166 1.21000     30         24.8 0.1826
4  2  26.0 0.00190 0.00186 1.21000     38         31.4 0.1622
4  2  26.0 0.00210 0.00215 1.21000     44         36.4 0.1508
4  2  26.0 0.00230 0.00234 1.21000     36         29.8 0.1667
4  2  26.0 0.00250 0.00254 1.21000     36         29.8 0.1667
4  2  26.0 0.00270 0.00273 1.21000     48         39.7 0.1443
4  2  26.0 0.00290 0.00293 1.21000     66         54.5 0.1231
4  2  26.0 0.00310 0.00313 1.21000     44         36.4 0.1508
4  2  26.0 0.00330 0.00332 1.21000     58         47.9 0.1313
4  2  26.0 0.00350 0.00352 1.21000     42         34.7 0.1543
4  2  26.0 0.00370 0.00371 1.21000     68         56.2 0.1213
4  2  26.0 0.00390 0.00391 1.21000     58         47.9 0.1313
4  2  26.0 0.00410 0.00410 1.21000     90         74.4 0.1054
4  2  26.0 0.00430 0.00430 1.21000    134        110.7 0.0864
4  2  26.0 0.00450 0.00449 1.21000    202        166.9 0.0704
4  2  26.0 0.00470 0.00469 1.21000    460        380.2 0.0466
4  2  26.0 0.00490 0.00488 1.21000   1028        849.6 0.0312
4  2  26.0 0.00510 0.00508 1.21000   2450       2024.8 0.0202
4  2  26.0 0.00530 0.00527 1.21000   5764       4763.6 0.0132
4  2  26.0 0.00550 0.00547 1.21000  13326      11013.2 0.0087
4  2  26.0 0.00570 0.00566 1.21000  28892      23877.7 0.0059
4  2  26.0 0.00590 0.00586 1.21000  63114      52160.3 0.0040
4  2  26.0 0.00610 0.00605 0.56801  73546     129480.7 0.0037
4  2  26.0 0.00630 0.00635 0.21102  71810     340301.4 0.0037
4  2  26.0 0.00650 0.00654 0.11780  71898     610359.1 0.0037
4  2  26.0 0.00670 0.00674 0.06972  71930    1031677.7 0.0037
4  2  26.0 0.00690 0.00693 0.04548  72108    1585360.8 0.0037
4  2  26.0 0.00710 0.00713 0.03231  71442    2211178.5 0.0037
4  2  26.0 0.00730 0.00732 0.02564  72414    2823928.5 0.0037
4  2  26.0 0.00750 0.00752 0.02155  72178    3349601.2 0.0037
4  2  26.0 0.00770 0.00771 0.01926  72074    3742617.2 0.0037
4  2  26.0 0.00790 0.00791 0.01926  77722    4035903.3 0.0036
4  2  26.0 0.00810 0.00811 0.01706  71578    4194581.1 0.0037
4  2  26.0 0.00830 0.00830 0.01706  73672    4317292.8 0.0037
4  2  26.0 0.00850 0.00850 0.01706  74996    4394881.2 0.0037
4  2  26.0 0.00870 0.00869 0.01706  75940    4450201.1 0.0036
4  2  26.0 0.00890 0.00889 0.01706  76576    4487471.6 0.0036
4  2  26.0 0.00910 0.00908 0.01706  77010    4512904.7 0.0036
4  2  26.0 0.00930 0.00928 0.01706  77286    4529078.7 0.0036
4  2  26.0 0.00950 0.00947 0.01706  77484    4540681.8 0.0036
4  2  26.0 0.00970 0.00967 0.01706  77540    4543963.5 0.0036
4  2  26.0 0.00990 0.00986 0.01706  77488    4540916.2 0.0036
4  2  26.0 0.01010 0.01006 0.01706  77370    4534001.3 0.0036
4  2  26.0 0.01030 0.01025 0.01706  77102    4518296.0 0.0036
4  2  26.0 0.01050 0.01055 0.01706  76448    4479970.6 0.0036
4  2  26.0 0.01070 0.01074 0.01706  75724    4437543.1 0.0036
4  2  26.0 0.01090 0.01094 0.01706  74510    4366400.8 0.0037
4  2  26.0 0.01110 0.01113 0.01706  72846    4268887.9 0.0037
4  2  26.0 0.01130 0.01133 0.01706  70346    4122384.0 0.0038
4  2  26.0 0.01150 0.01152 0.01706  66742    3911184.1 0.0039
4  2  26.0 0.01170 0.01172 0.01706  61482    3602940.0 0.0040
4  2  26.0 0.01190 0.01191 0.01706  55072    3227304.1 0.0043
4  2  26.0 0.01210 0.01211 0.01706  47220    2767164.8 0.0046
4  2  26.0 0.01230 0.01230 0.01706  39316    2303978.2 0.0050
4  2  26.0 0.01250 0.01250 0.01706  32388    1897986.7 0.0056
4  2  26.0 0.01270 0.01270 0.01706  27214    1594782.3 0.0061
4  2  26.0 0.01290 0.01289 0.01706  23666    1386864.1 0.0065
4  2  26.0 0.01310 0.01309 0.01706  21326    1249736.5 0.0068
4  2  26.0 0.01330 0.01328 0.01706  20110    1178477.0 0.0071
4  2  26.0 0.01350 0.01348 0.01706  19690    1153864.3 0.0071
4  2  26.0 0.01370 0.01367 0.01706  19372    1135229.1 0.0072
4  2  26.0 0.01390 0.01387 0.01706  19162    1122922.7 0.0072
4  2  26.0 0.01410 0.01406 0.01706  19046    1116125.0 0.0072
4  2  26.0 0.01430 0.01426 0.01706  19020    1114601.3 0.0073
4  2  26.0 0.01450 0.01445 0.01706  19014    1114249.7 0.0073
4  2  26.0 0.01470 0.01475 0.01706  19016    1114366.9 0.0073
4  2  26.0 0.01490 0.01494 0.01706  19038    1115656.1 0.0072
4  2  26.0 0.01510 0.01514 0.01706  19288    1130306.5 0.0072
4  2  26.0 0.01530 0.01533 0.01706  18972    1111788.4 0.0073
4  2  26.0 0.01550 0.01553 0.01706  18826    1103232.6 0.0073
4  2  26.0 0.01570 0.01572 0.01706  19012    1114132.5 0.0073
4  2  26.0 0.01590 0.01592 0.01706  18908    1108037.9 0.0073
4  2  26.0 0.01610 0.01611 0.01706  18938    1109796.0 0.0073
4  2  26.0 0.01630 0.01631 0.01706  18814    1102529.4 0.0073
4  2  26.0 0.01650 0.01650 0.01706  18702    1095966.0 0.0073
4  2  26.0 0.01670 0.01670 0.01706  18922    1108858.4 0.0073
4  2  26.0 0.01690 0.01689 0.01706  18326    1073931.8 0.0074
4  2  26.0 0.01710 0.01709 0.01706  18072    1059047.1 0.0074
4  2  26.0 0.01730 0.01729 0.01706  17398    1019549.6 0.0076
4  2  26.0 0.01750 0.01748 0.01706  16722     979935.0 0.0077
4  2  26.0 0.01770 0.01768 0.01706  15620     915356.1 0.0080
4  2  26.0 0.01790 0.01787 0.01706  14250     835072.0 0.0084
4  2  26.0 0.01810 0.01807 0.01706  13120     768852.2 0.0087
4  2  26.0 0.01830 0.01826 0.01706  11462     671690.9 0.0093
4  2  26.0 0.01850 0.01846 0.01706   9760     571951.0 0.0101
4  2  26.0 0.01870 0.01865 0.01706   8310     486978.8 0.0110
4  2  26.0 0.01890 0.01895 0.01706   6440     377393.9 0.0125
4  2  26.0 0.01910 0.01914 0.01706   5458     319847.2 0.0135
4  2  26.0 0.01930 0.01934 0.01706   4488     263003.7 0.0149
4  2  26.0 0.01950 0.01953 0.01706   3768     220810.6 0.0163
4  2  26.0 0.01970 0.01973 0.01706   3372     197604.4 0.0172
4  2  26.0 0.01990 0.01992 0.01706   2942     172405.7 0.0184
4  2  26.0 0.02010 0.02012 0.01706   2698     158107.0 0.0193
4  2  26.0 0.02030 0.02031 0.01706   2484     145566.2 0.0201
4  2  26.0 0.02050 0.02051 0.01706   2420     141815.7 0.0203
4  2  26.0 0.02070 0.02070 0.01706   2286     133963.1 0.0209
4  2  26.0 0.02090 0.02090 0.01706   2264     132673.9 0.0210
4  2  26.0 0.02110 0.02109 0.01765   2304     130521.4 0.0208
4  2  26.0 0.02130 0.02129 0.01765   2262     128142.1 0.0210
4  2  26.0 0.02150 0.02148 0.01828   2246     122883.8 0.0211
4  2  26.0 0.02170 0.02168 0.01828   2264     123868.6 0.0210
4  2  26.0 0.02190 0.02188 0.01896   2230     117615.7 0.0212
4  2  26.0 0.02210 0.02207 0.01896   2266     119514.4 0.0210
4  2  26.0 0.02230 0.02227 0.01959   2266     115641.7 0.0210
4  2  26.0 0.02250 0.02246 0.02071   2318     111933.2 0.0208
4  2  26.0 0.02270 0.02266 0.02071   2282     110194.9 0.0209
4  2  26.0 0.02290 0.02285 0.02107   2242     106411.8 0.0211
4  2  26.0 0.02310 0.02314 0.02195   2298     104675.5 0.0209
4  2  26.0 0.02330 0.02334 0.02213   2222     100393.7 0.0212
4  2  26.0 0.02350 0.02354 0.02318   2262      97601.5 0.0210
4  2  26.0 0.02370 0.02373 0.02421   2260      93344.8 0.0210
4  2  26.0 0.02390 0.02393 0.02421   2238      92436.1 0.0211
4  2  26.0 0.02410 0.02412 0.02557   2254      88149.4 0.0211
4  2  26.0 0.02430 0.02432 0.02657   2298      86472.7 0.0209
4  2  26.0 0.02450 0.02451 0.02738   2222      81146.4 0.0212
4  2  26.0 0.02470 0.02471 0.03014   2322      77028.6 0.0208
4  2  26.0 0.02490 0.02490 0.03050   2226      72979.9 0.0212
4  2  26.0 0.02510 0.02510 0.03188   2300      72148.1 0.0209
4  2  26.0 0.02530 0.02529 0.03435   2252      65552.9 0.0211
4  2  26.1 0.02550 0.02549 0.03862   2262      58573.5 0.0210
4  2  26.1 0.02570 0.02568 0.04021   2264      56303.5 0.0210
4  2  26.1 0.02590 0.02588 0.04649   2386      51326.2 0.0205
4  2  26.1 0.02610 0.02607 0.05088   2312      45436.9 0.0208
4  2  26.1 0.02630 0.02627 0.05763   2222      38558.4 0.0212
4  2  26.1 0.02650 0.02646 0.06643   2306      34713.8 0.0208
4  2  26.1 0.02670 0.02666 0.07835   2310      29484.4 0.0208
4  2  26.1 0.02690 0.02686 0.09047   2344      25908.6 0.0207
4  2  26.1 0.02710 0.02715 0.11070   2312      20884.5 0.0208
4  2  26.1 0.02730 0.02734 0.12852   2310      17974.0 0.0208
4  2  26.1 0.02750 0.02754 0.13790   2228      16156.9 0.0212
4  2  26.1 0.02770 0.02773 0.15460   2240      14489.4 0.0211
4  2  26.1 0.02790 0.02793 0.16874   2258      13381.7 0.0210
4  2  26.1 0.02810 0.02813 0.18379   2262      12307.4 0.0210
4  2  26.1 0.02830 0.02832 0.19672   2242      11397.0 0.0211
4  2  26.1 0.02850 0.02852 0.20696   2308      11151.7 0.0208
4  2  26.1 0.02870 0.02871 0.20696   2224      10745.9 0.0212
4  2  26.1 0.02890 0.02891 0.22718   2222       9781.0 0.0212
4  2  26.1 0.02910 0.02910 0.22718   2224       9789.8 0.0212
4  2  26.1 0.02930 0.02930 0.22718   2264       9965.9 0.0210
4  2  26.1 0.02950 0.02949 0.24653   2320       9410.8 0.0208
4  2  26.1 0.02970 0.02969 0.24922   2246       9012.2 0.0211
4  2  26.1 0.02990 0.02988 0.26121   2264       8667.4 0.0210
4  2  26.1 0.03010 0.03008 0.26121   2236       8560.2 0.0211
4  2  26.1 0.03030 0.03027 0.27586   2242       8127.4 0.0211
4  2  26.1 0.03050 0.03047 0.28536   2260       7919.8 0.0210
4  2  26.1 0.03070 0.03066 0.28536   2258       7912.8 0.0210
4  2  26.1 0.03090 0.03086 0.30773   2276       7396.2 0.0210
4  2  26.1 0.03110 0.03105 0.31450   2230       7090.6 0.0212
4  2  26.1 0.03130 0.03135 0.33397   2274       6809.1 0.0210
4  2  26.1 0.03150 0.03154 0.33397   2238       6701.3 0.0211
4  2  26.1 0.03170 0.03174 0.36550   2284       6248.9 0.0209
4  2  26.1 0.03190 0.03193 0.37732   2266       6005.4 0.0210
4  2  26.1 0.03210 0.03213 0.39557   2234       5647.6 0.0212
4  2  26.1 0.03230 0.03232 0.41700   2248       5390.9 0.0211
4  2  26.1 0.03250 0.03252 0.43523   2250       5169.6 0.0211
4  2  26.1 0.03270 0.03271 0.45489   2230       4902.3 0.0212
4  2  26.1 0.03290 0.03291 0.47100   2240       4755.9 0.0211
4  2  26.1 0.03310 0.03311 0.52223   2284       4373.5 0.0209
4  2  26.1 0.03330 0.03330 0.56660   2268       4002.8 0.0210
4  2  26.1 0.03350 0.03350 0.61430   2424       3945.9 0.0203
4  2  26.1 0.03370 0.03369 0.64814   2250       3471.5 0.0211
4  2  26.1 0.03390 0.03389 0.69640   2266       3253.9 0.0210
4  2  26.1 0.03410 0.03408 0.78629   2236       2843.7 0.0211
4  2  26.1 0.03430 0.03428 0.85309   2240       2625.8 0.0211
4  2  26.1 0.03450 0.03447 0.99865   2320       2323.1 0.0208
4  2  26.1 0.03470 0.03467 1.09294   2270       2077.0 0.0210
4  2  26.1 0.03490 0.03486 1.21000   2004       1656.2 0.0223
4  2  26.1 0.03510 0.03506 1.21000   1764       1457.9 0.0238
4  2  26.1 0.03530 0.03525 1.21000   1692       1398.3 0.0243
4  2  26.1 0.03550 0.03555 1.21000   1500       1239.7 0.0258
4  2  26.1 0.03570 0.03574 1.21000   1430       1181.8 0.0264
4  2  26.1 0.03590 0.03594 1.21000   1256       1038.0 0.0282
4  2  26.1 0.03610 0.03613 1.21000   1200        991.7 0.0289
4  2  26.1 0.03630 0.03633 1.21000   1196        988.4 0.0289
4  2  26.1 0.03650 0.03652 1.21000   1112        919.0 0.0300
4  2  26.1 0.03670 0.03672 1.21000   1058        874.4 0.0307
4  2  26.1 0.03690 0.03691 1.21000   1010        834.7 0.0315
4  2  26.1 0.03710 0.03711 1.21000    994        821.5 0.0317
4  2  26.1 0.03730 0.03730 1.21000    990        818.2 0.0318
4  2  26.1 0.03750 0.03750 1.21000    932        770.2 0.0328
4  2  26.1 0.03770 0.03770 1.21000    924        763.6 0.0329
4  2  26.1 0.03790 0.03789 1.21000    912        753.7 0.0331
4  2  26.1 0.03810 0.03809 1.21000    880        727.3 0.0337
4  2  26.1 0.03830 0.03828 1.21000    800        661.2 0.0354
4  2  26.1 0.03850 0.03848 1.21000    774        639.7 0.0359
4  2  26.1 0.03870 0.03867 1.21000    790        652.9 0.0356
4  2  26.1 0.03890 0.03887 1.21000    742        613.2 0.0367
4  2  26.1 0.03910 0.03906 1.21000    752        621.5 0.0365
4  2  26.1 0.03930 0.03926 1.21000    684        565.3 0.0382
4  2  26.1 0.03950 0.03945 1.21000    680        562.0 0.0383
4  2  26.1 0.03970 0.03975 1.21000    618        510.7 0.0402
4  2  26.1 0.03990 0.03994 1.21000    644        532.2 0.0394
4  3  26.1 0.00010 0.00010 1.21000      4          3.3 0.5000
4  3  26.1 0.00030 0.00029 1.21000      0          0.0 999.9990
4  3  26.1 0.00050 0.00049 1.21000      2          1.7 0.7071
4  3  26.1 0.00070 0.00068 1.21000      2          1.7 0.7071
4  3  26.1 0.00090 0.00088 1.21000      2          1.7 0.7071
4  3  26.1 0.00110 0.00107 1.21000      6          5.0 0.4082
4  3  26.1 0.00130 0.00127 1.21000     10          8.3 0.3162
4  3  26.1 0.00150 0.00146 1.21000      6          5.0 0.4082
4  3  26.1 0.00170 0.00166 1.21000      6          5.0 0.4082
4  3  26.1 0.00190 0.00186 1.21000      4          3.3 0.5000
4  3  26.1 0.00210 0.00215 1.21000     10          8.3 0.3162
4  3  26.1 0.00230 0.00234 1.21000      8          6.6 0.3536
4  3  26.1 0.00250 0.00254 1.21000     10          8.3 0.3162
4  3  26.1 0.00270 0.00273 1.21000     12          9.9 0.2887
4  3  26.1 0.00290 0.00293 1.21000     12          9.9 0.2887
4  3  26.1 0.00310 0.00313 1.21000     18         14.9 0.2357
4  3  26.1 0.00330 0.00332 1.21000     18         14.9 0.2357
4  3  26.1 0.00350 0.00352 1.21000     16         13.2 0.2500
4  3  26.1 0.00370 0.00371 1.21000     26         21.5 0.1961
4  3  26.1 0.00390 0.00391 1.21000     24         19.8 0.2041
4  3  26.1 0.00410 0.00410 1.21000     36         29.8 0.1667
4  3  26.1 0.00430 0.00430 1.21000     80         66.1 0.1118
4  3  26.1 0.00450 0.00449 1.21000    154        127.3 0.0806
4  3  26.1 0.00470 0.00469 1.21000    386        319.0 0.0509
4  3  26.1 0.00490 0.00488 1.21000    888        733.9 0.0336
4  3  26.1 0.00510 0.00508 1.21000   2080       1719.0 0.0219
4  3  26.1 0.00530 0.00527 1.21000   5014       4143.8 0.0141
4  3  26.1 0.00550 0.00547 1.21000  11610       9595.0 0.0093
4  3  26.1 0.00570 0.00566 1.21000  26300      21735.5 0.0062
4  3  26.1 0.00590 0.00586 1.21000  56728      46882.6 0.0042
4  3  26.1 0.00610 0.00605 0.61963  72202     116525.3 0.0037
4  3  26.1 0.00630 0.00635 0.23168  72048     310981.7 0.0037
4  3  26.1 0.00650 0.00654 0.12727  72072     566304.9 0.0037
4  3  26.1 0.00670 0.00674 0.07419  71874     968795.7 0.0037
4  3  26.1 0.00690 0.00693 0.04819  72342    1501172.5 0.0037
4  3  26.1 0.00710 0.00713 0.03395  72550    2136873.9 0.0037
4  3  26.1 0.00730 0.00732 0.02659  72576    2728994.0 0.0037
4  3  26.1 0.00750 0.00752 0.02208  72306    3275448.7 0.0037
4  3  26.1 0.00770 0.00771 0.01959  72204    3684860.5 0.0037
4  3  26.1 0.00790 0.00791 0.01959  78316    3996780.4 0.0036
4  3  26.1 0.00810 0.00811 0.01720  71768    4171407.2 0.0037
4  3  26.1 0.00830 0.00830 0.01720  73950    4298232.7 0.0037
4  3  26.1 0.00850 0.00850 0.01720  75428    4384139.2 0.0036
4  3  26.1 0.00870 0.00869 0.01720  76386    4439821.5 0.0036
4  3  26.1 0.00890 0.00889 0.01720  77074    4479810.5 0.0036
4  3  26.1 0.00910 0.00908 0.01720  77554    4507709.7 0.0036
4  3  26.1 0.00930 0.00928 0.01720  77836    4524100.6 0.0036
4  3  26.1 0.00950 0.00947 0.01720  78084    4538515.2 0.0036
4  3  26.1 0.00970 0.00967 0.01720  78148    4542235.1 0.0036
4  3  26.1 0.00990 0.00986 0.01720  78136    4541537.6 0.0036
4  3  26.1 0.01010 0.01006 0.01720  78042    4536074.0 0.0036
4  3  26.1 0.01030 0.01025 0.01720  77808    4522473.1 0.0036
4  3  26.1 0.01050 0.01055 0.01720  77182    4486087.8 0.0036
4  3  26.1 0.01070 0.01074 0.01720  76486    4445633.9 0.0036
4  3  26.0 0.01090 0.01094 0.01720  75358    4380070.5 0.0036
4  3  26.0 0.01110 0.01113 0.01720  73810    4290095.4 0.0037
4  3  26.0 0.01130 0.01133 0.01720  71482    4154783.9 0.0037
4  3  26.0 0.01150 0.01152 0.01720  67984    3951467.9 0.0038
4  3  26.0 0.01170 0.01172 0.01720  63066    3665616.5 0.0040
4  3  26.0 0.01190 0.01191 0.01720  56742    3298043.5 0.0042
4  3  26.0 0.01210 0.01211 0.01720  49454    2874439.5 0.0045
4  3  26.0 0.01230 0.01230 0.01720  42090    2446418.0 0.0049
4  3  26.0 0.01250 0.01250 0.01720  35654    2072335.2 0.0053
4  3  26.0 0.01270 0.01270 0.01720  30730    1786135.1 0.0057
4  3  26.0 0.01290 0.01289 0.01720  27504    1598628.7 0.0060
4  3  26.0 0.01310 0.01309 0.01720  25364    1474244.4 0.0063
4  3  26.0 0.01330 0.01328 0.01720  24494    1423677.0 0.0064
4  3  26.0 0.01350 0.01348 0.01720  23960    1392639.0 0.0065
4  3  26.0 0.01370 0.01367 0.01720  23610    1372295.8 0.0065
4  3  26.0 0.01390 0.01387 0.01720  23416    1361019.8 0.0065
4  3  26.0 0.01410 0.01406 0.01720  23454    1363228.5 0.0065
4  3  26.0 0.01430 0.01426 0.01720  23378    1358811.1 0.0065
4  3  26.0 0.01450 0.01445 0.01720  23392    1359624.9 0.0065
4  3  26.0 0.01470 0.01475 0.01720  23040    1339165.4 0.0066
4  3  26.0 0.01490 0.01494 0.01720  23350    1357183.7 0.0065
4  3  26.0 0.01510 0.01514 0.01720  23150    1345559.0 0.0066
4  3  26.0 0.01530 0.01533 0.01720  23178    1347186.4 0.0066
4  3  26.0 0.01550 0.01553 0.01720  23082    1341606.6 0.0066
4  3  26.0 0.01570 0.01572 0.01720  23074    1341141.6 0.0066
4  3  26.0 0.01590 0.01592 0.01720  22978    1335561.7 0.0066
4  3  26.0 0.01610 0.01611 0.01720  23214    1349278.9 0.0066
4  3  26.0 0.01630 0.01631 0.01720  23152    1345675.2 0.0066
4  3  26.0 0.01650 0.01650 0.01720  23212    1349162.6 0.0066
4  3  26.0 0.01670 0.01670 0.01720  23008    1337305.4 0.0066
4  3  26.0 0.01690 0.01689 0.01720  22762    1323007.1 0.0066
4  3  26.0 0.01710 0.01709 0.01720  22754    1322542.1 0.0066
4  3  26.0 0.01730 0.01729 0.01720  22396    1301733.9 0.0067
4  3  26.0 0.01750 0.01748 0.01720  21780    1265929.8 0.0068
4  3  26.0 0.01770 0.01768 0.01720  21088    1225708.3 0.0069
4  3  26.0 0.01790 0.01787 0.01720  19886    1155843.9 0.0071
4  3  26.0 0.01810 0.01807 0.01720  18872    1096906.6 0.0073
4  3  26.0 0.01830 0.01826 0.01720  17168     997864.2 0.0076
4  3  26.0 0.01850 0.01846 0.01720  15676     911144.0 0.0080
4  3  26.0 0.01870 0.01865 0.01720  14012     814426.5 0.0084
4  3  26.0 0.01890 0.01895 0.01720  11568     672372.6 0.0093
4  3  26.0 0.01910 0.01914 0.01720  10100     587047.3 0.0100
4  3  26.0 0.01930 0.01934 0.01720   8716     506604.4 0.0107
4  3  26.0 0.01950 0.01953 0.01720   7616     442668.6 0.0115
4  3  26.0 0.01970 0.01973 0.01720   6774     393728.6 0.0122
4  3  26.0 0.01990 0.01992 0.01720   5940     345253.6 0.0130
4  3  26.0 0.02010 0.02012 0.01720   5508     320144.2 0.0135
4  3  26.0 0.02030 0.02031 0.01720   5014     291431.2 0.0141
4  3  26.0 0.02050 0.02051 0.01720   4714     273994.2 0.0146
4  3  26.0 0.02070 0.02070 0.01720   4528     263183.2 0.0149
4  3  26.0 0.02090 0.02090 0.01720   4264     247838.6 0.0153
4  3  26.0 0.02110 0.02109 0.01720   4212     244816.2 0.0154
4  3  26.0 0.02130 0.02129 0.01720   4198     244002.4 0.0154
4  3  26.0 0.02150 0.02148 0.01720   4052     235516.4 0.0157
4  3  26.0 0.02170 0.02168 0.01720   3920     227844.1 0.0160
4  3  26.0 0.02190 0.02188 0.01720   3772     219241.8 0.0163
4  3  26.0 0.02210 0.02207 0.01720   3690     214475.7 0.0165
4  3  26.0 0.02230 0.02227 0.01720   3594     208895.9 0.0167
4  3  26.0 0.02250 0.02246 0.01720   3512     204129.7 0.0169
4  3  26.0 0.02270 0.02266 0.01720   3426     199131.1 0.0171
4  3  26.0 0.02290 0.02285 0.01720   3310     192388.8 0.0174
4  3  26.0 0.02310 0.02314 0.01720   3292     191342.6 0.0174
4  3  26.0 0.02330 0.02334 0.01720   3154     183321.5 0.0178
4  3  26.0 0.02350 0.02354 0.01720   2978     173091.8 0.0183
4  3  26.0 0.02370 0.02373 0.01720   2860     166233.2 0.0187
4  3  26.0 0.02390 0.02393 0.01720   2760     160420.9 0.0190
4  3  26.0 0.02410 0.02412 0.01720   2724     158328.4 0.0192
4  3  26.0 0.02430 0.02432 0.01720   2624     152516.1 0.0195
4  3  26.0 0.02450 0.02451 0.01720   2586     150307.4 0.0197
4  3  26.0 0.02470 0.02471 0.01720   2440     141821.3 0.0202
4  3  26.0 0.02490 0.02490 0.01720   2366     137520.2 0.0206
4  3  26.0 0.02510 0.02510 0.01720   2246     130545.4 0.0211
4  3  26.0 0.02530 0.02529 0.01791   2256     125933.5 0.0211
4  3  26.0 0.02550 0.02549 0.01908   2302     120636.2 0.0208
4  3  26.0 0.02570 0.02568 0.02016   2226     110417.3 0.0212
4  3  26.0 0.02590 0.02588 0.02224   2342     105297.1 0.0207
4  3  26.0 0.02610 0.02607 0.02340   2342     100084.3 0.0207
4  3  26.0 0.02630 0.02627 0.02529   2280      90155.7 0.0209
4  3  26.0 0.02650 0.02646 0.02699   2256      83586.1 0.0211
4  3  26.0 0.02670 0.02666 0.02993   2234      74650.0 0.0212
4  3  26.0 0.02690 0.02686 0.03315   2308      69626.9 0.0208
4  3  26.0 0.02710 0.02715 0.03943   2254      57164.7 0.0211
4  3  26.0 0.02730 0.02734 0.04394   2294      52209.4 0.0209
4  3  26.0 0.02750 0.02754 0.04726   2222      47020.3 0.0212
4  3  26.0 0.02770 0.02773 0.05556   2320      41758.7 0.0208
4  3  26.0 0.02790 0.02793 0.05998   2274      37909.7 0.0210
4  3  26.0 0.02810 0.02813 0.06693   2234      33377.4 0.0212
4  3  26.0 0.02830 0.02832 0.07319   2264      30933.2 0.0210
4  3  26.0 0.02850 0.02852 0.07664   2332      30428.4 0.0207
4  3  26.0 0.02870 0.02871 0.08209   2228      27141.7 0.0212
4  3  26.0 0.02890 0.02891 0.08932   2308      25838.6 0.0208
4  3  26.0 0.02910 0.02910 0.09130   2300      25192.8 0.0209
4  3  26.0 0.02930 0.02930 0.09418   2258      23975.9 0.0210
4  3  26.0 0.02950 0.02949 0.09679   2236      23101.2 0.0211
4  3  26.0 0.02970 0.02969 0.10241   2258      22047.6 0.0210
4  3  26.0 0.02990 0.02988 0.10553   2236      21189.1 0.0211
4  3  26.0 0.03010 0.03008 0.10957   2290      20900.0 0.0209
4  3  26.0 0.03030 0.03027 0.11178   2232      19967.2 0.0212
4  3  26.0 0.03050 0.03047 0.11790   2272      19270.7 0.0210
4  3  26.0 0.03070 0.03066 0.12382   2316      18704.1 0.0208
4  3  26.0 0.03090 0.03086 0.13128   2276      17337.0 0.0210
4  3  26.0 0.03110 0.03105 0.13369   2254      16860.4 0.0211
4  3  26.0 0.03130 0.03135 0.13775   2260      16406.1 0.0210
4  3  26.0 0.03150 0.03154 0.14960   2280      15240.3 0.0209
4  3  26.0 0.03170 0.03174 0.14960   2246      15013.0 0.0211
4  3  26.0 0.03190 0.03193 0.16231   2226      13714.2 0.0212
4  3  26.0 0.03210 0.03213 0.17108   2276      13304.0 0.0210
4  3  26.0 0.03230 0.03232 0.17518   2304      13152.5 0.0208
4  3  26.0 0.03250 0.03252 0.18412   2232      12122.2 0.0212
4  3  26.0 0.03270 0.03271 0.19768   2310      11685.8 0.0208
4  3  26.0 0.03290 0.03291 0.20797   2330      11203.5 0.0207
4  3  26.0 0.03310 0.03311 0.20797   2238      10761.1 0.0211
4  3  26.0 0.03330 0.03330 0.23110   2370      10255.3 0.0205
4  3  26.0 0.03350 0.03350 0.23795   2332       9800.3 0.0207
4  3  26.0 0.03370 0.03369 0.25493   2312       9069.0 0.0208
4  3  26.0 0.03390 0.03389 0.26811   2232       8325.0 0.0212
4  3  26.0 0.03410 0.03408 0.28455   2274       7991.6 0.0210
4  3  26.0 0.03430 0.03428 0.29796   2238       7511.1 0.0211
4  3  26.0 0.03450 0.03447 0.33173   2250       6782.7 0.0211
4  3  26.0 0.03470 0.03467 0.35540   2234       6285.9 0.0212
4  3  26.0 0.03490 0.03486 0.38162   2228       5838.2 0.0212
4  3  26.0 0.03510 0.03506 0.40729   2318       5691.3 0.0208
4  3  26.0 0.03530 0.03525 0.46031   2382       5174.8 0.0205
4  3  26.0 0.03550 0.03555 0.50886   2316       4551.4 0.0208
4  3  26.0 0.03570 0.03574 0.54517   2230       4090.5 0.0212
4  3  26.0 0.03590 0.03594 0.60819   2284       3755.4 0.0209
4  3  26.0 0.03610 0.03613 0.67768   2318       3420.5 0.0208
4  3  26.0 0.03630 0.03633 0.69514   2252       3239.6 0.0211
4  3  26.0 0.03650 0.03652 0.77646   2258       2908.1 0.0210
4  3  26.0 0.03670 0.03672 0.82392   2258       2740.6 0.0210
4  3  26.0 0.03690 0.03691 0.86232   2222       2576.8 0.0212
4  3  26.0 0.03710 0.03711 0.93844   2280       2429.6 0.0209
4  3  26.0 0.03730 0.03730 0.93844   2268       2416.8 0.0210
4  3  26.0 0.03750 0.03750 1.01717   2224       2186.4 0.0212
4  3  26.0 0.03770 0.03770 1.01717   2302       2263.1 0.0208
4  3  26.0 0.03790 0.03789 1.07514   2306       2144.8 0.0208
4  3  26.0 0.03810 0.03809 1.13760   2242       1970.8 0.0211
4  3  26.0 0.03830 0.03828 1.21000   2118       1750.4 0.0217
4  3  26.0 0.03850 0.03848 1.21000   2062       1704.1 0.0220
4  3  26.0 0.03870 0.03867 1.21000   2034       1681.0 0.0222
4  3  26.0 0.03890 0.03887 1.21000   1964       1623.1 0.0226
4  3  26.0 0.03910 0.03906 1.21000   1858       1535.5 0.0232
4  3  26.0 0.03930 0.03926 1.21000   1806       1492.6 0.0235
4  3  26.0 0.03950 0.03945 1.21000   1730       1429.8 0.0240
4  3  26.0 0.03970 0.03975 1.21000   1590       1314.0 0.0251
4  3  26.0 0.03990 0.03994 1.21000   1524       1259.5 0.0256
