# Scan Time    : Fri, 18 Mar 2022 02:50:14 +0000 (GMT) +299785000 nsec
# Board Lane   : 0
# Board Loc    : Bore Paddle
# SiPM Biases  :  57.285  57.173  57.111  57.265
# SiPM Currents:   1.438   1.297   1.258   1.303
#
5 -1  26.0 0.00010 0.00010 1.21000      0          0.0 999.9990
5 -1  26.0 0.00030 0.00029 1.21000      0          0.0 999.9990
5 -1  26.0 0.00050 0.00049 1.21000      0          0.0 999.9990
5 -1  26.0 0.00070 0.00068 1.21000      0          0.0 999.9990
5 -1  26.0 0.00090 0.00088 1.21000      0          0.0 999.9990
5 -1  26.0 0.00110 0.00107 1.21000      2          1.7 0.7071
5 -1  26.0 0.00130 0.00127 1.21000      6          5.0 0.4082
5 -1  26.0 0.00150 0.00146 1.21000     20         16.5 0.2236
5 -1  26.0 0.00170 0.00166 1.21000     64         52.9 0.1250
5 -1  26.0 0.00190 0.00186 1.21000    172        142.1 0.0762
5 -1  26.0 0.00210 0.00215 1.21000    800        661.2 0.0354
5 -1  26.0 0.00230 0.00234 1.21000   2262       1869.4 0.0210
5 -1  26.0 0.00250 0.00254 1.21000   5580       4611.6 0.0134
5 -1  26.0 0.00270 0.00273 1.21000  14070      11628.1 0.0084
5 -1  26.0 0.00290 0.00293 1.21000  33422      27621.5 0.0055
5 -1  26.0 0.00310 0.00313 1.21000  70762      58481.0 0.0038
5 -1  26.0 0.00330 0.00332 0.56091  72164     128654.3 0.0037
5 -1  26.0 0.00350 0.00352 0.26298  72898     277200.7 0.0037
5 -1  26.0 0.00370 0.00371 0.14446  78854     545849.8 0.0036
5 -1  26.0 0.00390 0.00391 0.06758  72660    1075218.6 0.0037
5 -1  26.0 0.00410 0.00410 0.03864  73044    1890345.8 0.0037
5 -1  26.0 0.00430 0.00430 0.02343  72742    3104344.5 0.0037
5 -1  26.0 0.00450 0.00449 0.01561  71472    4578946.8 0.0037
5 -1  26.0 0.00470 0.00469 0.01175  72712    6190351.9 0.0037
5 -1  25.9 0.00490 0.00488 0.00923  71394    7730892.3 0.0037
5 -1  25.9 0.00510 0.00508 0.00787  72820    9249464.6 0.0037
5 -1  25.9 0.00530 0.00527 0.00695  71222   10242887.8 0.0037
5 -1  25.9 0.00550 0.00547 0.00695  77846   11195527.3 0.0036
5 -1  25.9 0.00570 0.00566 0.00611  72352   11843657.8 0.0037
5 -1  25.9 0.00590 0.00586 0.00611  75112   12295455.9 0.0036
5 -1  25.9 0.00610 0.00605 0.00611  77344   12660823.1 0.0036
5 -1  25.9 0.00630 0.00635 0.00611  79534   13019315.0 0.0035
5 -1  25.9 0.00650 0.00654 0.00546  71794   13150515.2 0.0037
5 -1  25.9 0.00670 0.00674 0.00546  72408   13262981.6 0.0037
5 -1  25.9 0.00690 0.00693 0.00546  72682   13313170.2 0.0037
5 -1  25.9 0.00710 0.00713 0.00546  72550   13288991.8 0.0037
5 -1  25.9 0.00730 0.00732 0.00546  72042   13195941.4 0.0037
5 -1  25.9 0.00750 0.00752 0.00546  71194   13040613.1 0.0037
5 -1  25.9 0.00770 0.00771 0.00546  69750   12776115.5 0.0038
5 -1  25.9 0.00790 0.00791 0.00546  68074   12469122.4 0.0038
5 -1  25.9 0.00810 0.00811 0.00546  64652   11842314.2 0.0039
5 -1  25.9 0.00830 0.00830 0.00546  60246   11035266.7 0.0041
5 -1  25.9 0.00850 0.00850 0.00546  54450    9973612.7 0.0043
5 -1  25.9 0.00870 0.00869 0.00546  47230    8651124.5 0.0046
5 -1  25.9 0.00890 0.00889 0.00546  41298    7564559.4 0.0049
5 -1  25.9 0.00910 0.00908 0.00546  35234    6453815.8 0.0053
5 -1  25.9 0.00930 0.00928 0.00546  31446    5759967.4 0.0056
5 -1  25.9 0.00950 0.00947 0.00546  28792    5273833.9 0.0059
5 -1  25.9 0.00970 0.00967 0.00546  27122    4967939.8 0.0061
5 -1  25.9 0.00990 0.00986 0.00546  26222    4803086.7 0.0062
5 -1  25.9 0.01010 0.01006 0.00546  25722    4711501.7 0.0062
5 -1  25.9 0.01030 0.01025 0.00546  25118    4600866.9 0.0063
5 -1  25.9 0.01050 0.01055 0.00546  24904    4561668.5 0.0063
5 -1  25.9 0.01070 0.01074 0.00546  24750    4533460.3 0.0064
5 -1  25.9 0.01090 0.01094 0.00546  24820    4546282.2 0.0063
5 -1  25.9 0.01110 0.01113 0.00546  24726    4529064.2 0.0064
5 -1  25.9 0.01130 0.01133 0.00546  24476    4483271.7 0.0064
5 -1  25.9 0.01150 0.01152 0.00546  24522    4491697.5 0.0064
5 -1  25.9 0.01170 0.01172 0.00546  24478    4483638.1 0.0064
5 -1  25.9 0.01190 0.01191 0.00546  24610    4507816.5 0.0064
5 -1  25.9 0.01210 0.01211 0.00546  24424    4473746.9 0.0064
5 -1  25.9 0.01230 0.01230 0.00546  24366    4463123.0 0.0064
5 -1  25.9 0.01250 0.01250 0.00546  24490    4485836.1 0.0064
5 -1  25.9 0.01270 0.01270 0.00546  24360    4462024.0 0.0064
5 -1  25.9 0.01290 0.01289 0.00546  24372    4464222.0 0.0064
5 -1  25.9 0.01310 0.01309 0.00546  24216    4435647.5 0.0064
5 -1  25.9 0.01330 0.01328 0.00546  24206    4433815.8 0.0064
5 -1  25.9 0.01350 0.01348 0.00546  23892    4376300.4 0.0065
5 -1  25.9 0.01370 0.01367 0.00546  23644    4330874.2 0.0065
5 -1  25.9 0.01390 0.01387 0.00546  23324    4272259.7 0.0065
5 -1  25.9 0.01410 0.01406 0.00546  22774    4171516.2 0.0066
5 -1  25.9 0.01430 0.01426 0.00546  21610    3958306.2 0.0068
5 -1  25.9 0.01450 0.01445 0.00546  20640    3780631.2 0.0070
5 -1  25.9 0.01470 0.01475 0.00546  18456    3380587.6 0.0074
5 -1  25.9 0.01490 0.01494 0.00546  16500    3022306.9 0.0078
5 -1  25.9 0.01510 0.01514 0.00546  14854    2720808.9 0.0082
5 -1  25.9 0.01530 0.01533 0.00546  13186    2415281.1 0.0087
5 -1  25.9 0.01550 0.01553 0.00546  11350    2078980.8 0.0094
5 -1  25.9 0.01570 0.01572 0.00546  10288    1884454.1 0.0099
5 -1  25.9 0.01590 0.01592 0.00546   8976    1644134.9 0.0106
5 -1  25.9 0.01610 0.01611 0.00546   7794    1427627.9 0.0113
5 -1  25.9 0.01630 0.01631 0.00546   7238    1325785.3 0.0118
5 -1  25.9 0.01650 0.01650 0.00546   6446    1180714.6 0.0125
5 -1  25.9 0.01670 0.01670 0.00546   6088    1115139.7 0.0128
5 -1  25.9 0.01690 0.01689 0.00546   5656    1036010.2 0.0133
5 -1  25.9 0.01710 0.01709 0.00546   5394     988019.6 0.0136
5 -1  25.9 0.01730 0.01729 0.00546   5206     953583.6 0.0139
5 -1  25.9 0.01750 0.01748 0.00546   4942     905226.7 0.0142
5 -1  25.9 0.01770 0.01768 0.00546   4942     905226.7 0.0142
5 -1  25.9 0.01790 0.01787 0.00546   4802     879582.9 0.0144
5 -1  25.9 0.01810 0.01807 0.00546   4566     836354.7 0.0148
5 -1  25.9 0.01830 0.01826 0.00546   4462     817305.0 0.0150
5 -1  25.9 0.01850 0.01846 0.00546   4276     783235.4 0.0153
5 -1  25.9 0.01870 0.01865 0.00546   4238     776274.9 0.0154
5 -1  25.9 0.01890 0.01895 0.00546   4064     744403.3 0.0157
5 -1  25.9 0.01910 0.01914 0.00546   3934     720591.2 0.0159
5 -1  25.9 0.01930 0.01934 0.00546   3886     711799.1 0.0160
5 -1  25.9 0.01950 0.01953 0.00546   3574     654650.0 0.0167
5 -1  25.9 0.01970 0.01973 0.00546   3576     655016.3 0.0167
5 -1  25.9 0.01990 0.01992 0.00546   3416     625709.1 0.0171
5 -1  25.9 0.02010 0.02012 0.00546   3266     598233.6 0.0175
5 -1  25.9 0.02030 0.02031 0.00546   3272     599332.6 0.0175
5 -1  25.9 0.02050 0.02051 0.00546   3058     560134.2 0.0181
5 -1  25.9 0.02070 0.02070 0.00546   2898     530827.0 0.0186
5 -1  25.9 0.02090 0.02090 0.00546   2940     538520.1 0.0184
5 -1  25.9 0.02110 0.02109 0.00546   2746     502985.1 0.0191
5 -1  25.9 0.02130 0.02129 0.00546   2558     468549.2 0.0198
5 -1  25.9 0.02150 0.02148 0.00546   2480     454261.9 0.0201
5 -1  25.9 0.02170 0.02168 0.00546   2374     434845.9 0.0205
5 -1  25.9 0.02190 0.02188 0.00549   2298     418272.8 0.0209
5 -1  25.9 0.02210 0.02207 0.00584   2264     387555.6 0.0210
5 -1  25.9 0.02230 0.02227 0.00619   2330     376236.4 0.0207
5 -1  25.9 0.02250 0.02246 0.00679   2222     327044.2 0.0212
5 -1  25.9 0.02270 0.02266 0.00763   2304     301836.0 0.0208
5 -1  25.9 0.02290 0.02285 0.00834   2280     273437.7 0.0209
5 -1  25.9 0.02310 0.02314 0.01010   2324     230180.7 0.0207
5 -1  25.9 0.02330 0.02334 0.01083   2278     210432.9 0.0210
5 -1  25.9 0.02350 0.02354 0.01161   2242     193126.2 0.0211
5 -1  25.9 0.02370 0.02373 0.01346   2296     170541.1 0.0209
5 -1  25.9 0.02390 0.02393 0.01494   2368     158474.3 0.0205
5 -1  25.9 0.02410 0.02412 0.01549   2246     145033.3 0.0211
5 -1  25.9 0.02430 0.02432 0.01697   2228     131320.9 0.0212
5 -1  25.9 0.02450 0.02451 0.01857   2310     124389.2 0.0208
5 -1  25.9 0.02470 0.02471 0.01957   2376     121411.3 0.0205
5 -1  25.9 0.02490 0.02490 0.02097   2272     108364.1 0.0210
5 -1  25.9 0.02510 0.02510 0.02188   2248     102727.9 0.0211
5 -1  25.9 0.02530 0.02529 0.02192   2252     102725.4 0.0211
5 -1  25.9 0.02550 0.02549 0.02349   2246      95599.9 0.0211
5 -1  25.9 0.02570 0.02568 0.02547   2324      91239.8 0.0207
5 -1  25.9 0.02590 0.02588 0.02606   2306      88496.0 0.0208
5 -1  25.9 0.02610 0.02607 0.02731   2320      84966.0 0.0208
5 -1  25.9 0.02630 0.02627 0.02871   2262      78791.4 0.0210
5 -1  25.9 0.02650 0.02646 0.03035   2296      75651.7 0.0209
5 -1  25.9 0.02670 0.02666 0.03035   2336      76969.7 0.0207
5 -1  25.9 0.02690 0.02686 0.03153   2282      72370.9 0.0209
5 -1  25.9 0.02710 0.02715 0.03333   2238      67142.4 0.0211
5 -1  25.9 0.02730 0.02734 0.03423   2244      65565.1 0.0211
5 -1  25.9 0.02750 0.02754 0.03788   2306      60870.3 0.0208
5 -1  25.9 0.02770 0.02773 0.03882   2258      58163.6 0.0210
5 -1  25.9 0.02790 0.02793 0.04037   2262      56032.7 0.0210
5 -1  25.9 0.02810 0.02813 0.04288   2256      52614.5 0.0211
5 -1  25.9 0.02830 0.02832 0.04517   2254      49905.4 0.0211
5 -1  25.9 0.02850 0.02852 0.04770   2266      47506.7 0.0210
5 -1  25.9 0.02870 0.02871 0.04928   2242      45492.8 0.0211
5 -1  25.9 0.02890 0.02891 0.05275   2280      43224.1 0.0209
5 -1  25.9 0.02910 0.02910 0.05757   2296      39881.1 0.0209
5 -1  25.9 0.02930 0.02930 0.05961   2316      38852.6 0.0208
5 -1  25.9 0.02950 0.02949 0.06337   2360      37238.8 0.0206
5 -1  25.9 0.02970 0.02969 0.06626   2294      34619.7 0.0209
5 -1  25.9 0.02990 0.02988 0.07065   2346      33205.6 0.0206
5 -1  25.9 0.03010 0.03008 0.07636   2360      30908.2 0.0206
5 -1  25.9 0.03030 0.03027 0.08255   2274      27546.5 0.0210
5 -1  25.9 0.03050 0.03047 0.09181   2316      25227.0 0.0208
5 -1  25.9 0.03070 0.03066 0.09731   2222      22833.9 0.0212
5 -1  25.9 0.03090 0.03086 0.10797   2230      20654.2 0.0212
5 -1  25.9 0.03110 0.03105 0.11714   2226      19002.7 0.0212
5 -1  25.9 0.03130 0.03135 0.13119   2228      16982.5 0.0212
5 -1  25.9 0.03150 0.03154 0.14431   2302      15951.4 0.0208
5 -1  25.9 0.03170 0.03174 0.15644   2262      14459.1 0.0210
5 -1  25.9 0.03190 0.03193 0.16715   2244      13424.8 0.0211
5 -1  25.9 0.03210 0.03213 0.17995   2272      12625.8 0.0210
5 -1  25.9 0.03230 0.03232 0.19242   2236      11620.5 0.0211
5 -1  25.9 0.03250 0.03252 0.20923   2312      11049.9 0.0208
5 -1  25.9 0.03270 0.03271 0.21786   2226      10217.6 0.0212
5 -1  25.9 0.03290 0.03291 0.23118   2240       9689.5 0.0211
5 -1  25.9 0.03310 0.03311 0.25430   2290       9005.0 0.0209
5 -1  25.9 0.03330 0.03330 0.26160   2308       8822.6 0.0208
5 -1  25.9 0.03350 0.03350 0.27407   2242       8180.5 0.0211
5 -1  25.9 0.03370 0.03369 0.29466   2358       8002.5 0.0206
5 -1  25.9 0.03390 0.03389 0.29626   2224       7507.0 0.0212
5 -1  25.9 0.03410 0.03408 0.30732   2226       7243.2 0.0212
5 -1  25.9 0.03430 0.03428 0.33015   2256       6833.3 0.0211
5 -1  25.9 0.03450 0.03447 0.34057   2244       6589.0 0.0211
5 -1  25.9 0.03470 0.03467 0.35763   2268       6341.8 0.0210
5 -1  25.9 0.03490 0.03486 0.37448   2228       5949.5 0.0212
5 -1  25.9 0.03510 0.03506 0.39287   2238       5696.5 0.0211
5 -1  25.9 0.03530 0.03525 0.41490   2244       5408.5 0.0211
5 -1  25.9 0.03550 0.03555 0.44500   2296       5159.6 0.0209
5 -1  25.9 0.03570 0.03574 0.46248   2256       4878.0 0.0211
5 -1  25.9 0.03590 0.03594 0.49540   2262       4566.0 0.0210
5 -1  25.9 0.03610 0.03613 0.51390   2290       4456.1 0.0209
5 -1  25.9 0.03630 0.03633 0.54118   2314       4275.9 0.0208
5 -1  25.9 0.03650 0.03652 0.57153   2362       4132.8 0.0206
5 -1  25.9 0.03670 0.03672 0.59268   2260       3813.2 0.0210
5 -1  25.9 0.03690 0.03691 0.64555   2324       3600.0 0.0207
5 -1  25.9 0.03710 0.03711 0.64555   2224       3445.1 0.0212
5 -1  25.9 0.03730 0.03730 0.71011   2246       3162.9 0.0211
5 -1  25.9 0.03750 0.03750 0.74595   2288       3067.2 0.0209
5 -1  25.8 0.03770 0.03770 0.80556   2354       2922.2 0.0206
5 -1  25.8 0.03790 0.03789 0.85973   2338       2719.5 0.0207
5 -1  25.8 0.03810 0.03809 0.88196   2244       2544.3 0.0211
5 -1  25.8 0.03830 0.03828 0.97111   2348       2417.8 0.0206
5 -1  25.8 0.03850 0.03848 1.05022   2324       2212.9 0.0207
5 -1  25.8 0.03870 0.03867 1.08510   2252       2075.4 0.0211
5 -1  25.8 0.03890 0.03887 1.15807   2236       1930.8 0.0211
5 -1  25.8 0.03910 0.03906 1.21000   2092       1728.9 0.0219
5 -1  25.8 0.03930 0.03926 1.21000   1912       1580.2 0.0229
5 -1  25.8 0.03950 0.03945 1.21000   1794       1482.6 0.0236
5 -1  25.8 0.03970 0.03975 1.21000   1684       1391.7 0.0244
5 -1  25.8 0.03990 0.03994 1.21000   1498       1238.0 0.0258
5  0  25.8 0.00010 0.00010 1.21000     12          9.9 0.2887
5  0  25.8 0.00030 0.00029 1.21000     12          9.9 0.2887
5  0  25.8 0.00050 0.00049 1.21000     18         14.9 0.2357
5  0  25.8 0.00070 0.00068 1.21000     18         14.9 0.2357
5  0  25.8 0.00090 0.00088 1.21000     30         24.8 0.1826
5  0  25.8 0.00110 0.00107 1.21000     28         23.1 0.1890
5  0  25.8 0.00130 0.00127 1.21000     42         34.7 0.1543
5  0  25.8 0.00150 0.00146 1.21000     48         39.7 0.1443
5  0  25.8 0.00170 0.00166 1.21000    100         82.6 0.1000
5  0  25.8 0.00190 0.00186 1.21000    228        188.4 0.0662
5  0  25.8 0.00210 0.00215 1.21000    992        819.8 0.0318
5  0  25.8 0.00230 0.00234 1.21000   2700       2231.4 0.0192
5  0  25.8 0.00250 0.00254 1.21000   6666       5509.1 0.0122
5  0  25.8 0.00270 0.00273 1.21000  16472      13613.2 0.0078
5  0  25.8 0.00290 0.00293 1.21000  38364      31705.8 0.0051
5  0  25.8 0.00310 0.00313 0.89609  72124      80487.8 0.0037
5  0  25.8 0.00330 0.00332 0.42156  71920     170604.2 0.0037
5  0  25.8 0.00350 0.00352 0.20541  71598     348566.4 0.0037
5  0  25.8 0.00370 0.00371 0.11284  73044     647351.3 0.0037
5  0  25.8 0.00390 0.00391 0.06198  71908    1160121.6 0.0037
5  0  25.8 0.00410 0.00410 0.04065  71736    1764728.6 0.0037
5  0  25.8 0.00430 0.00430 0.02937  72058    2453052.0 0.0037
5  0  25.8 0.00450 0.00449 0.02355  70326    2986028.7 0.0038
5  0  25.8 0.00470 0.00469 0.02038  71568    3511713.6 0.0037
5  0  25.8 0.00490 0.00488 0.02038  78656    3859509.1 0.0036
5  0  25.8 0.00510 0.00508 0.01750  72246    4127442.1 0.0037
5  0  25.8 0.00530 0.00527 0.01750  74984    4283865.1 0.0037
5  0  25.8 0.00550 0.00547 0.01750  76990    4398468.6 0.0036
5  0  25.8 0.00570 0.00566 0.01750  78112    4462568.9 0.0036
5  0  25.8 0.00590 0.00586 0.01750  78912    4508273.2 0.0036
5  0  25.8 0.00610 0.00605 0.01750  79428    4537752.5 0.0035
5  0  25.8 0.00630 0.00635 0.01750  79874    4563232.7 0.0035
5  0  25.8 0.00650 0.00654 0.01575  71796    4559532.4 0.0037
5  0  25.8 0.00670 0.00674 0.01575  71832    4561818.7 0.0037
5  0  25.8 0.00690 0.00693 0.01575  71782    4558643.3 0.0037
5  0  25.8 0.00710 0.00713 0.01575  71582    4545942.0 0.0037
5  0  25.8 0.00730 0.00732 0.01575  71274    4526381.9 0.0037
5  0  25.8 0.00750 0.00752 0.01575  70766    4494120.4 0.0038
5  0  25.8 0.00770 0.00771 0.01575  69972    4443696.1 0.0038
5  0  25.8 0.00790 0.00791 0.01575  68840    4371806.4 0.0038
5  0  25.8 0.00810 0.00811 0.01575  67122    4262701.7 0.0039
5  0  25.8 0.00830 0.00830 0.01575  64454    4093265.7 0.0039
5  0  25.8 0.00850 0.00850 0.01575  60474    3840508.7 0.0041
5  0  25.8 0.00870 0.00869 0.01575  54450    3457943.9 0.0043
5  0  25.8 0.00890 0.00889 0.01575  47356    3007426.8 0.0046
5  0  25.8 0.00910 0.00908 0.01575  39608    2515376.3 0.0050
5  0  25.8 0.00930 0.00928 0.01575  32582    2069177.7 0.0055
5  0  25.8 0.00950 0.00947 0.01575  27520    1747706.4 0.0060
5  0  25.8 0.00970 0.00967 0.01575  24126    1532164.5 0.0064
5  0  25.8 0.00990 0.00986 0.01575  22000    1397149.0 0.0067
5  0  25.8 0.01010 0.01006 0.01575  20648    1311287.9 0.0070
5  0  25.8 0.01030 0.01025 0.01575  20168    1280804.6 0.0070
5  0  25.8 0.01050 0.01055 0.01575  19888    1263022.7 0.0071
5  0  25.8 0.01070 0.01074 0.01575  19676    1249559.3 0.0071
5  0  25.8 0.01090 0.01094 0.01575  19752    1254385.8 0.0071
5  0  25.8 0.01110 0.01113 0.01575  19766    1255274.9 0.0071
5  0  25.8 0.01130 0.01133 0.01575  19774    1255783.0 0.0071
5  0  25.8 0.01150 0.01152 0.01575  19674    1249432.3 0.0071
5  0  25.8 0.01170 0.01172 0.01575  19654    1248162.2 0.0071
5  0  25.8 0.01190 0.01191 0.01575  19796    1257180.1 0.0071
5  0  25.8 0.01210 0.01211 0.01575  19618    1245875.9 0.0071
5  0  25.8 0.01230 0.01230 0.01575  19586    1243843.7 0.0071
5  0  25.8 0.01250 0.01250 0.01575  19650    1247908.1 0.0071
5  0  25.8 0.01270 0.01270 0.01575  19680    1249813.3 0.0071
5  0  25.8 0.01290 0.01289 0.01575  19552    1241684.5 0.0072
5  0  25.8 0.01310 0.01309 0.01575  19652    1248035.1 0.0071
5  0  25.8 0.01330 0.01328 0.01575  19590    1244097.7 0.0071
5  0  25.8 0.01350 0.01348 0.01575  19282    1224537.6 0.0072
5  0  25.8 0.01370 0.01367 0.01575  19258    1223013.5 0.0072
5  0  25.8 0.01390 0.01387 0.01575  18866    1198118.8 0.0073
5  0  25.8 0.01410 0.01406 0.01575  18170    1153918.1 0.0074
5  0  25.8 0.01430 0.01426 0.01575  17516    1112384.7 0.0076
5  0  25.8 0.01450 0.01445 0.01575  16508    1048369.8 0.0078
5  0  25.8 0.01470 0.01475 0.01575  14484     919832.1 0.0083
5  0  25.8 0.01490 0.01494 0.01575  12746     809457.4 0.0089
5  0  25.8 0.01510 0.01514 0.01575  10894     691842.8 0.0096
5  0  25.8 0.01530 0.01533 0.01575   9300     590613.0 0.0104
5  0  25.8 0.01550 0.01553 0.01575   7926     503354.7 0.0112
5  0  25.8 0.01570 0.01572 0.01575   6704     425749.4 0.0122
5  0  25.8 0.01590 0.01592 0.01575   5516     350303.4 0.0135
5  0  25.8 0.01610 0.01611 0.01575   4602     292258.2 0.0147
5  0  25.8 0.01630 0.01631 0.01575   4042     256694.4 0.0157
5  0  25.8 0.01650 0.01650 0.01575   3454     219352.4 0.0170
5  0  25.8 0.01670 0.01670 0.01575   3156     200427.4 0.0178
5  0  25.8 0.01690 0.01689 0.01575   2796     177564.9 0.0189
5  0  25.8 0.01710 0.01709 0.01575   2746     174389.6 0.0191
5  0  25.8 0.01730 0.01729 0.01575   2566     162958.4 0.0197
5  0  25.8 0.01750 0.01748 0.01575   2516     159783.0 0.0199
5  0  25.8 0.01770 0.01768 0.01575   2424     153940.4 0.0203
5  0  25.8 0.01790 0.01787 0.01575   2394     152035.2 0.0204
5  0  25.8 0.01810 0.01807 0.01575   2316     147081.7 0.0208
5  0  25.8 0.01830 0.01826 0.01575   2352     149367.9 0.0206
5  0  25.8 0.01850 0.01846 0.01575   2256     143271.3 0.0211
5  0  25.8 0.01870 0.01865 0.01638   2268     138468.3 0.0210
5  0  25.8 0.01890 0.01895 0.01638   2276     138956.7 0.0210
5  0  25.8 0.01910 0.01914 0.01697   2360     139066.7 0.0206
5  0  25.8 0.01930 0.01934 0.01697   2224     131052.7 0.0212
5  0  25.8 0.01950 0.01953 0.01806   2262     125262.6 0.0210
5  0  25.8 0.01970 0.01973 0.01821   2230     122490.2 0.0212
5  0  25.8 0.01990 0.01992 0.01885   2234     118523.2 0.0212
5  0  25.8 0.02010 0.02012 0.01928   2264     117412.0 0.0210
5  0  25.8 0.02030 0.02031 0.02009   2222     110596.7 0.0212
5  0  25.8 0.02050 0.02051 0.02178   2396     110025.8 0.0204
5  0  25.8 0.02070 0.02070 0.02178   2264     103964.3 0.0210
5  0  25.8 0.02090 0.02090 0.02323   2392     102991.1 0.0204
5  0  25.8 0.02110 0.02109 0.02327   2312      99367.4 0.0208
5  0  25.8 0.02130 0.02129 0.02432   2258      92853.7 0.0210
5  0  25.8 0.02150 0.02148 0.02618   2258      86241.9 0.0210
5  0  25.8 0.02170 0.02168 0.02618   2294      87616.9 0.0209
5  0  25.8 0.02190 0.02188 0.02880   2256      78346.1 0.0211
5  0  25.8 0.02210 0.02207 0.03156   2262      71662.3 0.0210
5  0  25.8 0.02230 0.02227 0.03461   2276      65765.8 0.0210
5  0  25.8 0.02250 0.02246 0.03879   2292      59087.4 0.0209
5  0  25.8 0.02270 0.02266 0.04120   2240      54368.3 0.0211
5  0  25.8 0.02290 0.02285 0.05008   2260      45127.2 0.0210
5  0  25.8 0.02310 0.02314 0.05950   2298      38619.9 0.0209
5  0  25.8 0.02330 0.02334 0.06750   2230      33039.1 0.0212
5  0  25.8 0.02350 0.02354 0.07691   2304      29957.2 0.0208
5  0  25.8 0.02370 0.02373 0.08994   2250      25015.6 0.0211
5  0  25.8 0.02390 0.02393 0.10398   2252      21657.4 0.0211
5  0  25.8 0.02410 0.02412 0.11717   2318      19784.0 0.0208
5  0  25.8 0.02430 0.02432 0.13043   2224      17051.1 0.0212
5  0  25.7 0.02450 0.02451 0.14235   2226      15637.8 0.0212
5  0  25.7 0.02470 0.02471 0.15485   2300      14853.2 0.0209
5  0  25.7 0.02490 0.02490 0.16507   2258      13679.4 0.0210
5  0  25.7 0.02510 0.02510 0.17355   2308      13298.7 0.0208
5  0  25.7 0.02530 0.02529 0.18398   2322      12620.7 0.0208
5  0  25.7 0.02550 0.02549 0.18398   2260      12283.7 0.0210
5  0  25.7 0.02570 0.02568 0.19636   2346      11947.7 0.0206
5  0  25.7 0.02590 0.02588 0.19814   2290      11557.6 0.0209
5  0  25.7 0.02610 0.02607 0.20820   2250      10807.1 0.0211
5  0  25.7 0.02630 0.02627 0.21553   2268      10522.9 0.0210
5  0  25.7 0.02650 0.02646 0.22172   2356      10626.2 0.0206
5  0  25.7 0.02670 0.02666 0.22957   2256       9827.1 0.0211
5  0  25.7 0.02690 0.02686 0.22957   2230       9713.9 0.0212
5  0  25.7 0.02710 0.02715 0.25488   2250       8827.6 0.0211
5  0  25.7 0.02730 0.02734 0.26075   2358       9043.1 0.0206
5  0  25.7 0.02750 0.02754 0.26896   2284       8492.1 0.0209
5  0  25.7 0.02770 0.02773 0.28244   2228       7888.4 0.0212
5  0  25.7 0.02790 0.02793 0.29492   2266       7683.5 0.0210
5  0  25.7 0.02810 0.02813 0.30737   2282       7424.4 0.0209
5  0  25.7 0.02830 0.02832 0.32034   2252       7030.0 0.0211
5  0  25.7 0.02850 0.02852 0.33859   2342       6916.8 0.0207
5  0  25.7 0.02870 0.02871 0.34864   2322       6660.2 0.0208
5  0  25.7 0.02890 0.02891 0.36541   2254       6168.4 0.0211
5  0  25.7 0.02910 0.02910 0.39034   2410       6174.2 0.0204
5  0  25.7 0.02930 0.02930 0.41578   2310       5555.8 0.0208
5  0  25.7 0.02950 0.02949 0.44408   2226       5012.6 0.0212
5  0  25.7 0.02970 0.02969 0.45632   2244       4917.6 0.0211
5  0  25.7 0.02990 0.02988 0.50866   2358       4635.7 0.0206
5  0  25.7 0.03010 0.03008 0.55730   2304       4134.2 0.0208
5  0  25.7 0.03030 0.03027 0.58356   2250       3855.6 0.0211
5  0  25.7 0.03050 0.03047 0.65955   2378       3605.5 0.0205
5  0  25.7 0.03070 0.03066 0.71131   2274       3196.9 0.0210
5  0  25.7 0.03090 0.03086 0.78477   2278       2902.8 0.0210
5  0  25.7 0.03110 0.03105 0.86355   2276       2635.6 0.0210
5  0  25.7 0.03130 0.03135 1.05314   2240       2127.0 0.0211
5  0  25.7 0.03150 0.03154 1.13492   2260       1991.3 0.0210
5  0  25.7 0.03170 0.03174 1.21000   1968       1626.4 0.0225
5  0  25.7 0.03190 0.03193 1.21000   1804       1490.9 0.0235
5  0  25.7 0.03210 0.03213 1.21000   1620       1338.8 0.0248
5  0  25.7 0.03230 0.03232 1.21000   1538       1271.1 0.0255
5  0  25.7 0.03250 0.03252 1.21000   1422       1175.2 0.0265
5  0  25.7 0.03270 0.03271 1.21000   1280       1057.9 0.0280
5  0  25.7 0.03290 0.03291 1.21000   1242       1026.4 0.0284
5  0  25.7 0.03310 0.03311 1.21000   1220       1008.3 0.0286
5  0  25.7 0.03330 0.03330 1.21000   1142        943.8 0.0296
5  0  25.7 0.03350 0.03350 1.21000   1098        907.4 0.0302
5  0  25.7 0.03370 0.03369 1.21000   1114        920.7 0.0300
5  0  25.7 0.03390 0.03389 1.21000   1042        861.2 0.0310
5  0  25.7 0.03410 0.03408 1.21000   1030        851.2 0.0312
5  0  25.7 0.03430 0.03428 1.21000   1016        839.7 0.0314
5  0  25.7 0.03450 0.03447 1.21000    950        785.1 0.0324
5  0  25.7 0.03470 0.03467 1.21000    896        740.5 0.0334
5  0  25.7 0.03490 0.03486 1.21000    884        730.6 0.0336
5  0  25.7 0.03510 0.03506 1.21000    876        724.0 0.0338
5  0  25.7 0.03530 0.03525 1.21000    820        677.7 0.0349
5  0  25.7 0.03550 0.03555 1.21000    758        626.4 0.0363
5  0  25.7 0.03570 0.03574 1.21000    694        573.6 0.0380
5  0  25.7 0.03590 0.03594 1.21000    708        585.1 0.0376
5  0  25.7 0.03610 0.03613 1.21000    648        535.5 0.0393
5  0  25.7 0.03630 0.03633 1.21000    664        548.8 0.0388
5  0  25.7 0.03650 0.03652 1.21000    698        576.9 0.0379
5  0  25.7 0.03670 0.03672 1.21000    636        525.6 0.0397
5  0  25.7 0.03690 0.03691 1.21000    600        495.9 0.0408
5  0  25.7 0.03710 0.03711 1.21000    610        504.1 0.0405
5  0  25.7 0.03730 0.03730 1.21000    546        451.2 0.0428
5  0  25.7 0.03750 0.03750 1.21000    500        413.2 0.0447
5  0  25.7 0.03770 0.03770 1.21000    510        421.5 0.0443
5  0  25.7 0.03790 0.03789 1.21000    500        413.2 0.0447
5  0  25.7 0.03810 0.03809 1.21000    442        365.3 0.0476
5  0  25.7 0.03830 0.03828 1.21000    396        327.3 0.0503
5  0  25.7 0.03850 0.03848 1.21000    380        314.0 0.0513
5  0  25.7 0.03870 0.03867 1.21000    380        314.0 0.0513
5  0  25.7 0.03890 0.03887 1.21000    356        294.2 0.0530
5  0  25.7 0.03910 0.03906 1.21000    348        287.6 0.0536
5  0  25.7 0.03930 0.03926 1.21000    356        294.2 0.0530
5  0  25.7 0.03950 0.03945 1.21000    292        241.3 0.0585
5  0  25.7 0.03970 0.03975 1.21000    284        234.7 0.0593
5  0  25.7 0.03990 0.03994 1.21000    272        224.8 0.0606
5  1  25.7 0.00010 0.00010 1.21000     32         26.4 0.1768
5  1  25.7 0.00030 0.00029 1.21000     26         21.5 0.1961
5  1  25.7 0.00050 0.00049 1.21000     28         23.1 0.1890
5  1  25.7 0.00070 0.00068 1.21000     34         28.1 0.1715
5  1  25.7 0.00090 0.00088 1.21000     38         31.4 0.1622
5  1  25.7 0.00110 0.00107 1.21000     42         34.7 0.1543
5  1  25.7 0.00130 0.00127 1.21000     60         49.6 0.1291
5  1  25.7 0.00150 0.00146 1.21000     76         62.8 0.1147
5  1  25.7 0.00170 0.00166 1.21000    104         86.0 0.0981
5  1  25.7 0.00190 0.00186 1.21000    260        214.9 0.0620
5  1  25.7 0.00210 0.00215 1.21000   1014        838.0 0.0314
5  1  25.7 0.00230 0.00234 1.21000   2888       2386.8 0.0186
5  1  25.7 0.00250 0.00254 1.21000   7038       5816.5 0.0119
5  1  25.7 0.00270 0.00273 1.21000  17354      14342.1 0.0076
5  1  25.7 0.00290 0.00293 1.21000  40758      33684.3 0.0050
5  1  25.6 0.00310 0.00313 0.84729  70778      83534.9 0.0038
5  1  25.6 0.00330 0.00332 0.40723  72698     178516.2 0.0037
5  1  25.6 0.00350 0.00352 0.19944  72456     363290.0 0.0037
5  1  25.6 0.00370 0.00371 0.10956  73966     675121.6 0.0037
5  1  25.6 0.00390 0.00391 0.06025  72078    1196279.7 0.0037
5  1  25.6 0.00410 0.00410 0.03950  70722    1790266.5 0.0038
5  1  25.6 0.00430 0.00430 0.02889  71886    2488028.8 0.0037
5  1  25.6 0.00450 0.00449 0.02323  71910    3096072.0 0.0037
5  1  25.6 0.00470 0.00469 0.02024  71994    3556720.4 0.0037
5  1  25.6 0.00490 0.00488 0.02024  79130    3909260.3 0.0036
5  1  25.6 0.00510 0.00508 0.01735  71756    4135789.6 0.0037
5  1  25.6 0.00530 0.00527 0.01735  74454    4291293.8 0.0037
5  1  25.6 0.00550 0.00547 0.01735  76310    4398267.8 0.0036
5  1  25.6 0.00570 0.00566 0.01735  77446    4463743.3 0.0036
5  1  25.6 0.00590 0.00586 0.01735  78238    4509391.7 0.0036
5  1  25.6 0.00610 0.00605 0.01735  78732    4537864.3 0.0036
5  1  25.6 0.00630 0.00635 0.01735  79164    4562763.4 0.0036
5  1  25.6 0.00650 0.00654 0.01735  79316    4571524.2 0.0036
5  1  25.6 0.00670 0.00674 0.01735  79338    4572792.2 0.0036
5  1  25.6 0.00690 0.00693 0.01735  79262    4568411.8 0.0036
5  1  25.6 0.00710 0.00713 0.01735  79060    4556769.1 0.0036
5  1  25.6 0.00730 0.00732 0.01735  78692    4535558.8 0.0036
5  1  25.6 0.00750 0.00752 0.01735  78092    4500976.7 0.0036
5  1  25.6 0.00770 0.00771 0.01735  77246    4452215.9 0.0036
5  1  25.6 0.00790 0.00791 0.01735  75928    4376250.5 0.0036
5  1  25.6 0.00810 0.00811 0.01735  73982    4264089.2 0.0037
5  1  25.6 0.00830 0.00830 0.01735  70878    4085184.5 0.0038
5  1  25.6 0.00850 0.00850 0.01735  66346    3823974.3 0.0039
5  1  25.6 0.00870 0.00869 0.01735  59530    3431121.5 0.0041
5  1  25.6 0.00890 0.00889 0.01735  51512    2968989.3 0.0044
5  1  25.6 0.00910 0.00908 0.01735  42322    2439306.6 0.0049
5  1  25.6 0.00930 0.00928 0.01735  34586    1993428.0 0.0054
5  1  25.6 0.00950 0.00947 0.01735  28924    1667088.2 0.0059
5  1  25.6 0.00970 0.00967 0.01735  24808    1429854.9 0.0063
5  1  25.6 0.00990 0.00986 0.01735  22484    1295906.9 0.0067
5  1  25.6 0.01010 0.01006 0.01735  21170    1220172.1 0.0069
5  1  25.6 0.01030 0.01025 0.01735  20542    1183976.1 0.0070
5  1  25.6 0.01050 0.01055 0.01735  20298    1169912.7 0.0070
5  1  25.6 0.01070 0.01074 0.01735  19996    1152506.4 0.0071
5  1  25.6 0.01090 0.01094 0.01735  20210    1164840.7 0.0070
5  1  25.6 0.01110 0.01113 0.01735  20072    1156886.8 0.0071
5  1  25.6 0.01130 0.01133 0.01735  20062    1156310.4 0.0071
5  1  25.6 0.01150 0.01152 0.01735  20022    1154005.0 0.0071
5  1  25.6 0.01170 0.01172 0.01735  19934    1148932.9 0.0071
5  1  25.6 0.01190 0.01191 0.01735  20030    1154466.0 0.0071
5  1  25.6 0.01210 0.01211 0.01735  20112    1159192.3 0.0071
5  1  25.6 0.01230 0.01230 0.01735  19888    1146281.6 0.0071
5  1  25.6 0.01250 0.01250 0.01735  20112    1159192.3 0.0071
5  1  25.6 0.01270 0.01270 0.01735  19844    1143745.6 0.0071
5  1  25.6 0.01290 0.01289 0.01735  20070    1156771.5 0.0071
5  1  25.6 0.01310 0.01309 0.01735  19844    1143745.6 0.0071
5  1  25.6 0.01330 0.01328 0.01735  19798    1141094.3 0.0071
5  1  25.6 0.01350 0.01348 0.01735  19562    1127492.0 0.0071
5  1  25.6 0.01370 0.01367 0.01735  19402    1118270.1 0.0072
5  1  25.6 0.01390 0.01387 0.01735  19034    1097059.7 0.0072
5  1  25.6 0.01410 0.01406 0.01735  18562    1069855.2 0.0073
5  1  25.6 0.01430 0.01426 0.01735  17702    1020287.5 0.0075
5  1  25.6 0.01450 0.01445 0.01735  16370     943515.2 0.0078
5  1  25.6 0.01470 0.01475 0.01735  14558     839077.2 0.0083
5  1  25.6 0.01490 0.01494 0.01735  12662     729797.8 0.0089
5  1  25.6 0.01510 0.01514 0.01735  10972     632391.5 0.0095
5  1  25.6 0.01530 0.01533 0.01735   9244     532795.0 0.0104
5  1  25.6 0.01550 0.01553 0.01735   7906     455676.9 0.0112
5  1  25.6 0.01570 0.01572 0.01735   6598     380287.9 0.0123
5  1  25.6 0.01590 0.01592 0.01735   5548     319769.2 0.0134
5  1  25.6 0.01610 0.01611 0.01735   4646     267780.8 0.0147
5  1  25.6 0.01630 0.01631 0.01735   3920     225936.4 0.0160
5  1  25.6 0.01650 0.01650 0.01735   3542     204149.7 0.0168
5  1  25.6 0.01670 0.01670 0.01735   3104     178904.8 0.0179
5  1  25.6 0.01690 0.01689 0.01735   2850     164265.0 0.0187
5  1  25.6 0.01710 0.01709 0.01735   2696     155388.9 0.0193
5  1  25.6 0.01730 0.01729 0.01735   2732     157463.9 0.0191
5  1  25.6 0.01750 0.01748 0.01735   2568     148011.4 0.0197
5  1  25.6 0.01770 0.01768 0.01735   2434     140288.1 0.0203
5  1  25.6 0.01790 0.01787 0.01735   2488     143400.5 0.0200
5  1  25.6 0.01810 0.01807 0.01735   2368     136484.1 0.0205
5  1  25.6 0.01830 0.01826 0.01735   2324     133948.0 0.0207
5  1  25.6 0.01850 0.01846 0.01741   2374     136337.2 0.0205
5  1  25.6 0.01870 0.01865 0.01741   2316     133006.3 0.0208
5  1  25.6 0.01890 0.01895 0.01785   2320     129998.1 0.0208
5  1  25.6 0.01910 0.01914 0.01785   2236     125291.3 0.0211
5  1  25.6 0.01930 0.01934 0.01785   2234     125179.2 0.0212
5  1  25.6 0.01950 0.01953 0.01941   2274     117134.3 0.0210
5  1  25.6 0.01970 0.01973 0.01941   2232     114970.9 0.0212
5  1  25.6 0.01990 0.01992 0.01984   2256     113696.8 0.0211
5  1  25.6 0.02010 0.02012 0.02094   2298     109767.5 0.0209
5  1  25.6 0.02030 0.02031 0.02202   2300     104457.7 0.0209
5  1  25.6 0.02050 0.02051 0.02202   2236     101551.0 0.0211
5  1  25.6 0.02070 0.02070 0.02261   2258      99873.4 0.0210
5  1  25.6 0.02090 0.02090 0.02347   2272      96784.1 0.0210
5  1  25.6 0.02110 0.02109 0.02505   2238      89326.4 0.0211
5  1  25.6 0.02130 0.02129 0.02611   2254      86321.1 0.0211
5  1  25.6 0.02150 0.02148 0.02719   2278      83793.8 0.0210
5  1  25.6 0.02170 0.02168 0.02854   2340      82004.5 0.0207
5  1  25.6 0.02190 0.02188 0.03113   2224      71451.1 0.0212
5  1  25.6 0.02210 0.02207 0.03394   2326      68535.7 0.0207
5  1  25.6 0.02230 0.02227 0.03581   2292      64008.3 0.0209
5  1  25.6 0.02250 0.02246 0.04026   2260      56133.4 0.0210
5  1  25.6 0.02270 0.02266 0.04455   2232      50098.7 0.0212
5  1  25.6 0.02290 0.02285 0.05056   2244      44383.7 0.0211
5  1  25.6 0.02310 0.02314 0.06340   2276      35899.9 0.0210
5  1  25.6 0.02330 0.02334 0.07469   2288      30631.9 0.0209
5  1  25.6 0.02350 0.02354 0.08416   2296      27280.0 0.0209
5  1  25.6 0.02370 0.02373 0.09768   2342      23977.0 0.0207
5  1  25.6 0.02390 0.02393 0.10863   2252      20731.4 0.0211
5  1  25.6 0.02410 0.02412 0.12664   2344      18509.6 0.0207
5  1  25.6 0.02430 0.02432 0.13425   2226      16581.0 0.0212
5  1  25.6 0.02450 0.02451 0.14709   2240      15228.5 0.0211
5  1  25.6 0.02470 0.02471 0.15835   2246      14183.6 0.0211
5  1  25.6 0.02490 0.02490 0.17309   2276      13149.1 0.0210
5  1  25.6 0.02510 0.02510 0.17309   2226      12860.2 0.0212
5  1  25.6 0.02530 0.02529 0.18234   2284      12526.2 0.0209
5  1  25.6 0.02550 0.02549 0.19039   2284      11996.3 0.0209
5  1  25.6 0.02570 0.02568 0.20284   2382      11743.3 0.0205
5  1  25.6 0.02590 0.02588 0.20284   2222      10954.5 0.0212
5  1  25.6 0.02610 0.02607 0.20944   2238      10685.8 0.0211
5  1  25.6 0.02630 0.02627 0.21951   2282      10395.7 0.0209
5  1  25.6 0.02650 0.02646 0.21951   2228      10149.7 0.0212
5  1  25.6 0.02670 0.02666 0.23204   2298       9903.6 0.0209
5  1  25.6 0.02690 0.02686 0.24263   2332       9611.3 0.0207
5  1  25.6 0.02710 0.02715 0.24263   2284       9413.5 0.0209
5  1  25.6 0.02730 0.02734 0.26506   2222       8383.1 0.0212
5  1  25.6 0.02750 0.02754 0.27041   2256       8342.9 0.0211
5  1  25.7 0.02770 0.02773 0.28103   2262       8048.8 0.0210
5  1  25.7 0.02790 0.02793 0.29850   2284       7651.6 0.0209
5  1  25.7 0.02810 0.02813 0.30230   2240       7409.9 0.0211
5  1  25.7 0.02830 0.02832 0.31684   2230       7038.2 0.0212
5  1  25.7 0.02850 0.02852 0.33717   2418       7171.6 0.0203
5  1  25.7 0.02870 0.02871 0.35439   2258       6371.5 0.0210
5  1  25.7 0.02890 0.02891 0.37253   2334       6265.2 0.0207
5  1  25.7 0.02910 0.02910 0.38958   2366       6073.3 0.0206
5  1  25.7 0.02930 0.02930 0.40862   2376       5814.6 0.0205
5  1  25.7 0.02950 0.02949 0.44508   2346       5271.0 0.0206
5  1  25.7 0.02970 0.02969 0.45321   2334       5149.9 0.0207
5  1  25.7 0.02990 0.02988 0.50301   2286       4544.6 0.0209
5  1  25.7 0.03010 0.03008 0.54152   2310       4265.8 0.0208
5  1  25.7 0.03030 0.03027 0.57849   2224       3844.5 0.0212
5  1  25.7 0.03050 0.03047 0.65117   2248       3452.3 0.0211
5  1  25.7 0.03070 0.03066 0.69831   2244       3213.5 0.0211
5  1  25.7 0.03090 0.03086 0.78422   2324       2963.5 0.0207
5  1  25.7 0.03110 0.03105 0.88543   2298       2595.3 0.0209
5  1  25.7 0.03130 0.03135 1.06806   2270       2125.4 0.0210
5  1  25.7 0.03150 0.03154 1.14271   2250       1969.0 0.0211
5  1  25.7 0.03170 0.03174 1.21000   2018       1667.8 0.0223
5  1  25.7 0.03190 0.03193 1.21000   1812       1497.5 0.0235
5  1  25.7 0.03210 0.03213 1.21000   1680       1388.4 0.0244
5  1  25.7 0.03230 0.03232 1.21000   1542       1274.4 0.0255
5  1  25.7 0.03250 0.03252 1.21000   1490       1231.4 0.0259
5  1  25.7 0.03270 0.03271 1.21000   1384       1143.8 0.0269
5  1  25.7 0.03290 0.03291 1.21000   1274       1052.9 0.0280
5  1  25.7 0.03310 0.03311 1.21000   1284       1061.2 0.0279
5  1  25.7 0.03330 0.03330 1.21000   1150        950.4 0.0295
5  1  25.7 0.03350 0.03350 1.21000   1190        983.5 0.0290
5  1  25.7 0.03370 0.03369 1.21000   1140        942.1 0.0296
5  1  25.7 0.03390 0.03389 1.21000   1112        919.0 0.0300
5  1  25.7 0.03410 0.03408 1.21000   1044        862.8 0.0309
5  1  25.7 0.03430 0.03428 1.21000   1010        834.7 0.0315
5  1  25.7 0.03450 0.03447 1.21000    986        814.9 0.0318
5  1  25.7 0.03470 0.03467 1.21000    906        748.8 0.0332
5  1  25.7 0.03490 0.03486 1.21000    942        778.5 0.0326
5  1  25.7 0.03510 0.03506 1.21000    874        722.3 0.0338
5  1  25.7 0.03530 0.03525 1.21000    896        740.5 0.0334
5  1  25.7 0.03550 0.03555 1.21000    802        662.8 0.0353
5  1  25.7 0.03570 0.03574 1.21000    788        651.2 0.0356
5  1  25.7 0.03590 0.03594 1.21000    750        619.8 0.0365
5  1  25.7 0.03610 0.03613 1.21000    760        628.1 0.0363
5  1  25.7 0.03630 0.03633 1.21000    722        596.7 0.0372
5  1  25.7 0.03650 0.03652 1.21000    686        566.9 0.0382
5  1  25.7 0.03670 0.03672 1.21000    658        543.8 0.0390
5  1  25.7 0.03690 0.03691 1.21000    658        543.8 0.0390
5  1  25.7 0.03710 0.03711 1.21000    590        487.6 0.0412
5  1  25.7 0.03730 0.03730 1.21000    598        494.2 0.0409
5  1  25.7 0.03750 0.03750 1.21000    592        489.3 0.0411
5  1  25.7 0.03770 0.03770 1.21000    580        479.3 0.0415
5  1  25.7 0.03790 0.03789 1.21000    536        443.0 0.0432
5  1  25.7 0.03810 0.03809 1.21000    476        393.4 0.0458
5  1  25.7 0.03830 0.03828 1.21000    450        371.9 0.0471
5  1  25.7 0.03850 0.03848 1.21000    438        362.0 0.0478
5  1  25.7 0.03870 0.03867 1.21000    392        324.0 0.0505
5  1  25.7 0.03890 0.03887 1.21000    360        297.5 0.0527
5  1  25.7 0.03910 0.03906 1.21000    376        310.7 0.0516
5  1  25.7 0.03930 0.03926 1.21000    364        300.8 0.0524
5  1  25.7 0.03950 0.03945 1.21000    334        276.0 0.0547
5  1  25.7 0.03970 0.03975 1.21000    344        284.3 0.0539
5  1  25.7 0.03990 0.03994 1.21000    272        224.8 0.0606
5  2  25.7 0.00010 0.00010 1.21000     16         13.2 0.2500
5  2  25.7 0.00030 0.00029 1.21000     16         13.2 0.2500
5  2  25.7 0.00050 0.00049 1.21000     16         13.2 0.2500
5  2  25.7 0.00070 0.00068 1.21000     20         16.5 0.2236
5  2  25.7 0.00090 0.00088 1.21000     20         16.5 0.2236
5  2  25.7 0.00110 0.00107 1.21000     26         21.5 0.1961
5  2  25.7 0.00130 0.00127 1.21000     34         28.1 0.1715
5  2  25.7 0.00150 0.00146 1.21000     36         29.8 0.1667
5  2  25.7 0.00170 0.00166 1.21000     82         67.8 0.1104
5  2  25.7 0.00190 0.00186 1.21000    240        198.3 0.0645
5  2  25.7 0.00210 0.00215 1.21000    890        735.5 0.0335
5  2  25.7 0.00230 0.00234 1.21000   2518       2081.0 0.0199
5  2  25.7 0.00250 0.00254 1.21000   6350       5247.9 0.0125
5  2  25.8 0.00270 0.00273 1.21000  15510      12818.2 0.0080
5  2  25.8 0.00290 0.00293 1.21000  36320      30016.5 0.0052
5  2  25.8 0.00310 0.00313 1.21000  76458      63188.4 0.0036
5  2  25.8 0.00330 0.00332 0.44311  72586     163808.9 0.0037
5  2  25.8 0.00350 0.00352 0.21806  72978     334664.0 0.0037
5  2  25.8 0.00370 0.00371 0.11979  74978     625924.1 0.0037
5  2  25.8 0.00390 0.00391 0.06580  75998    1154943.6 0.0036
5  2  25.8 0.00410 0.00410 0.04139  71718    1732850.7 0.0037
5  2  25.8 0.00430 0.00430 0.02966  71978    2426621.7 0.0037
5  2  25.8 0.00450 0.00449 0.02387  72326    3029383.9 0.0037
5  2  25.8 0.00470 0.00469 0.02061  71980    3491747.0 0.0037
5  2  25.8 0.00490 0.00488 0.02061  79586    3860713.7 0.0035
5  2  25.8 0.00510 0.00508 0.01748  72044    4121595.0 0.0037
5  2  25.8 0.00530 0.00527 0.01748  74858    4282582.3 0.0037
5  2  25.8 0.00550 0.00547 0.01748  76846    4396314.6 0.0036
5  2  25.8 0.00570 0.00566 0.01748  78120    4469199.4 0.0036
5  2  25.8 0.00590 0.00586 0.01748  78912    4514509.2 0.0036
5  2  25.8 0.00610 0.00605 0.01748  79440    4544715.8 0.0035
5  2  25.8 0.00630 0.00635 0.01748  79912    4571718.6 0.0035
5  2  25.8 0.00650 0.00654 0.01572  71824    4568989.6 0.0037
5  2  25.8 0.00670 0.00674 0.01572  71872    4572043.1 0.0037
5  2  25.8 0.00690 0.00693 0.01572  71816    4568480.7 0.0037
5  2  25.8 0.00710 0.00713 0.01572  71622    4556139.7 0.0037
5  2  25.8 0.00730 0.00732 0.01572  71336    4537946.1 0.0037
5  2  25.8 0.00750 0.00752 0.01572  70834    4506012.1 0.0038
5  2  25.8 0.00770 0.00771 0.01572  70072    4457538.4 0.0038
5  2  25.8 0.00790 0.00791 0.01572  69002    4389471.8 0.0038
5  2  25.8 0.00810 0.00811 0.01572  67256    4278402.3 0.0039
5  2  25.8 0.00830 0.00830 0.01572  64480    4101810.7 0.0039
5  2  25.8 0.00850 0.00850 0.01572  60478    3847228.7 0.0041
5  2  25.8 0.00870 0.00869 0.01572  54336    3456513.4 0.0043
5  2  25.8 0.00890 0.00889 0.01572  47262    3006510.2 0.0046
5  2  25.8 0.00910 0.00908 0.01572  39130    2489203.7 0.0051
5  2  25.8 0.00930 0.00928 0.01572  31786    2022024.7 0.0056
5  2  25.8 0.00950 0.00947 0.01572  26376    1677874.7 0.0062
5  2  25.8 0.00970 0.00967 0.01572  22608    1438178.3 0.0067
5  2  25.8 0.00990 0.00986 0.01572  20128    1280416.3 0.0070
5  2  25.8 0.01010 0.01006 0.01572  19124    1216548.2 0.0072
5  2  25.8 0.01030 0.01025 0.01572  18434    1172654.7 0.0074
5  2  25.8 0.01050 0.01055 0.01572  17780    1131051.4 0.0075
5  2  25.8 0.01070 0.01074 0.01572  18060    1148863.2 0.0074
5  2  25.8 0.01090 0.01094 0.01572  17910    1139321.2 0.0075
5  2  25.8 0.01110 0.01113 0.01572  17710    1126598.4 0.0075
5  2  25.8 0.01130 0.01133 0.01572  17946    1141611.3 0.0075
5  2  25.8 0.01150 0.01152 0.01572  17762    1129906.3 0.0075
5  2  25.8 0.01170 0.01172 0.01572  17910    1139321.2 0.0075
5  2  25.8 0.01190 0.01191 0.01572  17854    1135758.8 0.0075
5  2  25.8 0.01210 0.01211 0.01572  17750    1129143.0 0.0075
5  2  25.8 0.01230 0.01230 0.01572  17880    1137412.8 0.0075
5  2  25.8 0.01250 0.01250 0.01572  17622    1121000.4 0.0075
5  2  25.8 0.01270 0.01270 0.01572  17730    1127870.7 0.0075
5  2  25.8 0.01290 0.01289 0.01572  17850    1135504.4 0.0075
5  2  25.8 0.01310 0.01309 0.01572  17810    1132959.8 0.0075
5  2  25.8 0.01330 0.01328 0.01572  17336    1102806.9 0.0076
5  2  25.8 0.01350 0.01348 0.01572  17584    1118583.1 0.0075
5  2  25.8 0.01370 0.01367 0.01572  17454    1110313.3 0.0076
5  2  25.8 0.01390 0.01387 0.01572  16756    1065911.0 0.0077
5  2  25.8 0.01410 0.01406 0.01572  16488    1048862.5 0.0078
5  2  25.8 0.01430 0.01426 0.01572  15762    1002679.0 0.0080
5  2  25.8 0.01450 0.01445 0.01572  14644     931558.9 0.0083
5  2  25.8 0.01470 0.01475 0.01572  12606     801914.2 0.0089
5  2  25.8 0.01490 0.01494 0.01572  10896     693134.8 0.0096
5  2  25.8 0.01510 0.01514 0.01572   9514     605220.6 0.0103
5  2  25.8 0.01530 0.01533 0.01572   7908     503057.1 0.0112
5  2  25.8 0.01550 0.01553 0.01572   6930     440842.9 0.0120
5  2  25.8 0.01570 0.01572 0.01572   5728     364379.2 0.0132
5  2  25.8 0.01590 0.01592 0.01572   4704     299238.8 0.0146
5  2  25.8 0.01610 0.01611 0.01572   3958     251783.0 0.0159
5  2  25.8 0.01630 0.01631 0.01572   3426     217940.5 0.0171
5  2  25.8 0.01650 0.01650 0.01572   3018     191986.1 0.0182
5  2  25.8 0.01670 0.01670 0.01572   2772     176337.1 0.0190
5  2  25.8 0.01690 0.01689 0.01572   2508     159543.1 0.0200
5  2  25.8 0.01710 0.01709 0.01572   2312     147074.8 0.0208
5  2  25.8 0.01730 0.01729 0.01572   2294     145929.8 0.0209
5  2  25.8 0.01750 0.01748 0.01579   2246     142233.3 0.0211
5  2  25.8 0.01770 0.01768 0.01588   2252     141843.1 0.0211
5  2  25.8 0.01790 0.01787 0.01624   2278     140252.1 0.0210
5  2  25.8 0.01810 0.01807 0.01624   2238     137789.4 0.0211
5  2  25.8 0.01830 0.01826 0.01736   2324     133900.4 0.0207
5  2  25.8 0.01850 0.01846 0.01831   2350     128329.9 0.0206
5  2  25.8 0.01870 0.01865 0.01831   2304     125817.9 0.0208
5  2  25.8 0.01890 0.01895 0.01831   2224     121449.2 0.0212
5  2  25.8 0.01910 0.01914 0.01903   2272     119380.1 0.0210
5  2  25.8 0.01930 0.01934 0.01903   2226     116963.1 0.0212
5  2  25.8 0.01950 0.01953 0.02016   2312     114702.5 0.0208
5  2  25.8 0.01970 0.01973 0.02141   2360     110233.8 0.0206
5  2  25.8 0.01990 0.01992 0.02141   2238     104535.2 0.0211
5  2  25.8 0.02010 0.02012 0.02168   2294     105800.7 0.0209
5  2  25.8 0.02030 0.02031 0.02281   2246      98458.9 0.0211
5  2  25.8 0.02050 0.02051 0.02281   2270      99511.0 0.0210
5  2  25.8 0.02070 0.02070 0.02402   2316      96410.0 0.0208
5  2  25.8 0.02090 0.02090 0.02402   2302      95827.2 0.0208
5  2  25.8 0.02110 0.02109 0.02602   2358      90620.7 0.0206
5  2  25.8 0.02130 0.02129 0.02602   2234      85855.2 0.0212
5  2  25.8 0.02150 0.02148 0.02886   2242      77686.4 0.0211
5  2  25.8 0.02170 0.02168 0.03025   2256      74583.1 0.0211
5  2  25.8 0.02190 0.02188 0.03294   2262      68677.3 0.0210
5  2  25.8 0.02210 0.02207 0.03485   2248      64504.8 0.0211
5  2  25.8 0.02230 0.02227 0.04037   2420      59939.9 0.0203
5  2  25.8 0.02250 0.02246 0.04368   2314      52981.0 0.0208
5  2  25.8 0.02270 0.02266 0.04825   2260      46839.5 0.0210
5  2  25.8 0.02290 0.02285 0.05576   2300      41249.7 0.0209
5  2  25.8 0.02310 0.02314 0.06862   2250      32791.1 0.0211
5  2  25.8 0.02330 0.02334 0.08127   2320      28546.4 0.0208
5  2  25.8 0.02350 0.02354 0.09213   2338      25375.8 0.0207
5  2  25.8 0.02370 0.02373 0.10590   2320      21908.3 0.0208
5  2  25.8 0.02390 0.02393 0.11378   2246      19739.6 0.0211
5  2  25.8 0.02410 0.02412 0.13251   2240      16904.8 0.0211
5  2  25.8 0.02430 0.02432 0.14825   2242      15122.8 0.0211
5  2  25.8 0.02450 0.02451 0.15642   2224      14218.3 0.0212
5  2  25.8 0.02470 0.02471 0.17484   2312      13223.6 0.0208
5  2  25.8 0.02490 0.02490 0.17484   2226      12731.7 0.0212
5  2  25.8 0.02510 0.02510 0.18653   2234      11976.5 0.0212
5  2  25.8 0.02530 0.02529 0.19350   2260      11679.7 0.0210
5  2  25.8 0.02550 0.02549 0.20329   2298      11304.0 0.0209
5  2  25.8 0.02570 0.02568 0.20329   2266      11146.6 0.0210
5  2  25.8 0.02590 0.02588 0.21551   2292      10635.2 0.0209
5  2  25.8 0.02610 0.02607 0.21629   2318      10717.1 0.0208
5  2  25.8 0.02630 0.02627 0.23061   2238       9704.6 0.0211
5  2  25.8 0.02650 0.02646 0.23061   2232       9678.6 0.0212
5  2  25.8 0.02670 0.02666 0.24602   2318       9421.9 0.0208
5  2  25.8 0.02690 0.02686 0.24602   2248       9137.4 0.0211
5  2  25.8 0.02710 0.02715 0.26403   2280       8635.3 0.0209
5  2  25.8 0.02730 0.02734 0.28579   2324       8131.7 0.0207
5  2  25.8 0.02750 0.02754 0.28579   2274       7956.8 0.0210
5  2  25.8 0.02770 0.02773 0.30133   2272       7540.0 0.0210
5  2  25.8 0.02790 0.02793 0.30910   2286       7395.7 0.0209
5  2  25.8 0.02810 0.02813 0.32094   2276       7091.6 0.0210
5  2  25.8 0.02830 0.02832 0.34060   2258       6629.4 0.0210
5  2  25.8 0.02850 0.02852 0.34713   2230       6424.1 0.0212
5  2  25.8 0.02870 0.02871 0.35942   2224       6187.7 0.0212
5  2  25.8 0.02890 0.02891 0.38322   2294       5986.1 0.0209
5  2  25.9 0.02910 0.02910 0.40821   2292       5614.8 0.0209
5  2  25.9 0.02930 0.02930 0.43414   2374       5468.3 0.0205
5  2  25.9 0.02950 0.02949 0.46512   2270       4880.4 0.0210
5  2  25.9 0.02970 0.02969 0.48842   2280       4668.1 0.0209
5  2  25.9 0.02990 0.02988 0.53403   2304       4314.4 0.0208
5  2  25.9 0.03010 0.03008 0.58572   2340       3995.1 0.0207
5  2  25.9 0.03030 0.03027 0.62691   2330       3716.6 0.0207
5  2  25.9 0.03050 0.03047 0.71804   2296       3197.6 0.0209
5  2  25.9 0.03070 0.03066 0.80765   2364       2927.0 0.0206
5  2  25.9 0.03090 0.03086 0.89804   2380       2650.2 0.0205
5  2  25.9 0.03110 0.03105 0.99310   2390       2406.6 0.0205
5  2  25.9 0.03130 0.03135 1.12241   2248       2002.8 0.0211
5  2  25.9 0.03150 0.03154 1.21000   2022       1671.1 0.0222
5  2  25.9 0.03170 0.03174 1.21000   1834       1515.7 0.0234
5  2  25.9 0.03190 0.03193 1.21000   1686       1393.4 0.0244
5  2  25.9 0.03210 0.03213 1.21000   1546       1277.7 0.0254
5  2  25.9 0.03230 0.03232 1.21000   1490       1231.4 0.0259
5  2  25.9 0.03250 0.03252 1.21000   1304       1077.7 0.0277
5  2  25.9 0.03270 0.03271 1.21000   1274       1052.9 0.0280
5  2  25.9 0.03290 0.03291 1.21000   1260       1041.3 0.0282
5  2  25.9 0.03310 0.03311 1.21000   1202        993.4 0.0288
5  2  25.9 0.03330 0.03330 1.21000   1148        948.8 0.0295
5  2  25.9 0.03350 0.03350 1.21000   1146        947.1 0.0295
5  2  25.9 0.03370 0.03369 1.21000   1086        897.5 0.0303
5  2  25.9 0.03390 0.03389 1.21000   1022        844.6 0.0313
5  2  25.9 0.03410 0.03408 1.21000   1000        826.4 0.0316
5  2  25.9 0.03430 0.03428 1.21000    944        780.2 0.0325
5  2  25.9 0.03450 0.03447 1.21000    904        747.1 0.0333
5  2  25.9 0.03470 0.03467 1.21000    934        771.9 0.0327
5  2  25.9 0.03490 0.03486 1.21000    846        699.2 0.0344
5  2  25.9 0.03510 0.03506 1.21000    838        692.6 0.0345
5  2  25.9 0.03530 0.03525 1.21000    844        697.5 0.0344
5  2  25.9 0.03550 0.03555 1.21000    760        628.1 0.0363
5  2  25.9 0.03570 0.03574 1.21000    754        623.1 0.0364
5  2  25.9 0.03590 0.03594 1.21000    780        644.6 0.0358
5  2  25.9 0.03610 0.03613 1.21000    708        585.1 0.0376
5  2  25.9 0.03630 0.03633 1.21000    632        522.3 0.0398
5  2  25.9 0.03650 0.03652 1.21000    622        514.0 0.0401
5  2  25.9 0.03670 0.03672 1.21000    634        524.0 0.0397
5  2  25.9 0.03690 0.03691 1.21000    582        481.0 0.0415
5  2  25.9 0.03710 0.03711 1.21000    580        479.3 0.0415
5  2  25.9 0.03730 0.03730 1.21000    558        461.2 0.0423
5  2  25.9 0.03750 0.03750 1.21000    512        423.1 0.0442
5  2  25.9 0.03770 0.03770 1.21000    516        426.4 0.0440
5  2  25.9 0.03790 0.03789 1.21000    438        362.0 0.0478
5  2  25.9 0.03810 0.03809 1.21000    462        381.8 0.0465
5  2  25.9 0.03830 0.03828 1.21000    414        342.1 0.0491
5  2  25.9 0.03850 0.03848 1.21000    418        345.5 0.0489
5  2  25.9 0.03870 0.03867 1.21000    368        304.1 0.0521
5  2  25.9 0.03890 0.03887 1.21000    376        310.7 0.0516
5  2  25.9 0.03910 0.03906 1.21000    324        267.8 0.0556
5  2  25.9 0.03930 0.03926 1.21000    298        246.3 0.0579
5  2  25.9 0.03950 0.03945 1.21000    322        266.1 0.0557
5  2  25.9 0.03970 0.03975 1.21000    296        244.6 0.0581
5  2  25.9 0.03990 0.03994 1.21000    254        209.9 0.0627
5  3  25.9 0.00010 0.00010 1.21000     22         18.2 0.2132
5  3  25.9 0.00030 0.00029 1.21000     14         11.6 0.2673
5  3  25.9 0.00050 0.00049 1.21000     22         18.2 0.2132
5  3  25.9 0.00070 0.00068 1.21000     26         21.5 0.1961
5  3  25.9 0.00090 0.00088 1.21000     20         16.5 0.2236
5  3  25.9 0.00110 0.00107 1.21000     40         33.1 0.1581
5  3  25.9 0.00130 0.00127 1.21000     42         34.7 0.1543
5  3  25.9 0.00150 0.00146 1.21000     54         44.6 0.1361
5  3  25.9 0.00170 0.00166 1.21000    104         86.0 0.0981
5  3  25.9 0.00190 0.00186 1.21000    192        158.7 0.0722
5  3  25.9 0.00210 0.00215 1.21000    872        720.7 0.0339
5  3  25.9 0.00230 0.00234 1.21000   2468       2039.7 0.0201
5  3  25.9 0.00250 0.00254 1.21000   5992       4952.1 0.0129
5  3  25.9 0.00270 0.00273 1.21000  15236      12591.7 0.0081
5  3  25.9 0.00290 0.00293 1.21000  34702      28679.3 0.0054
5  3  25.9 0.00310 0.00313 1.21000  73122      60431.4 0.0037
5  3  25.9 0.00330 0.00332 0.45838  71488     155956.4 0.0037
5  3  25.9 0.00350 0.00352 0.22095  71844     325161.1 0.0037
5  3  25.9 0.00370 0.00371 0.12137  74198     611323.6 0.0037
5  3  25.9 0.00390 0.00391 0.06667  71916    1078636.9 0.0037
5  3  25.9 0.00410 0.00410 0.04220  71784    1701237.8 0.0037
5  3  25.9 0.00430 0.00430 0.03021  72246    2391259.3 0.0037
5  3  25.9 0.00450 0.00449 0.02392  72486    3030326.7 0.0037
5  3  25.9 0.00470 0.00469 0.02066  71848    3477397.8 0.0037
5  3  25.9 0.00490 0.00488 0.02066  79432    3844458.6 0.0035
5  3  25.9 0.00510 0.00508 0.01756  71992    4098970.9 0.0037
5  3  25.9 0.00530 0.00527 0.01756  74804    4259076.3 0.0037
5  3  25.9 0.00550 0.00547 0.01756  76850    4375568.4 0.0036
5  3  25.9 0.00570 0.00566 0.01756  78050    4443892.1 0.0036
5  3  25.9 0.00590 0.00586 0.01756  78824    4487961.0 0.0036
5  3  25.9 0.00610 0.00605 0.01756  79388    4520073.1 0.0035
5  3  25.9 0.00630 0.00635 0.01756  79870    4547516.5 0.0035
5  3  25.9 0.00650 0.00654 0.01580  71802    4544549.9 0.0037
5  3  25.9 0.00670 0.00674 0.01580  71868    4548727.2 0.0037
5  3  25.9 0.00690 0.00693 0.01580  71810    4545056.2 0.0037
5  3  25.9 0.00710 0.00713 0.01580  71628    4533536.9 0.0037
5  3  25.9 0.00730 0.00732 0.01580  71324    4514295.9 0.0037
5  3  25.9 0.00750 0.00752 0.01580  70824    4482649.5 0.0038
5  3  25.9 0.00770 0.00771 0.01580  70092    4436319.2 0.0038
5  3  25.9 0.00790 0.00791 0.01580  68996    4366950.3 0.0038
5  3  25.9 0.00810 0.00811 0.01580  67412    4266694.5 0.0039
5  3  26.0 0.00830 0.00830 0.01580  64782    4100234.4 0.0039
5  3  26.0 0.00850 0.00850 0.01580  61080    3865924.4 0.0040
5  3  26.0 0.00870 0.00869 0.01580  55238    3496167.9 0.0043
5  3  26.0 0.00890 0.00889 0.01580  48044    3040839.4 0.0046
5  3  26.0 0.00910 0.00908 0.01580  40024    2533231.2 0.0050
5  3  26.0 0.00930 0.00928 0.01580  32758    2073345.7 0.0055
5  3  26.0 0.00950 0.00947 0.01580  27518    1741691.4 0.0060
5  3  26.0 0.00970 0.00967 0.01580  23584    1492697.5 0.0065
5  3  26.0 0.00990 0.00986 0.01580  21026    1330794.5 0.0069
5  3  26.0 0.01010 0.01006 0.01580  19630    1242437.7 0.0071
5  3  26.0 0.01030 0.01025 0.01580  19102    1209019.1 0.0072
5  3  26.0 0.01050 0.01055 0.01580  18678    1182183.0 0.0073
5  3  26.0 0.01070 0.01074 0.01580  18784    1188892.0 0.0073
5  3  26.0 0.01090 0.01094 0.01580  18586    1176360.0 0.0073
5  3  26.0 0.01110 0.01113 0.01580  18718    1184714.7 0.0073
5  3  26.0 0.01130 0.01133 0.01580  18424    1166106.6 0.0074
5  3  26.0 0.01150 0.01152 0.01580  18364    1162309.0 0.0074
5  3  26.0 0.01170 0.01172 0.01580  18546    1173828.3 0.0073
5  3  26.0 0.01190 0.01191 0.01580  18582    1176106.9 0.0073
5  3  26.0 0.01210 0.01211 0.01580  18500    1170916.9 0.0074
5  3  26.0 0.01230 0.01230 0.01580  18574    1175600.5 0.0073
5  3  26.0 0.01250 0.01250 0.01580  18534    1173068.8 0.0073
5  3  26.0 0.01270 0.01270 0.01580  18580    1175980.3 0.0073
5  3  26.0 0.01290 0.01289 0.01580  18560    1174714.4 0.0073
5  3  26.0 0.01310 0.01309 0.01580  18380    1163321.7 0.0074
5  3  26.0 0.01330 0.01328 0.01580  18258    1155600.0 0.0074
5  3  26.0 0.01350 0.01348 0.01580  18234    1154081.0 0.0074
5  3  26.0 0.01370 0.01367 0.01580  18050    1142435.1 0.0074
5  3  26.0 0.01390 0.01387 0.01580  17668    1118257.3 0.0075
5  3  26.0 0.01410 0.01406 0.01580  17306    1095345.3 0.0076
5  3  26.0 0.01430 0.01426 0.01580  16560    1048128.8 0.0078
5  3  26.0 0.01450 0.01445 0.01580  15660     991165.3 0.0080
5  3  26.0 0.01470 0.01475 0.01580  13936     882048.5 0.0085
5  3  26.0 0.01490 0.01494 0.01580  12142     768501.2 0.0091
5  3  26.0 0.01510 0.01514 0.01580  10644     673688.6 0.0097
5  3  26.0 0.01530 0.01533 0.01580   9174     580648.2 0.0104
5  3  26.0 0.01550 0.01553 0.01580   7698     487228.0 0.0114
5  3  26.0 0.01570 0.01572 0.01580   6452     408365.2 0.0124
5  3  26.0 0.01590 0.01592 0.01580   5500     348110.4 0.0135
5  3  26.0 0.01610 0.01611 0.01580   4510     285450.5 0.0149
5  3  26.0 0.01630 0.01631 0.01580   3880     245576.1 0.0161
5  3  26.0 0.01650 0.01650 0.01580   3272     207094.1 0.0175
5  3  26.0 0.01670 0.01670 0.01580   2946     186460.6 0.0184
5  3  26.0 0.01690 0.01689 0.01580   2770     175321.1 0.0190
5  3  26.0 0.01710 0.01709 0.01580   2596     164308.1 0.0196
5  3  26.0 0.01730 0.01729 0.01580   2512     158991.5 0.0200
5  3  26.0 0.01750 0.01748 0.01580   2422     153295.2 0.0203
5  3  26.0 0.01770 0.01768 0.01580   2300     145573.4 0.0209
5  3  26.0 0.01790 0.01787 0.01580   2240     141775.9 0.0211
5  3  26.0 0.01810 0.01807 0.01580   2270     143674.7 0.0210
5  3  26.0 0.01830 0.01826 0.01612   2230     138348.0 0.0212
5  3  26.0 0.01850 0.01846 0.01661   2322     139776.8 0.0208
5  3  26.0 0.01870 0.01865 0.01661   2238     134720.3 0.0211
5  3  26.0 0.01890 0.01895 0.01726   2246     130090.7 0.0211
5  3  26.0 0.01910 0.01914 0.01816   2318     127614.4 0.0208
5  3  26.0 0.01930 0.01934 0.01816   2240     123320.2 0.0211
5  3  26.0 0.01950 0.01953 0.01902   2378     125025.8 0.0205
5  3  26.0 0.01970 0.01973 0.01902   2224     116929.1 0.0212
5  3  26.0 0.01990 0.01992 0.01928   2272     117841.3 0.0210
5  3  26.0 0.02010 0.02012 0.02042   2296     112440.4 0.0209
5  3  26.0 0.02030 0.02031 0.02042   2232     109306.2 0.0212
5  3  26.0 0.02050 0.02051 0.02112   2270     107494.6 0.0210
5  3  26.0 0.02070 0.02070 0.02156   2244     104063.5 0.0211
5  3  26.0 0.02090 0.02090 0.02250   2232      99221.4 0.0212
5  3  26.0 0.02110 0.02109 0.02372   2238      94352.4 0.0211
5  3  26.0 0.02130 0.02129 0.02524   2264      89692.4 0.0210
5  3  26.0 0.02150 0.02148 0.02635   2372      90019.4 0.0205
5  3  26.0 0.02170 0.02168 0.02775   2250      81085.3 0.0211
5  3  26.0 0.02190 0.02188 0.02891   2248      77759.2 0.0211
5  3  26.0 0.02210 0.02207 0.03150   2278      72324.2 0.0210
5  3  26.0 0.02230 0.02227 0.03531   2364      66947.9 0.0206
5  3  26.0 0.02250 0.02246 0.03774   2238      59298.5 0.0211
5  3  26.0 0.02270 0.02266 0.04223   2396      56732.9 0.0204
5  3  26.0 0.02290 0.02285 0.04801   2334      48615.7 0.0207
5  3  26.0 0.02310 0.02314 0.06075   2380      39177.2 0.0205
5  3  26.0 0.02330 0.02334 0.06585   2238      33988.0 0.0211
5  3  26.0 0.02350 0.02354 0.07767   2338      30103.2 0.0207
5  3  26.0 0.02370 0.02373 0.08617   2240      25993.7 0.0211
5  3  26.0 0.02390 0.02393 0.10272   2310      22489.0 0.0208
5  3  26.0 0.02410 0.02412 0.11321   2266      20015.4 0.0210
5  3  26.0 0.02430 0.02432 0.12588   2306      18319.0 0.0208
5  3  26.0 0.02450 0.02451 0.14227   2340      16447.4 0.0207
5  3  26.0 0.02470 0.02471 0.15527   2302      14825.9 0.0208
5  3  26.0 0.02490 0.02490 0.16017   2360      14734.3 0.0206
5  3  26.0 0.02510 0.02510 0.17075   2288      13399.4 0.0209
5  3  26.0 0.02530 0.02529 0.18329   2302      12559.2 0.0208
5  3  26.0 0.02550 0.02549 0.18596   2286      12292.7 0.0209
5  3  26.0 0.02570 0.02568 0.19577   2298      11738.6 0.0209
5  3  26.0 0.02590 0.02588 0.19881   2232      11227.0 0.0212
5  3  26.0 0.02610 0.02607 0.20245   2264      11182.9 0.0210
5  3  26.0 0.02630 0.02627 0.21738   2316      10653.9 0.0208
5  3  26.0 0.02650 0.02646 0.21738   2256      10377.9 0.0211
5  3  26.0 0.02670 0.02666 0.21738   2232      10267.5 0.0212
5  3  26.0 0.02690 0.02686 0.23888   2366       9904.4 0.0206
5  3  26.0 0.02710 0.02715 0.24302   2258       9291.3 0.0210
5  3  26.0 0.02730 0.02734 0.24793   2242       9042.8 0.0211
5  3  26.0 0.02750 0.02754 0.25962   2236       8612.7 0.0211
5  3  26.0 0.02770 0.02773 0.27032   2288       8464.0 0.0209
5  3  26.0 0.02790 0.02793 0.28226   2244       7950.1 0.0211
5  3  26.0 0.02810 0.02813 0.29090   2262       7775.8 0.0210
5  3  26.0 0.02830 0.02832 0.31396   2242       7141.0 0.0211
5  3  26.0 0.02850 0.02852 0.31396   2236       7121.9 0.0211
5  3  26.0 0.02870 0.02871 0.32297   2290       7090.4 0.0209
5  3  26.0 0.02890 0.02891 0.35988   2374       6596.7 0.0205
5  3  26.0 0.02910 0.02910 0.35988   2232       6202.1 0.0212
5  3  26.0 0.02930 0.02930 0.39122   2260       5776.9 0.0210
5  3  26.0 0.02950 0.02949 0.39122   2226       5690.0 0.0212
5  3  26.0 0.02970 0.02969 0.44664   2284       5113.8 0.0209
5  3  26.0 0.02990 0.02988 0.46750   2294       4906.9 0.0209
5  3  26.0 0.03010 0.03008 0.49749   2300       4623.2 0.0209
5  3  26.0 0.03030 0.03027 0.53574   2240       4181.1 0.0211
5  3  26.0 0.03050 0.03047 0.58037   2248       3873.4 0.0211
5  3  26.0 0.03070 0.03066 0.63939   2228       3484.6 0.0212
5  3  26.0 0.03090 0.03086 0.72707   2296       3157.9 0.0209
5  3  26.0 0.03110 0.03105 0.80978   2362       2916.8 0.0206
5  3  26.0 0.03130 0.03135 0.97856   2238       2287.0 0.0211
5  3  26.0 0.03150 0.03154 1.05856   2252       2127.4 0.0211
5  3  26.0 0.03170 0.03174 1.18887   2284       1921.2 0.0209
5  3  26.0 0.03190 0.03193 1.21000   2122       1753.7 0.0217
5  3  26.0 0.03210 0.03213 1.21000   1942       1605.0 0.0227
5  3  26.0 0.03230 0.03232 1.21000   1690       1396.7 0.0243
5  3  26.1 0.03250 0.03252 1.21000   1532       1266.1 0.0255
5  3  26.1 0.03270 0.03271 1.21000   1452       1200.0 0.0262
5  3  26.1 0.03290 0.03291 1.21000   1406       1162.0 0.0267
5  3  26.0 0.03310 0.03311 1.21000   1332       1100.8 0.0274
5  3  26.0 0.03330 0.03330 1.21000   1290       1066.1 0.0278
5  3  26.1 0.03350 0.03350 1.21000   1240       1024.8 0.0284
5  3  26.1 0.03370 0.03369 1.21000   1150        950.4 0.0295
5  3  26.1 0.03390 0.03389 1.21000   1124        928.9 0.0298
5  3  26.1 0.03410 0.03408 1.21000   1136        938.8 0.0297
5  3  26.1 0.03430 0.03428 1.21000   1090        900.8 0.0303
5  3  26.1 0.03450 0.03447 1.21000   1068        882.6 0.0306
5  3  26.1 0.03470 0.03467 1.21000   1006        831.4 0.0315
5  3  26.1 0.03490 0.03486 1.21000   1028        849.6 0.0312
5  3  26.1 0.03510 0.03506 1.21000    926        765.3 0.0329
5  3  26.1 0.03530 0.03525 1.21000    972        803.3 0.0321
5  3  26.1 0.03550 0.03555 1.21000    916        757.0 0.0330
5  3  26.1 0.03570 0.03574 1.21000    836        690.9 0.0346
5  3  26.1 0.03590 0.03594 1.21000    814        672.7 0.0350
5  3  26.1 0.03610 0.03613 1.21000    794        656.2 0.0355
5  3  26.1 0.03630 0.03633 1.21000    756        624.8 0.0364
5  3  26.1 0.03650 0.03652 1.21000    766        633.1 0.0361
5  3  26.1 0.03670 0.03672 1.21000    736        608.3 0.0369
5  3  26.1 0.03690 0.03691 1.21000    678        560.3 0.0384
5  3  26.1 0.03710 0.03711 1.21000    726        600.0 0.0371
5  3  26.1 0.03730 0.03730 1.21000    594        490.9 0.0410
5  3  26.1 0.03750 0.03750 1.21000    602        497.5 0.0408
5  3  26.1 0.03770 0.03770 1.21000    564        466.1 0.0421
5  3  26.1 0.03790 0.03789 1.21000    582        481.0 0.0415
5  3  26.1 0.03810 0.03809 1.21000    516        426.4 0.0440
5  3  26.1 0.03830 0.03828 1.21000    510        421.5 0.0443
5  3  26.1 0.03850 0.03848 1.21000    460        380.2 0.0466
5  3  26.1 0.03870 0.03867 1.21000    470        388.4 0.0461
5  3  26.1 0.03890 0.03887 1.21000    428        353.7 0.0483
5  3  26.1 0.03910 0.03906 1.21000    406        335.5 0.0496
5  3  26.1 0.03930 0.03926 1.21000    376        310.7 0.0516
5  3  26.1 0.03950 0.03945 1.21000    368        304.1 0.0521
5  3  26.1 0.03970 0.03975 1.21000    330        272.7 0.0550
5  3  26.1 0.03990 0.03994 1.21000    338        279.3 0.0544
