# Scan Time    : Fri, 18 Mar 2022 09:05:42 +0000 (GMT) +305746000 nsec
# Board Lane   : 6
# Board Loc    : BTOF - Southwest
# SiPM Biases  :  56.668  56.852  56.746  56.704
# SiPM Currents:   1.012   1.232   1.029   1.067
#
3 -1  26.2 0.00010 0.00010 1.21000     62         51.2 0.1270
3 -1  26.2 0.00030 0.00029 1.21000     80         66.1 0.1118
3 -1  26.2 0.00050 0.00049 1.21000     72         59.5 0.1179
3 -1  26.2 0.00070 0.00068 1.21000     70         57.9 0.1195
3 -1  26.2 0.00090 0.00088 1.21000     90         74.4 0.1054
3 -1  26.2 0.00110 0.00107 1.21000     92         76.0 0.1043
3 -1  26.2 0.00130 0.00127 1.21000     68         56.2 0.1213
3 -1  26.2 0.00150 0.00146 1.21000    118         97.5 0.0921
3 -1  26.2 0.00170 0.00166 1.21000    100         82.6 0.1000
3 -1  26.2 0.00190 0.00186 1.21000    112         92.6 0.0945
3 -1  26.2 0.00210 0.00215 1.21000    126        104.1 0.0891
3 -1  26.2 0.00230 0.00234 1.21000    152        125.6 0.0811
3 -1  26.2 0.00250 0.00254 1.21000    242        200.0 0.0643
3 -1  26.2 0.00270 0.00273 1.21000    442        365.3 0.0476
3 -1  26.2 0.00290 0.00293 1.21000    868        717.4 0.0339
3 -1  26.2 0.00310 0.00313 1.21000   2060       1702.5 0.0220
3 -1  26.2 0.00330 0.00332 1.21000   4796       3963.6 0.0144
3 -1  26.2 0.00350 0.00352 1.21000  10706       8847.9 0.0097
3 -1  26.2 0.00370 0.00371 1.21000  25212      20836.4 0.0063
3 -1  26.2 0.00390 0.00391 1.21000  55370      45760.3 0.0042
3 -1  26.2 0.00410 0.00410 0.72645  73482     101152.5 0.0037
3 -1  26.2 0.00430 0.00430 0.35167  72676     206660.5 0.0037
3 -1  26.2 0.00450 0.00449 0.19318  78442     406056.0 0.0036
3 -1  26.2 0.00470 0.00469 0.08877  72128     812552.6 0.0037
3 -1  26.2 0.00490 0.00488 0.05038  72520    1439589.5 0.0037
3 -1  26.2 0.00510 0.00508 0.03043  72046    2367424.8 0.0037
3 -1  26.2 0.00530 0.00527 0.01970  71896    3649662.3 0.0037
3 -1  26.2 0.00550 0.00547 0.01374  71922    5232668.7 0.0037
3 -1  26.2 0.00570 0.00566 0.01049  71380    6807177.9 0.0037
3 -1  26.2 0.00590 0.00586 0.00864  72266    8365723.6 0.0037
3 -1  26.2 0.00610 0.00605 0.00744  71052    9551270.4 0.0038
3 -1  26.2 0.00630 0.00635 0.00659  72170   10945514.6 0.0037
3 -1  26.2 0.00650 0.00654 0.00659  76670   11627997.9 0.0036
3 -1  26.2 0.00670 0.00674 0.00593  72016   12136338.5 0.0037
3 -1  26.2 0.00690 0.00693 0.00593  74168   12498999.6 0.0037
3 -1  26.2 0.00710 0.00713 0.00593  75906   12791892.2 0.0036
3 -1  26.2 0.00730 0.00732 0.00593  77040   12982997.1 0.0036
3 -1  26.2 0.00750 0.00752 0.00593  77942   13135004.7 0.0036
3 -1  26.2 0.00770 0.00771 0.00593  78388   13210165.8 0.0036
3 -1  26.2 0.00790 0.00791 0.00593  78592   13244544.5 0.0036
3 -1  26.2 0.00810 0.00811 0.00593  78506   13230051.5 0.0036
3 -1  26.2 0.00830 0.00830 0.00593  77938   13134330.6 0.0036
3 -1  26.2 0.00850 0.00850 0.00593  76994   12975245.0 0.0036
3 -1  26.2 0.00870 0.00869 0.00593  75504   12724146.1 0.0036
3 -1  26.1 0.00890 0.00889 0.00593  73354   12361822.0 0.0037
3 -1  26.1 0.00910 0.00908 0.00593  69940   11786485.2 0.0038
3 -1  26.1 0.00930 0.00928 0.00593  65842   11095878.7 0.0039
3 -1  26.1 0.00950 0.00947 0.00593  60444   10186192.6 0.0041
3 -1  26.1 0.00970 0.00967 0.00593  54060    9110343.0 0.0043
3 -1  26.1 0.00990 0.00986 0.00593  46602    7853499.9 0.0046
3 -1  26.1 0.01010 0.01006 0.00593  39972    6736193.7 0.0050
3 -1  26.1 0.01030 0.01025 0.00593  34296    5779658.2 0.0054
3 -1  26.1 0.01050 0.01055 0.00593  28968    4881768.7 0.0059
3 -1  26.1 0.01070 0.01074 0.00593  26634    4488436.5 0.0061
3 -1  26.1 0.01090 0.01094 0.00593  25312    4265649.3 0.0063
3 -1  26.1 0.01110 0.01113 0.00593  24686    4160154.0 0.0064
3 -1  26.1 0.01130 0.01133 0.00593  24128    4066118.3 0.0064
3 -1  26.1 0.01150 0.01152 0.00593  24148    4069488.8 0.0064
3 -1  26.1 0.01170 0.01172 0.00593  23852    4019606.0 0.0065
3 -1  26.1 0.01190 0.01191 0.00593  23740    4000731.5 0.0065
3 -1  26.1 0.01210 0.01211 0.00593  23452    3952196.9 0.0065
3 -1  26.1 0.01230 0.01230 0.00593  23692    3992642.4 0.0065
3 -1  26.1 0.01250 0.01250 0.00593  23728    3998709.2 0.0065
3 -1  26.1 0.01270 0.01270 0.00593  23624    3981182.8 0.0065
3 -1  26.1 0.01290 0.01289 0.00593  23484    3957589.6 0.0065
3 -1  26.1 0.01310 0.01309 0.00593  23512    3962308.3 0.0065
3 -1  26.1 0.01330 0.01328 0.00593  23396    3942759.6 0.0065
3 -1  26.1 0.01350 0.01348 0.00593  23598    3976801.2 0.0065
3 -1  26.1 0.01370 0.01367 0.00593  23516    3962982.3 0.0065
3 -1  26.1 0.01390 0.01387 0.00593  23256    3919166.4 0.0066
3 -1  26.1 0.01410 0.01406 0.00593  23324    3930626.0 0.0065
3 -1  26.1 0.01430 0.01426 0.00593  23326    3930963.0 0.0065
3 -1  26.1 0.01450 0.01445 0.00593  23198    3909392.1 0.0066
3 -1  26.1 0.01470 0.01475 0.00593  22730    3830523.4 0.0066
3 -1  26.1 0.01490 0.01494 0.00593  22442    3781988.8 0.0067
3 -1  26.1 0.01510 0.01514 0.00593  21954    3699749.7 0.0067
3 -1  26.1 0.01530 0.01533 0.00593  21004    3539653.0 0.0069
3 -1  26.1 0.01550 0.01553 0.00593  19978    3366748.6 0.0071
3 -1  26.1 0.01570 0.01572 0.00593  18918    3188114.5 0.0073
3 -1  26.1 0.01590 0.01592 0.00593  17424    2936341.4 0.0076
3 -1  26.1 0.01610 0.01611 0.00593  15532    2617496.2 0.0080
3 -1  26.1 0.01630 0.01631 0.00593  13902    2342804.1 0.0085
3 -1  26.1 0.01650 0.01650 0.00593  12364    2083616.0 0.0090
3 -1  26.1 0.01670 0.01670 0.00593  10586    1783982.4 0.0097
3 -1  26.1 0.01690 0.01689 0.00593   9074    1529176.0 0.0105
3 -1  26.1 0.01710 0.01709 0.00593   7994    1347171.3 0.0112
3 -1  26.1 0.01730 0.01729 0.00593   7062    1190108.1 0.0119
3 -1  26.1 0.01750 0.01748 0.00593   6288    1059671.4 0.0126
3 -1  26.1 0.01770 0.01768 0.00593   5560     936986.8 0.0134
3 -1  26.1 0.01790 0.01787 0.00593   5170     871262.9 0.0139
3 -1  26.1 0.01810 0.01807 0.00593   4824     812954.0 0.0144
3 -1  26.1 0.01830 0.01826 0.00593   4464     752285.8 0.0150
3 -1  26.1 0.01850 0.01846 0.00593   4370     736444.7 0.0151
3 -1  26.1 0.01870 0.01865 0.00593   4274     720266.5 0.0153
3 -1  26.1 0.01890 0.01895 0.00593   3918     660272.4 0.0160
3 -1  26.1 0.01910 0.01914 0.00593   3950     665665.1 0.0159
3 -1  26.1 0.01930 0.01934 0.00593   3834     646116.4 0.0162
3 -1  26.1 0.01950 0.01953 0.00593   3686     621175.1 0.0165
3 -1  26.1 0.01970 0.01973 0.00593   3624     610726.7 0.0166
3 -1  26.1 0.01990 0.01992 0.00593   3464     583763.0 0.0170
3 -1  26.1 0.02010 0.02012 0.00593   3408     574325.7 0.0171
3 -1  26.1 0.02030 0.02031 0.00593   3318     559158.7 0.0174
3 -1  26.1 0.02050 0.02051 0.00593   3318     559158.7 0.0174
3 -1  26.1 0.02070 0.02070 0.00593   3080     519050.2 0.0180
3 -1  26.1 0.02090 0.02090 0.00593   3114     524780.0 0.0179
3 -1  26.1 0.02110 0.02109 0.00593   3002     505905.5 0.0183
3 -1  26.1 0.02130 0.02129 0.00593   2904     489390.2 0.0186
3 -1  26.1 0.02150 0.02148 0.00593   2806     472875.0 0.0189
3 -1  26.1 0.02170 0.02168 0.00593   2788     469841.6 0.0189
3 -1  26.1 0.02190 0.02188 0.00593   2618     441192.7 0.0195
3 -1  26.1 0.02210 0.02207 0.00593   2482     418273.6 0.0201
3 -1  26.1 0.02230 0.02227 0.00593   2424     408499.3 0.0203
3 -1  26.1 0.02250 0.02246 0.00593   2342     394680.4 0.0207
3 -1  26.1 0.02270 0.02266 0.00595   2234     375463.4 0.0212
3 -1  26.1 0.02290 0.02285 0.00679   2420     356203.8 0.0203
3 -1  26.1 0.02310 0.02314 0.00729   2270     311268.6 0.0210
3 -1  26.1 0.02330 0.02334 0.00793   2248     283402.3 0.0211
3 -1  26.1 0.02350 0.02354 0.00835   2266     271272.2 0.0210
3 -1  26.1 0.02370 0.02373 0.00945   2326     246123.2 0.0207
3 -1  26.1 0.02390 0.02393 0.01011   2236     221266.7 0.0211
3 -1  26.1 0.02410 0.02412 0.01195   2244     187779.4 0.0211
3 -1  26.1 0.02430 0.02432 0.01311   2242     171063.0 0.0211
3 -1  26.1 0.02450 0.02451 0.01437   2256     156947.7 0.0211
3 -1  26.1 0.02470 0.02471 0.01634   2372     145148.4 0.0205
3 -1  26.1 0.02490 0.02490 0.01783   2244     125821.3 0.0211
3 -1  26.1 0.02510 0.02510 0.01970   2262     114843.8 0.0210
3 -1  26.1 0.02530 0.02529 0.02176   2316     106412.9 0.0208
3 -1  26.1 0.02550 0.02549 0.02359   2308      97836.6 0.0208
3 -1  26.1 0.02570 0.02568 0.02579   2268      87950.9 0.0210
3 -1  26.1 0.02590 0.02588 0.02678   2250      84032.9 0.0211
3 -1  26.1 0.02610 0.02607 0.02899   2338      80639.0 0.0207
3 -1  26.1 0.02630 0.02627 0.02972   2222      74775.6 0.0212
3 -1  26.1 0.02650 0.02646 0.03249   2288      70412.6 0.0209
3 -1  26.1 0.02670 0.02666 0.03327   2246      67505.2 0.0211
3 -1  26.1 0.02690 0.02686 0.03482   2248      64558.8 0.0211
3 -1  26.1 0.02710 0.02715 0.03684   2242      60851.3 0.0211
3 -1  26.1 0.02730 0.02734 0.03807   2298      60366.5 0.0209
3 -1  26.1 0.02750 0.02754 0.03898   2224      57055.4 0.0212
3 -1  26.1 0.02770 0.02773 0.04128   2280      55238.8 0.0209
3 -1  26.1 0.02790 0.02793 0.04296   2226      51811.8 0.0212
3 -1  26.1 0.02810 0.02813 0.04383   2248      51290.8 0.0211
3 -1  26.1 0.02830 0.02832 0.04568   2230      48819.3 0.0212
3 -1  26.1 0.02850 0.02852 0.05047   2346      46486.8 0.0206
3 -1  26.1 0.02870 0.02871 0.05047   2222      44029.7 0.0212
3 -1  26.1 0.02890 0.02891 0.05325   2238      42031.7 0.0211
3 -1  26.1 0.02910 0.02910 0.05609   2316      41289.7 0.0208
3 -1  26.1 0.02930 0.02930 0.05971   2232      37379.7 0.0212
3 -1  26.1 0.02950 0.02949 0.05971   2234      37413.2 0.0212
3 -1  26.1 0.02970 0.02969 0.06529   2224      34060.9 0.0212
3 -1  26.0 0.02990 0.02988 0.06698   2252      33620.5 0.0211
3 -1  26.0 0.03010 0.03008 0.07246   2246      30995.5 0.0211
3 -1  26.0 0.03030 0.03027 0.07976   2372      29740.2 0.0205
3 -1  26.0 0.03050 0.03047 0.08129   2272      27948.4 0.0210
3 -1  26.0 0.03070 0.03066 0.08545   2230      26098.4 0.0212
3 -1  26.0 0.03090 0.03086 0.09503   2290      24098.8 0.0209
3 -1  26.0 0.03110 0.03105 0.10150   2314      22797.1 0.0208
3 -1  26.0 0.03130 0.03135 0.11251   2248      19981.1 0.0211
3 -1  26.0 0.03150 0.03154 0.11956   2226      18618.4 0.0212
3 -1  26.0 0.03170 0.03174 0.13243   2292      17306.9 0.0209
3 -1  26.0 0.03190 0.03193 0.14439   2226      15416.6 0.0212
3 -1  26.0 0.03210 0.03213 0.15661   2248      14354.0 0.0211
3 -1  26.0 0.03230 0.03232 0.17730   2296      12949.8 0.0209
3 -1  26.0 0.03250 0.03252 0.18707   2222      11878.2 0.0212
3 -1  26.0 0.03270 0.03271 0.20790   2264      10889.8 0.0210
3 -1  26.0 0.03290 0.03291 0.22601   2296      10159.0 0.0209
3 -1  26.0 0.03310 0.03311 0.25135   2250       8951.6 0.0211
3 -1  26.0 0.03330 0.03330 0.26922   2324       8632.4 0.0207
3 -1  26.0 0.03350 0.03350 0.27980   2326       8313.2 0.0207
3 -1  26.0 0.03370 0.03369 0.31159   2308       7407.1 0.0208
3 -1  26.0 0.03390 0.03389 0.32475   2222       6842.3 0.0212
3 -1  26.0 0.03410 0.03408 0.34277   2300       6710.0 0.0209
3 -1  26.0 0.03430 0.03428 0.36785   2298       6247.2 0.0209
3 -1  26.0 0.03450 0.03447 0.38302   2292       5984.1 0.0209
3 -1  26.0 0.03470 0.03467 0.40324   2244       5564.9 0.0211
3 -1  26.0 0.03490 0.03486 0.42789   2372       5543.4 0.0205
3 -1  26.0 0.03510 0.03506 0.44140   2330       5278.6 0.0207
3 -1  26.0 0.03530 0.03525 0.45198   2238       4951.6 0.0211
3 -1  26.0 0.03550 0.03555 0.49409   2286       4626.7 0.0209
3 -1  26.0 0.03570 0.03574 0.49409   2236       4525.5 0.0211
3 -1  26.0 0.03590 0.03594 0.52466   2252       4292.3 0.0211
3 -1  26.0 0.03610 0.03613 0.55888   2266       4054.5 0.0210
3 -1  26.0 0.03630 0.03633 0.59383   2400       4041.6 0.0204
3 -1  26.0 0.03650 0.03652 0.59383   2240       3772.1 0.0211
3 -1  26.0 0.03670 0.03672 0.62475   2276       3643.0 0.0210
3 -1  26.0 0.03690 0.03691 0.66352   2232       3363.9 0.0212
3 -1  26.0 0.03710 0.03711 0.69283   2264       3267.8 0.0210
3 -1  25.9 0.03730 0.03730 0.71603   2248       3139.5 0.0211
3 -1  25.9 0.03750 0.03750 0.77563   2304       2970.5 0.0208
3 -1  25.9 0.03770 0.03770 0.77563   2236       2882.8 0.0211
3 -1  25.9 0.03790 0.03789 0.84982   2298       2704.1 0.0209
3 -1  25.9 0.03810 0.03809 0.90770   2224       2450.1 0.0212
3 -1  25.9 0.03830 0.03828 0.95952   2322       2420.0 0.0208
3 -1  25.9 0.03850 0.03848 0.99779   2258       2263.0 0.0210
3 -1  25.9 0.03870 0.03867 1.05275   2326       2209.5 0.0207
3 -1  25.9 0.03890 0.03887 1.10863   2260       2038.6 0.0210
3 -1  25.9 0.03910 0.03906 1.10863   2226       2007.9 0.0212
3 -1  25.9 0.03930 0.03926 1.21000   1982       1638.0 0.0225
3 -1  25.9 0.03950 0.03945 1.21000   1784       1474.4 0.0237
3 -1  25.9 0.03970 0.03975 1.21000   1718       1419.8 0.0241
3 -1  25.9 0.03990 0.03994 1.21000   1626       1343.8 0.0248
3  0  25.9 0.00010 0.00010 1.21000     58         47.9 0.1313
3  0  25.9 0.00030 0.00029 1.21000     64         52.9 0.1250
3  0  25.9 0.00050 0.00049 1.21000     74         61.2 0.1162
3  0  25.9 0.00070 0.00068 1.21000     72         59.5 0.1179
3  0  25.9 0.00090 0.00088 1.21000     56         46.3 0.1336
3  0  25.9 0.00110 0.00107 1.21000     68         56.2 0.1213
3  0  25.9 0.00130 0.00127 1.21000     64         52.9 0.1250
3  0  25.9 0.00150 0.00146 1.21000     88         72.7 0.1066
3  0  25.9 0.00170 0.00166 1.21000     76         62.8 0.1147
3  0  25.9 0.00190 0.00186 1.21000     70         57.9 0.1195
3  0  25.9 0.00210 0.00215 1.21000    100         82.6 0.1000
3  0  25.9 0.00230 0.00234 1.21000    120         99.2 0.0913
3  0  25.9 0.00250 0.00254 1.21000    230        190.1 0.0659
3  0  25.9 0.00270 0.00273 1.21000    454        375.2 0.0469
3  0  25.9 0.00290 0.00293 1.21000   1044        862.8 0.0309
3  0  25.9 0.00310 0.00313 1.21000   2292       1894.2 0.0209
3  0  25.9 0.00330 0.00332 1.21000   5312       4390.1 0.0137
3  0  25.9 0.00350 0.00352 1.21000  12912      10671.1 0.0088
3  0  25.9 0.00370 0.00371 1.21000  29142      24084.3 0.0059
3  0  25.8 0.00390 0.00391 1.21000  63376      52376.9 0.0040
3  0  25.8 0.00410 0.00410 0.53467  72472     135545.5 0.0037
3  0  25.8 0.00430 0.00430 0.29371  78456     267123.3 0.0036
3  0  25.8 0.00450 0.00449 0.14470  71576     494638.4 0.0037
3  0  25.8 0.00470 0.00469 0.07999  72734     909235.7 0.0037
3  0  25.8 0.00490 0.00488 0.05050  71696    1419675.6 0.0037
3  0  25.8 0.00510 0.00508 0.03531  72240    2045937.2 0.0037
3  0  25.8 0.00530 0.00527 0.02698  72092    2672304.8 0.0037
3  0  25.8 0.00550 0.00547 0.02245  71816    3199591.2 0.0037
3  0  25.8 0.00570 0.00566 0.01987  71880    3616803.0 0.0037
3  0  25.8 0.00590 0.00586 0.01987  77870    3918203.3 0.0036
3  0  25.8 0.00610 0.00605 0.01746  72444    4148925.8 0.0037
3  0  25.8 0.00630 0.00635 0.01746  75700    4335399.5 0.0036
3  0  25.8 0.00650 0.00654 0.01746  77090    4415006.0 0.0036
3  0  25.8 0.00670 0.00674 0.01746  77958    4464717.0 0.0036
3  0  25.8 0.00690 0.00693 0.01746  78576    4500110.4 0.0036
3  0  25.8 0.00710 0.00713 0.01746  78972    4522789.6 0.0036
3  0  25.8 0.00730 0.00732 0.01746  79242    4538252.7 0.0036
3  0  25.8 0.00750 0.00752 0.01746  79388    4546614.3 0.0035
3  0  25.8 0.00770 0.00771 0.01746  79430    4549019.6 0.0035
3  0  25.8 0.00790 0.00791 0.01746  79336    4543636.2 0.0036
3  0  25.8 0.00810 0.00811 0.01746  79162    4533671.1 0.0036
3  0  25.8 0.00830 0.00830 0.01746  78832    4514771.7 0.0036
3  0  25.8 0.00850 0.00850 0.01746  78332    4486136.3 0.0036
3  0  25.8 0.00870 0.00869 0.01746  77526    4439976.0 0.0036
3  0  25.8 0.00890 0.00889 0.01746  76400    4375489.1 0.0036
3  0  25.8 0.00910 0.00908 0.01746  74660    4275837.9 0.0037
3  0  25.8 0.00930 0.00928 0.01746  72066    4127277.5 0.0037
3  0  25.8 0.00950 0.00947 0.01746  68424    3918697.2 0.0038
3  0  25.8 0.00970 0.00967 0.01746  63226    3621003.6 0.0040
3  0  25.8 0.00990 0.00986 0.01746  56498    3235685.6 0.0042
3  0  25.8 0.01010 0.01006 0.01746  47818    2738575.1 0.0046
3  0  25.8 0.01030 0.01025 0.01746  39184    2244099.0 0.0051
3  0  25.8 0.01050 0.01055 0.01746  27962    1601406.1 0.0060
3  0  25.8 0.01070 0.01074 0.01746  23262    1332233.3 0.0066
3  0  25.8 0.01090 0.01094 0.01746  20174    1155381.1 0.0070
3  0  25.8 0.01110 0.01113 0.01746  18308    1048513.8 0.0074
3  0  25.8 0.01130 0.01133 0.01746  17524    1003613.5 0.0076
3  0  25.8 0.01150 0.01152 0.01746  17170     983339.6 0.0076
3  0  25.8 0.01170 0.01172 0.01746  17086     978528.9 0.0077
3  0  25.8 0.01190 0.01191 0.01746  16884     966960.2 0.0077
3  0  25.8 0.01210 0.01211 0.01746  16696     956193.3 0.0077
3  0  25.8 0.01230 0.01230 0.01746  16762     959973.1 0.0077
3  0  25.8 0.01250 0.01250 0.01746  16824     963523.9 0.0077
3  0  25.8 0.01270 0.01270 0.01746  16884     966960.2 0.0077
3  0  25.8 0.01290 0.01289 0.01746  16568     948862.6 0.0078
3  0  25.8 0.01310 0.01309 0.01746  16770     960431.3 0.0077
3  0  25.8 0.01330 0.01328 0.01746  16704     956651.4 0.0077
3  0  25.8 0.01350 0.01348 0.01746  16884     966960.2 0.0077
3  0  25.8 0.01370 0.01367 0.01746  16816     963065.8 0.0077
3  0  25.8 0.01390 0.01387 0.01746  16744     958942.3 0.0077
3  0  25.8 0.01410 0.01406 0.01746  16588     950008.0 0.0078
3  0  25.8 0.01430 0.01426 0.01746  16692     955964.2 0.0077
3  0  25.8 0.01450 0.01445 0.01746  16530     946686.3 0.0078
3  0  25.8 0.01470 0.01475 0.01746  16350     936377.6 0.0078
3  0  25.8 0.01490 0.01494 0.01746  15844     907398.6 0.0079
3  0  25.8 0.01510 0.01514 0.01746  15476     886322.9 0.0080
3  0  25.8 0.01530 0.01533 0.01746  14610     836726.4 0.0083
3  0  25.8 0.01550 0.01553 0.01746  13632     780715.5 0.0086
3  0  25.8 0.01570 0.01572 0.01746  12744     729859.1 0.0089
3  0  25.8 0.01590 0.01592 0.01746  11408     653345.3 0.0094
3  0  25.8 0.01610 0.01611 0.01746  10012     573395.2 0.0100
3  0  25.8 0.01630 0.01631 0.01746   8468     484969.1 0.0109
3  0  25.8 0.01650 0.01650 0.01746   7226     413838.8 0.0118
3  0  25.8 0.01670 0.01670 0.01746   6040     345915.6 0.0129
3  0  25.8 0.01690 0.01689 0.01746   4740     271463.6 0.0145
3  0  25.8 0.01710 0.01709 0.01746   4082     233779.4 0.0157
3  0  25.8 0.01730 0.01729 0.01746   3226     184755.6 0.0176
3  0  25.8 0.01750 0.01748 0.01746   2832     162190.9 0.0188
3  0  25.8 0.01770 0.01768 0.01746   2446     140084.4 0.0202
3  0  25.8 0.01790 0.01787 0.01772   2250     127003.5 0.0211
3  0  25.8 0.01810 0.01807 0.01902   2230     117263.9 0.0212
3  0  25.8 0.01830 0.01826 0.02095   2256     107706.0 0.0211
3  0  25.8 0.01850 0.01846 0.02129   2284     107276.1 0.0209
3  0  25.8 0.01870 0.01865 0.02232   2268     101607.9 0.0210
3  0  25.8 0.01890 0.01895 0.02232   2224      99636.6 0.0212
3  0  25.8 0.01910 0.01914 0.02353   2232      94840.0 0.0212
3  0  25.8 0.01930 0.01934 0.02368   2254      95171.8 0.0211
3  0  25.8 0.01950 0.01953 0.02441   2262      92672.7 0.0210
3  0  25.8 0.01970 0.01973 0.02477   2272      91741.9 0.0210
3  0  25.8 0.01990 0.01992 0.02477   2224      89803.7 0.0212
3  0  25.8 0.02010 0.02012 0.02547   2260      88717.2 0.0210
3  0  25.8 0.02030 0.02031 0.02655   2270      85500.4 0.0210
3  0  25.8 0.02050 0.02051 0.02655   2252      84822.5 0.0211
3  0  25.8 0.02070 0.02070 0.02655   2286      86103.1 0.0209
3  0  25.8 0.02090 0.02090 0.02911   2366      81275.5 0.0206
3  0  25.8 0.02110 0.02109 0.02911   2322      79764.0 0.0208
3  0  25.8 0.02130 0.02129 0.02989   2300      76954.8 0.0209
3  0  25.7 0.02150 0.02148 0.03055   2236      73197.3 0.0211
3  0  25.7 0.02170 0.02168 0.03193   2226      69721.7 0.0212
3  0  25.7 0.02190 0.02188 0.03323   2236      67293.2 0.0211
3  0  25.7 0.02210 0.02207 0.03368   2222      65969.0 0.0212
3  0  25.7 0.02230 0.02227 0.03612   2280      63121.3 0.0209
3  0  25.7 0.02250 0.02246 0.03662   2242      61231.3 0.0211
3  0  25.7 0.02270 0.02266 0.04126   2342      56765.9 0.0207
3  0  25.7 0.02290 0.02285 0.04194   2248      53606.7 0.0211
3  0  25.7 0.02310 0.02314 0.04839   2226      46004.3 0.0212
3  0  25.7 0.02330 0.02334 0.05255   2332      44377.5 0.0207
3  0  25.7 0.02350 0.02354 0.05760   2240      38888.7 0.0211
3  0  25.7 0.02370 0.02373 0.06715   2280      33953.9 0.0209
3  0  25.7 0.02390 0.02393 0.07453   2274      30511.6 0.0210
3  0  25.7 0.02410 0.02412 0.08723   2298      26344.5 0.0209
3  0  25.7 0.02430 0.02432 0.10166   2362      23234.4 0.0206
3  0  25.7 0.02450 0.02451 0.12041   2266      18819.2 0.0210
3  0  25.7 0.02470 0.02471 0.13494   2232      16540.5 0.0212
3  0  25.7 0.02490 0.02490 0.15159   2262      14922.1 0.0210
3  0  25.7 0.02510 0.02510 0.18006   2260      12551.6 0.0210
3  0  25.7 0.02530 0.02529 0.20623   2408      11676.3 0.0204
3  0  25.7 0.02550 0.02549 0.22375   2260      10100.5 0.0210
3  0  25.7 0.02570 0.02568 0.24795   2298       9268.0 0.0209
3  0  25.7 0.02590 0.02588 0.26682   2358       8837.3 0.0206
3  0  25.7 0.02610 0.02607 0.26876   2222       8267.7 0.0212
3  0  25.7 0.02630 0.02627 0.29017   2252       7760.8 0.0211
3  0  25.7 0.02650 0.02646 0.30998   2378       7671.3 0.0205
3  0  25.7 0.02670 0.02666 0.30998   2278       7348.7 0.0210
3  0  25.7 0.02690 0.02686 0.32307   2278       7051.1 0.0210
3  0  25.7 0.02710 0.02715 0.34284   2244       6545.3 0.0211
3  0  25.7 0.02730 0.02734 0.34284   2248       6556.9 0.0211
3  0  25.7 0.02750 0.02754 0.36415   2352       6458.9 0.0206
3  0  25.7 0.02770 0.02773 0.38252   2362       6174.9 0.0206
3  0  25.7 0.02790 0.02793 0.39533   2356       5959.6 0.0206
3  0  25.7 0.02810 0.02813 0.39533   2294       5802.8 0.0209
3  0  25.7 0.02830 0.02832 0.41631   2330       5596.8 0.0207
3  0  25.7 0.02850 0.02852 0.41631   2234       5366.2 0.0212
3  0  25.7 0.02870 0.02871 0.44050   2344       5321.3 0.0207
3  0  25.7 0.02890 0.02891 0.45398   2302       5070.7 0.0208
3  0  25.7 0.02910 0.02910 0.47270   2246       4751.4 0.0211
3  0  25.7 0.02930 0.02930 0.49565   2322       4684.8 0.0208
3  0  25.7 0.02950 0.02949 0.52048   2252       4326.8 0.0211
3  0  25.7 0.02970 0.02969 0.54182   2260       4171.1 0.0210
3  0  25.7 0.02990 0.02988 0.54182   2236       4126.8 0.0211
3  0  25.7 0.03010 0.03008 0.61676   2352       3813.5 0.0206
3  0  25.7 0.03030 0.03027 0.62865   2268       3607.7 0.0210
3  0  25.7 0.03050 0.03047 0.67378   2252       3342.4 0.0211
3  0  25.7 0.03070 0.03066 0.70907   2222       3133.7 0.0212
3  0  25.7 0.03090 0.03086 0.76557   2228       2910.2 0.0212
3  0  25.7 0.03110 0.03105 0.83597   2338       2796.8 0.0207
3  0  25.7 0.03130 0.03135 0.95355   2272       2382.7 0.0210
3  0  25.7 0.03150 0.03154 1.02854   2240       2177.8 0.0211
3  0  25.7 0.03170 0.03174 1.14615   2310       2015.5 0.0208
3  0  25.7 0.03190 0.03193 1.21000   2106       1740.5 0.0218
3  0  25.7 0.03210 0.03213 1.21000   1868       1543.8 0.0231
3  0  25.7 0.03230 0.03232 1.21000   1696       1401.7 0.0243
3  0  25.7 0.03250 0.03252 1.21000   1616       1335.5 0.0249
3  0  25.7 0.03270 0.03271 1.21000   1394       1152.1 0.0268
3  0  25.7 0.03290 0.03291 1.21000   1326       1095.9 0.0275
3  0  25.6 0.03310 0.03311 1.21000   1154        953.7 0.0294
3  0  25.6 0.03330 0.03330 1.21000   1066        881.0 0.0306
3  0  25.6 0.03350 0.03350 1.21000   1040        859.5 0.0310
3  0  25.6 0.03370 0.03369 1.21000    970        801.7 0.0321
3  0  25.6 0.03390 0.03389 1.21000    832        687.6 0.0347
3  0  25.6 0.03410 0.03408 1.21000    898        742.1 0.0334
3  0  25.6 0.03430 0.03428 1.21000    830        686.0 0.0347
3  0  25.6 0.03450 0.03447 1.21000    756        624.8 0.0364
3  0  25.6 0.03470 0.03467 1.21000    794        656.2 0.0355
3  0  25.6 0.03490 0.03486 1.21000    790        652.9 0.0356
3  0  25.6 0.03510 0.03506 1.21000    750        619.8 0.0365
3  0  25.6 0.03530 0.03525 1.21000    710        586.8 0.0375
3  0  25.6 0.03550 0.03555 1.21000    706        583.5 0.0376
3  0  25.6 0.03570 0.03574 1.21000    666        550.4 0.0387
3  0  25.6 0.03590 0.03594 1.21000    688        568.6 0.0381
3  0  25.6 0.03610 0.03613 1.21000    668        552.1 0.0387
3  0  25.6 0.03630 0.03633 1.21000    642        530.6 0.0395
3  0  25.6 0.03650 0.03652 1.21000    580        479.3 0.0415
3  0  25.6 0.03670 0.03672 1.21000    574        474.4 0.0417
3  0  25.6 0.03690 0.03691 1.21000    572        472.7 0.0418
3  0  25.6 0.03710 0.03711 1.21000    582        481.0 0.0415
3  0  25.6 0.03730 0.03730 1.21000    548        452.9 0.0427
3  0  25.6 0.03750 0.03750 1.21000    534        441.3 0.0433
3  0  25.6 0.03770 0.03770 1.21000    490        405.0 0.0452
3  0  25.6 0.03790 0.03789 1.21000    500        413.2 0.0447
3  0  25.6 0.03810 0.03809 1.21000    498        411.6 0.0448
3  0  25.6 0.03830 0.03828 1.21000    472        390.1 0.0460
3  0  25.6 0.03850 0.03848 1.21000    462        381.8 0.0465
3  0  25.6 0.03870 0.03867 1.21000    426        352.1 0.0485
3  0  25.6 0.03890 0.03887 1.21000    420        347.1 0.0488
3  0  25.6 0.03910 0.03906 1.21000    396        327.3 0.0503
3  0  25.6 0.03930 0.03926 1.21000    388        320.7 0.0508
3  0  25.6 0.03950 0.03945 1.21000    336        277.7 0.0546
3  0  25.6 0.03970 0.03975 1.21000    348        287.6 0.0536
3  0  25.6 0.03990 0.03994 1.21000    388        320.7 0.0508
3  1  25.6 0.00010 0.00010 1.21000     54         44.6 0.1361
3  1  25.6 0.00030 0.00029 1.21000     44         36.4 0.1508
3  1  25.6 0.00050 0.00049 1.21000     68         56.2 0.1213
3  1  25.6 0.00070 0.00068 1.21000     60         49.6 0.1291
3  1  25.6 0.00090 0.00088 1.21000     76         62.8 0.1147
3  1  25.6 0.00110 0.00107 1.21000     66         54.5 0.1231
3  1  25.6 0.00130 0.00127 1.21000     66         54.5 0.1231
3  1  25.6 0.00150 0.00146 1.21000     78         64.5 0.1132
3  1  25.6 0.00170 0.00166 1.21000     98         81.0 0.1010
3  1  25.6 0.00190 0.00186 1.21000     88         72.7 0.1066
3  1  25.6 0.00210 0.00215 1.21000    112         92.6 0.0945
3  1  25.6 0.00230 0.00234 1.21000    142        117.4 0.0839
3  1  25.6 0.00250 0.00254 1.21000    234        193.4 0.0654
3  1  25.6 0.00270 0.00273 1.21000    500        413.2 0.0447
3  1  25.6 0.00290 0.00293 1.21000   1044        862.8 0.0309
3  1  25.6 0.00310 0.00313 1.21000   2506       2071.1 0.0200
3  1  25.6 0.00330 0.00332 1.21000   5794       4788.4 0.0131
3  1  25.6 0.00350 0.00352 1.21000  13460      11124.0 0.0086
3  1  25.6 0.00370 0.00371 1.21000  30038      24824.8 0.0058
3  1  25.6 0.00390 0.00391 1.21000  65746      54335.5 0.0039
3  1  25.6 0.00410 0.00410 0.51414  70832     137767.9 0.0038
3  1  25.6 0.00430 0.00430 0.28243  77800     275466.7 0.0036
3  1  25.6 0.00450 0.00449 0.15515  79378     511635.2 0.0035
3  1  25.6 0.00470 0.00469 0.08523  78066     915994.7 0.0036
3  1  25.6 0.00490 0.00488 0.04975  72526    1457723.3 0.0037
3  1  25.6 0.00510 0.00508 0.03460  71518    2066912.4 0.0037
3  1  25.6 0.00530 0.00527 0.02687  72112    2683252.1 0.0037
3  1  25.6 0.00550 0.00547 0.02239  72118    3221288.5 0.0037
3  1  25.6 0.00570 0.00566 0.01975  72116    3651766.2 0.0037
3  1  25.6 0.00590 0.00586 0.01975  77904    3944855.4 0.0036
3  1  25.6 0.00610 0.00605 0.01735  71830    4141047.7 0.0037
3  1  25.6 0.00630 0.00635 0.01735  75004    4324030.9 0.0037
3  1  25.6 0.00650 0.00654 0.01735  76322    4400014.5 0.0036
3  1  25.6 0.00670 0.00674 0.01735  77188    4449940.0 0.0036
3  1  25.6 0.00690 0.00693 0.01735  77822    4486490.5 0.0036
3  1  25.6 0.00710 0.00713 0.01735  78196    4508051.9 0.0036
3  1  25.6 0.00730 0.00732 0.01735  78476    4524194.1 0.0036
3  1  25.6 0.00750 0.00752 0.01735  78606    4531688.6 0.0036
3  1  25.6 0.00770 0.00771 0.01735  78652    4534340.6 0.0036
3  1  25.6 0.00790 0.00791 0.01735  78572    4529728.5 0.0036
3  1  25.6 0.00810 0.00811 0.01735  78392    4519351.4 0.0036
3  1  25.6 0.00830 0.00830 0.01735  78056    4499980.8 0.0036
3  1  25.6 0.00850 0.00850 0.01735  77560    4471386.0 0.0036
3  1  25.6 0.00870 0.00869 0.01735  76774    4426072.6 0.0036
3  1  25.6 0.00890 0.00889 0.01735  75626    4359889.6 0.0036
3  1  25.6 0.00910 0.00908 0.01735  73926    4261883.5 0.0037
3  1  25.6 0.00930 0.00928 0.01735  71412    4116949.7 0.0037
3  1  25.6 0.00950 0.00947 0.01735  67922    3915748.9 0.0038
3  1  25.6 0.00970 0.00967 0.01735  62646    3611583.9 0.0040
3  1  25.6 0.00990 0.00986 0.01735  55944    3225209.1 0.0042
3  1  25.6 0.01010 0.01006 0.01735  48020    2768385.2 0.0046
3  1  25.6 0.01030 0.01025 0.01735  39646    2285618.5 0.0050
3  1  25.6 0.01050 0.01055 0.01735  29262    1686973.9 0.0058
3  1  25.6 0.01070 0.01074 0.01735  24978    1439998.5 0.0063
3  1  25.6 0.01090 0.01094 0.01735  22324    1286993.6 0.0067
3  1  25.6 0.01110 0.01113 0.01735  20808    1199595.2 0.0069
3  1  25.6 0.01130 0.01133 0.01735  19880    1146095.3 0.0071
3  1  25.6 0.01150 0.01152 0.01735  19550    1127070.6 0.0072
3  1  25.6 0.01170 0.01172 0.01735  19328    1114272.2 0.0072
3  1  25.6 0.01190 0.01191 0.01735  19230    1108622.4 0.0072
3  1  25.6 0.01210 0.01211 0.01735  18978    1094094.4 0.0073
3  1  25.7 0.01230 0.01230 0.01735  18998    1095247.4 0.0073
3  1  25.7 0.01250 0.01250 0.01735  19000    1095362.7 0.0073
3  1  25.7 0.01270 0.01270 0.01735  19192    1106431.7 0.0072
3  1  25.7 0.01290 0.01289 0.01735  19158    1104471.6 0.0072
3  1  25.7 0.01310 0.01309 0.01735  19042    1097784.1 0.0072
3  1  25.7 0.01330 0.01328 0.01735  19142    1103549.1 0.0072
3  1  25.7 0.01350 0.01348 0.01735  19066    1099167.7 0.0072
3  1  25.7 0.01370 0.01367 0.01735  19372    1116808.8 0.0072
3  1  25.7 0.01390 0.01387 0.01735  18934    1091557.8 0.0073
3  1  25.7 0.01410 0.01406 0.01735  18948    1092364.9 0.0073
3  1  25.7 0.01430 0.01426 0.01735  19114    1101934.9 0.0072
3  1  25.7 0.01450 0.01445 0.01735  19020    1096515.8 0.0073
3  1  25.7 0.01470 0.01475 0.01735  18608    1072763.7 0.0073
3  1  25.7 0.01490 0.01494 0.01735  18406    1061118.2 0.0074
3  1  25.7 0.01510 0.01514 0.01735  17870    1030217.5 0.0075
3  1  25.7 0.01530 0.01533 0.01735  17242     994012.9 0.0076
3  1  25.7 0.01550 0.01553 0.01735  16242     936362.2 0.0078
3  1  25.7 0.01570 0.01572 0.01735  15404     888050.9 0.0081
3  1  25.7 0.01590 0.01592 0.01735  13902     801459.6 0.0085
3  1  25.7 0.01610 0.01611 0.01735  12210     703914.7 0.0090
3  1  25.7 0.01630 0.01631 0.01735  10744     619398.8 0.0096
3  1  25.7 0.01650 0.01650 0.01735   9282     535113.5 0.0104
3  1  25.7 0.01670 0.01670 0.01735   7604     438375.7 0.0115
3  1  25.7 0.01690 0.01689 0.01735   6370     367234.8 0.0125
3  1  25.7 0.01710 0.01709 0.01735   5308     306009.8 0.0137
3  1  25.7 0.01730 0.01729 0.01735   4358     251241.6 0.0151
3  1  25.7 0.01750 0.01748 0.01735   3694     212961.6 0.0165
3  1  25.7 0.01770 0.01768 0.01735   3196     184251.5 0.0177
3  1  25.7 0.01790 0.01787 0.01735   2848     164189.1 0.0187
3  1  25.7 0.01810 0.01807 0.01735   2620     151044.8 0.0195
3  1  25.7 0.01830 0.01826 0.01735   2474     142627.8 0.0201
3  1  25.7 0.01850 0.01846 0.01735   2340     134902.6 0.0207
3  1  25.7 0.01870 0.01865 0.01735   2276     131212.9 0.0210
3  1  25.7 0.01890 0.01895 0.01735   2254     129944.6 0.0211
3  1  25.7 0.01910 0.01914 0.01825   2222     121721.7 0.0212
3  1  25.7 0.01930 0.01934 0.01825   2244     122926.9 0.0211
3  1  25.7 0.01950 0.01953 0.01937   2272     117291.0 0.0210
3  1  25.7 0.01970 0.01973 0.01937   2286     118013.8 0.0209
3  1  25.7 0.01990 0.01992 0.01937   2236     115432.6 0.0211
3  1  25.7 0.02010 0.02012 0.01972   2276     115391.8 0.0210
3  1  25.7 0.02030 0.02031 0.02052   2270     110633.3 0.0210
3  1  25.7 0.02050 0.02051 0.02145   2308     107580.9 0.0208
3  1  25.7 0.02070 0.02070 0.02153   2276     105707.4 0.0210
3  1  25.7 0.02090 0.02090 0.02261   2262     100045.4 0.0210
3  1  25.7 0.02110 0.02109 0.02261   2274     100576.2 0.0210
3  1  25.7 0.02130 0.02129 0.02282   2226      97567.0 0.0212
3  1  25.7 0.02150 0.02148 0.02428   2222      91521.2 0.0212
3  1  25.7 0.02170 0.02168 0.02525   2336      92528.8 0.0207
3  1  25.7 0.02190 0.02188 0.02525   2238      88647.0 0.0211
3  1  25.7 0.02210 0.02207 0.02713   2332      85968.4 0.0207
3  1  25.7 0.02230 0.02227 0.02745   2230      81246.3 0.0212
3  1  25.7 0.02250 0.02246 0.02904   2320      79884.4 0.0208
3  1  25.7 0.02270 0.02266 0.03053   2292      75084.4 0.0209
3  1  25.7 0.02290 0.02285 0.03210   2284      71146.7 0.0209
3  1  25.7 0.02310 0.02314 0.03563   2262      63485.0 0.0210
3  1  25.7 0.02330 0.02334 0.03931   2346      59679.1 0.0206
3  1  25.7 0.02350 0.02354 0.04151   2244      54052.9 0.0211
3  1  25.7 0.02370 0.02373 0.04728   2294      48523.8 0.0209
3  1  25.7 0.02390 0.02393 0.05216   2300      44096.5 0.0209
3  1  25.7 0.02410 0.02412 0.06033   2250      37297.9 0.0211
3  1  25.7 0.02430 0.02432 0.06901   2324      33678.6 0.0207
3  1  25.7 0.02450 0.02451 0.08061   2228      27637.6 0.0212
3  1  25.7 0.02470 0.02471 0.09230   2296      24875.3 0.0209
3  1  25.7 0.02490 0.02490 0.10275   2242      21819.7 0.0211
3  1  25.7 0.02510 0.02510 0.12259   2348      19153.6 0.0206
3  1  25.7 0.02530 0.02529 0.13765   2284      16592.2 0.0209
3  1  25.7 0.02550 0.02549 0.15526   2288      14736.2 0.0209
3  1  25.7 0.02570 0.02568 0.16731   2222      13280.7 0.0212
3  1  25.7 0.02590 0.02588 0.18968   2238      11799.1 0.0211
3  1  25.7 0.02610 0.02607 0.19998   2284      11421.1 0.0209
3  1  25.7 0.02630 0.02627 0.21343   2314      10842.0 0.0208
3  1  25.7 0.02650 0.02646 0.22642   2236       9875.5 0.0211
3  1  25.7 0.02670 0.02666 0.22868   2294      10031.4 0.0209
3  1  25.7 0.02690 0.02686 0.24787   2332       9408.2 0.0207
3  1  25.7 0.02710 0.02715 0.24787   2242       9045.1 0.0211
3  1  25.7 0.02730 0.02734 0.25498   2246       8808.4 0.0211
3  1  25.7 0.02750 0.02754 0.26420   2244       8493.7 0.0211
3  1  25.7 0.02770 0.02773 0.27497   2276       8277.2 0.0210
3  1  25.7 0.02790 0.02793 0.28307   2296       8111.1 0.0209
3  1  25.7 0.02810 0.02813 0.28955   2382       8226.5 0.0205
3  1  25.7 0.02830 0.02832 0.29781   2248       7548.5 0.0211
3  1  25.7 0.02850 0.02852 0.31225   2246       7192.8 0.0211
3  1  25.7 0.02870 0.02871 0.33261   2348       7059.3 0.0206
3  1  25.7 0.02890 0.02891 0.34951   2374       6792.4 0.0205
3  1  25.7 0.02910 0.02910 0.34951   2276       6512.0 0.0210
3  1  25.7 0.02930 0.02930 0.37830   2366       6254.3 0.0206
3  1  25.7 0.02950 0.02949 0.38808   2348       6050.3 0.0206
3  1  25.7 0.02970 0.02969 0.38878   2266       5828.5 0.0210
3  1  25.7 0.02990 0.02988 0.40909   2242       5480.4 0.0211
3  1  25.7 0.03010 0.03008 0.44573   2346       5263.2 0.0206
3  1  25.7 0.03030 0.03027 0.46895   2264       4827.8 0.0210
3  1  25.7 0.03050 0.03047 0.48966   2266       4627.7 0.0210
3  1  25.7 0.03070 0.03066 0.52511   2338       4452.4 0.0207
3  1  25.7 0.03090 0.03086 0.52511   2302       4383.8 0.0208
3  1  25.7 0.03110 0.03105 0.57196   2320       4056.2 0.0208
3  1  25.7 0.03130 0.03135 0.66609   2284       3429.0 0.0209
3  1  25.7 0.03150 0.03154 0.70545   2256       3197.9 0.0211
3  1  25.7 0.03170 0.03174 0.74652   2254       3019.3 0.0211
3  1  25.7 0.03190 0.03193 0.83188   2258       2714.3 0.0210
3  1  25.7 0.03210 0.03213 0.92167   2246       2436.9 0.0211
3  1  25.7 0.03230 0.03232 1.01183   2252       2225.7 0.0211
3  1  25.7 0.03250 0.03252 1.17835   2222       1885.7 0.0212
3  1  25.7 0.03270 0.03271 1.21000   2022       1671.1 0.0222
3  1  25.7 0.03290 0.03291 1.21000   1888       1560.3 0.0230
3  1  25.7 0.03310 0.03311 1.21000   1736       1434.7 0.0240
3  1  25.7 0.03330 0.03330 1.21000   1488       1229.8 0.0259
3  1  25.7 0.03350 0.03350 1.21000   1408       1163.6 0.0267
3  1  25.7 0.03370 0.03369 1.21000   1330       1099.2 0.0274
3  1  25.7 0.03390 0.03389 1.21000   1230       1016.5 0.0285
3  1  25.7 0.03410 0.03408 1.21000   1076        889.3 0.0305
3  1  25.7 0.03430 0.03428 1.21000   1128        932.2 0.0298
3  1  25.7 0.03450 0.03447 1.21000   1086        897.5 0.0303
3  1  25.7 0.03470 0.03467 1.21000   1070        884.3 0.0306
3  1  25.7 0.03490 0.03486 1.21000    986        814.9 0.0318
3  1  25.7 0.03510 0.03506 1.21000    908        750.4 0.0332
3  1  25.7 0.03530 0.03525 1.21000    946        781.8 0.0325
3  1  25.7 0.03550 0.03555 1.21000    892        737.2 0.0335
3  1  25.7 0.03570 0.03574 1.21000    906        748.8 0.0332
3  1  25.7 0.03590 0.03594 1.21000    894        738.8 0.0334
3  1  25.7 0.03610 0.03613 1.21000    820        677.7 0.0349
3  1  25.7 0.03630 0.03633 1.21000    774        639.7 0.0359
3  1  25.7 0.03650 0.03652 1.21000    818        676.0 0.0350
3  1  25.7 0.03670 0.03672 1.21000    786        649.6 0.0357
3  1  25.7 0.03690 0.03691 1.21000    742        613.2 0.0367
3  1  25.7 0.03710 0.03711 1.21000    668        552.1 0.0387
3  1  25.7 0.03730 0.03730 1.21000    686        566.9 0.0382
3  1  25.7 0.03750 0.03750 1.21000    678        560.3 0.0384
3  1  25.7 0.03770 0.03770 1.21000    652        538.8 0.0392
3  1  25.7 0.03790 0.03789 1.21000    572        472.7 0.0418
3  1  25.7 0.03810 0.03809 1.21000    564        466.1 0.0421
3  1  25.7 0.03830 0.03828 1.21000    588        486.0 0.0412
3  1  25.7 0.03850 0.03848 1.21000    542        447.9 0.0430
3  1  25.7 0.03870 0.03867 1.21000    512        423.1 0.0442
3  1  25.7 0.03890 0.03887 1.21000    506        418.2 0.0445
3  1  25.7 0.03910 0.03906 1.21000    508        419.8 0.0444
3  1  25.7 0.03930 0.03926 1.21000    460        380.2 0.0466
3  1  25.7 0.03950 0.03945 1.21000    442        365.3 0.0476
3  1  25.7 0.03970 0.03975 1.21000    468        386.8 0.0462
3  1  25.7 0.03990 0.03994 1.21000    380        314.0 0.0513
3  2  25.7 0.00010 0.00010 1.21000     54         44.6 0.1361
3  2  25.7 0.00030 0.00029 1.21000     54         44.6 0.1361
3  2  25.7 0.00050 0.00049 1.21000     52         43.0 0.1387
3  2  25.7 0.00070 0.00068 1.21000     56         46.3 0.1336
3  2  25.7 0.00090 0.00088 1.21000     38         31.4 0.1622
3  2  25.7 0.00110 0.00107 1.21000     60         49.6 0.1291
3  2  25.7 0.00130 0.00127 1.21000     62         51.2 0.1270
3  2  25.7 0.00150 0.00146 1.21000     60         49.6 0.1291
3  2  25.7 0.00170 0.00166 1.21000     86         71.1 0.1078
3  2  25.7 0.00190 0.00186 1.21000     90         74.4 0.1054
3  2  25.7 0.00210 0.00215 1.21000    116         95.9 0.0928
3  2  25.7 0.00230 0.00234 1.21000    144        119.0 0.0833
3  2  25.7 0.00250 0.00254 1.21000    228        188.4 0.0662
3  2  25.7 0.00270 0.00273 1.21000    420        347.1 0.0488
3  2  25.7 0.00290 0.00293 1.21000   1016        839.7 0.0314
3  2  25.7 0.00310 0.00313 1.21000   2352       1943.8 0.0206
3  2  25.7 0.00330 0.00332 1.21000   5414       4474.4 0.0136
3  2  25.7 0.00350 0.00352 1.21000  12666      10467.8 0.0089
3  2  25.7 0.00370 0.00371 1.21000  28712      23728.9 0.0059
3  2  25.7 0.00390 0.00391 1.21000  63192      52224.8 0.0040
3  2  25.7 0.00410 0.00410 0.53913  71538     132692.4 0.0037
3  2  25.7 0.00430 0.00430 0.29616  78328     264482.7 0.0036
3  2  25.7 0.00450 0.00449 0.14545  72830     500710.3 0.0037
3  2  25.7 0.00470 0.00469 0.07990  72412     906269.8 0.0037
3  2  25.7 0.00490 0.00488 0.05024  71878    1430742.5 0.0037
3  2  25.7 0.00510 0.00508 0.03522  71880    2040653.2 0.0037
3  2  25.7 0.00530 0.00527 0.02700  72120    2670636.0 0.0037
3  2  25.7 0.00550 0.00547 0.02241  71832    3205930.4 0.0037
3  2  25.7 0.00570 0.00566 0.01982  71994    3632031.8 0.0037
3  2  25.7 0.00590 0.00586 0.01982  77868    3928369.7 0.0036
3  2  25.7 0.00610 0.00605 0.01743  71828    4121306.1 0.0037
3  2  25.7 0.00630 0.00635 0.01743  74998    4303192.6 0.0037
3  2  25.7 0.00650 0.00654 0.01743  76314    4378701.3 0.0036
3  2  25.7 0.00670 0.00674 0.01743  77230    4431259.0 0.0036
3  2  25.7 0.00690 0.00693 0.01743  77842    4466374.0 0.0036
3  2  25.7 0.00710 0.00713 0.01743  78268    4490816.8 0.0036
3  2  25.7 0.00730 0.00732 0.01743  78502    4504243.1 0.0036
3  2  25.7 0.00750 0.00752 0.01743  78654    4512964.5 0.0036
3  2  25.7 0.00770 0.00771 0.01743  78700    4515603.8 0.0036
3  2  25.7 0.00790 0.00791 0.01743  78608    4510325.1 0.0036
3  2  25.7 0.00810 0.00811 0.01743  78430    4500111.9 0.0036
3  2  25.7 0.00830 0.00830 0.01743  78112    4481865.9 0.0036
3  2  25.7 0.00850 0.00850 0.01743  77618    4453521.5 0.0036
3  2  25.7 0.00870 0.00869 0.01743  76846    4409226.1 0.0036
3  2  25.7 0.00890 0.00889 0.01743  75708    4343930.6 0.0036
3  2  25.7 0.00910 0.00908 0.01743  73984    4245011.9 0.0037
3  2  25.7 0.00930 0.00928 0.01743  71494    4102142.1 0.0037
3  2  25.7 0.00950 0.00947 0.01743  68112    3908091.6 0.0038
3  2  25.7 0.00970 0.00967 0.01743  62566    3589876.4 0.0040
3  2  25.7 0.00990 0.00986 0.01743  55936    3209464.0 0.0042
3  2  25.7 0.01010 0.01006 0.01743  47566    2729214.9 0.0046
3  2  25.7 0.01030 0.01025 0.01743  39058    2241047.7 0.0051
3  2  25.7 0.01050 0.01055 0.01743  28406    1629863.3 0.0059
3  2  25.7 0.01070 0.01074 0.01743  23432    1344468.0 0.0065
3  2  25.7 0.01090 0.01094 0.01743  20252    1162007.7 0.0070
3  2  25.7 0.01110 0.01113 0.01743  18730    1074679.3 0.0073
3  2  25.7 0.01130 0.01133 0.01743  17882    1026023.2 0.0075
3  2  25.7 0.01150 0.01152 0.01743  17430    1000088.6 0.0076
3  2  25.7 0.01170 0.01172 0.01743  17082     980121.3 0.0077
3  2  25.7 0.01190 0.01191 0.01743  17076     979777.0 0.0077
3  2  25.7 0.01210 0.01211 0.01743  17212     987580.3 0.0076
3  2  25.7 0.01230 0.01230 0.01743  17032     977252.4 0.0077
3  2  25.7 0.01250 0.01250 0.01743  17086     980350.8 0.0077
3  2  25.7 0.01270 0.01270 0.01743  16960     973121.2 0.0077
3  2  25.7 0.01290 0.01289 0.01743  16958     973006.5 0.0077
3  2  25.7 0.01310 0.01309 0.01743  16970     973695.0 0.0077
3  2  25.7 0.01330 0.01328 0.01743  16830     965662.2 0.0077
3  2  25.7 0.01350 0.01348 0.01743  16896     969449.1 0.0077
3  2  25.7 0.01370 0.01367 0.01743  16918     970711.4 0.0077
3  2  25.7 0.01390 0.01387 0.01743  17024     976793.4 0.0077
3  2  25.7 0.01410 0.01406 0.01743  16922     970940.9 0.0077
3  2  25.7 0.01430 0.01426 0.01743  16966     973465.5 0.0077
3  2  25.7 0.01450 0.01445 0.01743  16734     960153.9 0.0077
3  2  25.7 0.01470 0.01475 0.01743  16434     942940.7 0.0078
3  2  25.7 0.01490 0.01494 0.01743  16246     932153.7 0.0078
3  2  25.7 0.01510 0.01514 0.01743  15456     886825.6 0.0080
3  2  25.8 0.01530 0.01533 0.01743  15038     862841.8 0.0082
3  2  25.8 0.01550 0.01553 0.01743  13982     802251.2 0.0085
3  2  25.8 0.01570 0.01572 0.01743  13122     752906.7 0.0087
3  2  25.8 0.01590 0.01592 0.01743  11698     671201.2 0.0092
3  2  25.8 0.01610 0.01611 0.01743  10388     596036.8 0.0098
3  2  25.8 0.01630 0.01631 0.01743   8688     498495.1 0.0107
3  2  25.8 0.01650 0.01650 0.01743   7398     424478.2 0.0116
3  2  25.8 0.01670 0.01670 0.01743   6110     350576.1 0.0128
3  2  25.8 0.01690 0.01689 0.01743   4918     282182.2 0.0143
3  2  25.8 0.01710 0.01709 0.01743   4128     236854.0 0.0156
3  2  25.8 0.01730 0.01729 0.01743   3438     197263.6 0.0171
3  2  25.8 0.01750 0.01748 0.01743   2898     166279.8 0.0186
3  2  25.8 0.01770 0.01768 0.01743   2570     147460.0 0.0197
3  2  25.8 0.01790 0.01787 0.01746   2280     130585.0 0.0209
3  2  25.8 0.01810 0.01807 0.01874   2328     124247.3 0.0207
3  2  25.8 0.01830 0.01826 0.02004   2256     112601.6 0.0211
3  2  25.8 0.01850 0.01846 0.02038   2226     109204.1 0.0212
3  2  25.8 0.01870 0.01865 0.02080   2232     107330.2 0.0212
3  2  25.8 0.01890 0.01895 0.02188   2240     102382.5 0.0211
3  2  25.8 0.01910 0.01914 0.02267   2270     100111.5 0.0210
3  2  25.8 0.01930 0.01934 0.02267   2256      99494.1 0.0211
3  2  25.8 0.01950 0.01953 0.02368   2246      94862.7 0.0211
3  2  25.8 0.01970 0.01973 0.02368   2320      97988.2 0.0208
3  2  25.8 0.01990 0.01992 0.02529   2334      92279.7 0.0207
3  2  25.8 0.02010 0.02012 0.02529   2290      90540.0 0.0209
3  2  25.8 0.02030 0.02031 0.02599   2376      91403.6 0.0205
3  2  25.8 0.02050 0.02051 0.02642   2376      89922.7 0.0205
3  2  25.8 0.02070 0.02070 0.02642   2222      84094.4 0.0212
3  2  25.8 0.02090 0.02090 0.02778   2316      83371.4 0.0208
3  2  25.8 0.02110 0.02109 0.02778   2366      85171.3 0.0206
3  2  25.8 0.02130 0.02129 0.02778   2232      80347.6 0.0212
3  2  25.8 0.02150 0.02148 0.02971   2304      77558.7 0.0208
3  2  25.8 0.02170 0.02168 0.03164   2316      73190.9 0.0208
3  2  25.8 0.02190 0.02188 0.03164   2286      72242.8 0.0209
3  2  25.8 0.02210 0.02207 0.03252   2288      70353.6 0.0209
3  2  25.8 0.02230 0.02227 0.03409   2254      66126.5 0.0211
3  2  25.8 0.02250 0.02246 0.03608   2248      62309.4 0.0211
3  2  25.8 0.02270 0.02266 0.03755   2240      59650.7 0.0211
3  2  25.8 0.02290 0.02285 0.04088   2260      55278.6 0.0210
3  2  25.8 0.02310 0.02314 0.04630   2408      52007.2 0.0204
3  2  25.8 0.02330 0.02334 0.04980   2312      46423.9 0.0208
3  2  25.8 0.02350 0.02354 0.05377   2246      41770.1 0.0211
3  2  25.8 0.02370 0.02373 0.06016   2258      37533.1 0.0210
3  2  25.8 0.02390 0.02393 0.07028   2296      32668.5 0.0209
3  2  25.8 0.02410 0.02412 0.07960   2324      29197.7 0.0207
3  2  25.8 0.02430 0.02432 0.09501   2274      23933.7 0.0210
3  2  25.8 0.02450 0.02451 0.10410   2292      22017.0 0.0209
3  2  25.8 0.02470 0.02471 0.12599   2268      18001.8 0.0210
3  2  25.8 0.02490 0.02490 0.14718   2308      15681.0 0.0208
3  2  25.8 0.02510 0.02510 0.16447   2250      13680.7 0.0211
3  2  25.8 0.02530 0.02529 0.17979   2230      12403.5 0.0212
3  2  25.8 0.02550 0.02549 0.21295   2314      10866.6 0.0208
3  2  25.8 0.02570 0.02568 0.23217   2272       9785.9 0.0210
3  2  25.8 0.02590 0.02588 0.25098   2240       8925.0 0.0211
3  2  25.8 0.02610 0.02607 0.25098   2274       9060.5 0.0210
3  2  25.8 0.02630 0.02627 0.27854   2354       8451.4 0.0206
3  2  25.8 0.02650 0.02646 0.29556   2304       7795.3 0.0208
3  2  25.8 0.02670 0.02666 0.29556   2290       7748.0 0.0209
3  2  25.8 0.02690 0.02686 0.30793   2228       7235.4 0.0212
3  2  25.8 0.02710 0.02715 0.31884   2286       7169.9 0.0209
3  2  25.8 0.02730 0.02734 0.33544   2232       6653.9 0.0212
3  2  25.8 0.02750 0.02754 0.33544   2282       6803.0 0.0209
3  2  25.8 0.02770 0.02773 0.36077   2312       6408.5 0.0208
3  2  25.8 0.02790 0.02793 0.37355   2288       6125.1 0.0209
3  2  25.8 0.02810 0.02813 0.37970   2310       6083.8 0.0208
3  2  25.8 0.02830 0.02832 0.39231   2302       5867.8 0.0208
3  2  25.8 0.02850 0.02852 0.40134   2272       5661.1 0.0210
3  2  25.8 0.02870 0.02871 0.42155   2286       5422.8 0.0209
3  2  25.8 0.02890 0.02891 0.42849   2224       5190.3 0.0212
3  2  25.8 0.02910 0.02910 0.44784   2250       5024.1 0.0211
3  2  25.8 0.02930 0.02930 0.47878   2362       4933.3 0.0206
3  2  25.8 0.02950 0.02949 0.48138   2316       4811.1 0.0208
3  2  25.8 0.02970 0.02969 0.50790   2274       4477.3 0.0210
3  2  25.8 0.02990 0.02988 0.52721   2270       4305.7 0.0210
3  2  25.8 0.03010 0.03008 0.56363   2264       4016.8 0.0210
3  2  25.8 0.03030 0.03027 0.58506   2254       3852.6 0.0211
3  2  25.8 0.03050 0.03047 0.64293   2326       3617.8 0.0207
3  2  25.8 0.03070 0.03066 0.67170   2270       3379.5 0.0210
3  2  25.8 0.03090 0.03086 0.67170   2222       3308.0 0.0212
3  2  25.8 0.03110 0.03105 0.76539   2306       3012.8 0.0208
3  2  25.8 0.03130 0.03135 0.80909   2242       2771.0 0.0211
3  2  25.8 0.03150 0.03154 0.94323   2264       2400.3 0.0210
3  2  25.8 0.03170 0.03174 0.99518   2226       2236.8 0.0212
3  2  25.8 0.03190 0.03193 1.12021   2246       2005.0 0.0211
3  2  25.8 0.03210 0.03213 1.21000   1944       1606.6 0.0227
3  2  25.8 0.03230 0.03232 1.21000   1798       1486.0 0.0236
3  2  25.8 0.03250 0.03252 1.21000   1640       1355.4 0.0247
3  2  25.8 0.03270 0.03271 1.21000   1466       1211.6 0.0261
3  2  25.8 0.03290 0.03291 1.21000   1288       1064.5 0.0279
3  2  25.8 0.03310 0.03311 1.21000   1140        942.1 0.0296
3  2  25.8 0.03330 0.03330 1.21000   1084        895.9 0.0304
3  2  25.8 0.03350 0.03350 1.21000    970        801.7 0.0321
3  2  25.8 0.03370 0.03369 1.21000    966        798.3 0.0322
3  2  25.8 0.03390 0.03389 1.21000    928        766.9 0.0328
3  2  25.8 0.03410 0.03408 1.21000    828        684.3 0.0348
3  2  25.8 0.03430 0.03428 1.21000    772        638.0 0.0360
3  2  25.8 0.03450 0.03447 1.21000    866        715.7 0.0340
3  2  25.8 0.03470 0.03467 1.21000    710        586.8 0.0375
3  2  25.8 0.03490 0.03486 1.21000    764        631.4 0.0362
3  2  25.8 0.03510 0.03506 1.21000    800        661.2 0.0354
3  2  25.8 0.03530 0.03525 1.21000    726        600.0 0.0371
3  2  25.8 0.03550 0.03555 1.21000    714        590.1 0.0374
3  2  25.8 0.03570 0.03574 1.21000    596        492.6 0.0410
3  2  25.8 0.03590 0.03594 1.21000    674        557.0 0.0385
3  2  25.8 0.03610 0.03613 1.21000    666        550.4 0.0387
3  2  25.8 0.03630 0.03633 1.21000    566        467.8 0.0420
3  2  25.8 0.03650 0.03652 1.21000    578        477.7 0.0416
3  2  25.8 0.03670 0.03672 1.21000    580        479.3 0.0415
3  2  25.8 0.03690 0.03691 1.21000    550        454.5 0.0426
3  2  25.8 0.03710 0.03711 1.21000    526        434.7 0.0436
3  2  25.8 0.03730 0.03730 1.21000    566        467.8 0.0420
3  2  25.8 0.03750 0.03750 1.21000    524        433.1 0.0437
3  2  25.8 0.03770 0.03770 1.21000    524        433.1 0.0437
3  2  25.8 0.03790 0.03789 1.21000    500        413.2 0.0447
3  2  25.8 0.03810 0.03809 1.21000    434        358.7 0.0480
3  2  25.8 0.03830 0.03828 1.21000    444        366.9 0.0475
3  2  25.8 0.03850 0.03848 1.21000    458        378.5 0.0467
3  2  25.8 0.03870 0.03867 1.21000    424        350.4 0.0486
3  2  25.8 0.03890 0.03887 1.21000    422        348.8 0.0487
3  2  25.8 0.03910 0.03906 1.21000    386        319.0 0.0509
3  2  25.8 0.03930 0.03926 1.21000    380        314.0 0.0513
3  2  25.8 0.03950 0.03945 1.21000    348        287.6 0.0536
3  2  25.8 0.03970 0.03975 1.21000    338        279.3 0.0544
3  2  25.8 0.03990 0.03994 1.21000    300        247.9 0.0577
3  3  25.8 0.00010 0.00010 1.21000     48         39.7 0.1443
3  3  25.8 0.00030 0.00029 1.21000     52         43.0 0.1387
3  3  25.9 0.00050 0.00049 1.21000     60         49.6 0.1291
3  3  25.9 0.00070 0.00068 1.21000     58         47.9 0.1313
3  3  25.9 0.00090 0.00088 1.21000     76         62.8 0.1147
3  3  25.9 0.00110 0.00107 1.21000     82         67.8 0.1104
3  3  25.9 0.00130 0.00127 1.21000     68         56.2 0.1213
3  3  25.9 0.00150 0.00146 1.21000     70         57.9 0.1195
3  3  25.9 0.00170 0.00166 1.21000     72         59.5 0.1179
3  3  25.9 0.00190 0.00186 1.21000     88         72.7 0.1066
3  3  25.9 0.00210 0.00215 1.21000     92         76.0 0.1043
3  3  25.9 0.00230 0.00234 1.21000    142        117.4 0.0839
3  3  25.9 0.00250 0.00254 1.21000    208        171.9 0.0693
3  3  25.9 0.00270 0.00273 1.21000    420        347.1 0.0488
3  3  25.9 0.00290 0.00293 1.21000    952        786.8 0.0324
3  3  25.9 0.00310 0.00313 1.21000   2154       1780.2 0.0215
3  3  25.9 0.00330 0.00332 1.21000   5048       4171.9 0.0141
3  3  25.9 0.00350 0.00352 1.21000  11932       9861.2 0.0092
3  3  25.9 0.00370 0.00371 1.21000  27222      22497.5 0.0061
3  3  25.9 0.00390 0.00391 1.21000  59372      49067.8 0.0041
3  3  25.9 0.00410 0.00410 0.57760  72236     125063.1 0.0037
3  3  25.9 0.00430 0.00430 0.31729  79418     250302.5 0.0035
3  3  25.9 0.00450 0.00449 0.15210  71624     470899.9 0.0037
3  3  25.9 0.00470 0.00469 0.08355  72374     866210.5 0.0037
3  3  25.9 0.00490 0.00488 0.05230  71898    1374622.4 0.0037
3  3  25.9 0.00510 0.00508 0.03627  72136    1989111.9 0.0037
3  3  25.9 0.00530 0.00527 0.02765  72278    2614187.7 0.0037
3  3  25.9 0.00550 0.00547 0.02274  71902    3162098.7 0.0037
3  3  25.9 0.00570 0.00566 0.02001  71766    3586226.5 0.0037
3  3  25.9 0.00590 0.00586 0.02001  78068    3901144.4 0.0036
3  3  25.9 0.00610 0.00605 0.01751  72214    4123342.1 0.0037
3  3  25.9 0.00630 0.00635 0.01751  75502    4311083.4 0.0036
3  3  25.9 0.00650 0.00654 0.01751  76928    4392506.5 0.0036
3  3  25.9 0.00670 0.00674 0.01751  77876    4446636.3 0.0036
3  3  25.9 0.00690 0.00693 0.01751  78510    4482837.0 0.0036
3  3  25.9 0.00710 0.00713 0.01751  78934    4507046.9 0.0036
3  3  25.9 0.00730 0.00732 0.01751  79220    4523377.2 0.0036
3  3  25.9 0.00750 0.00752 0.01751  79378    4532398.9 0.0035
3  3  25.9 0.00770 0.00771 0.01751  79412    4534340.2 0.0035
3  3  25.9 0.00790 0.00791 0.01751  79358    4531256.9 0.0035
3  3  25.9 0.00810 0.00811 0.01751  79204    4522463.7 0.0036
3  3  25.9 0.00830 0.00830 0.01751  78866    4503164.2 0.0036
3  3  25.9 0.00850 0.00850 0.01751  78388    4475870.9 0.0036
3  3  25.9 0.00870 0.00869 0.01751  77654    4433960.3 0.0036
3  3  25.9 0.00890 0.00889 0.01751  76528    4369666.9 0.0036
3  3  25.9 0.00910 0.00908 0.01751  74912    4277395.0 0.0037
3  3  25.9 0.00930 0.00928 0.01751  72452    4136931.7 0.0037
3  3  25.9 0.00950 0.00947 0.01751  69124    3946906.4 0.0038
3  3  25.9 0.00970 0.00967 0.01751  64042    3656729.7 0.0040
3  3  25.9 0.00990 0.00986 0.01751  57402    3277592.8 0.0042
3  3  25.9 0.01010 0.01006 0.01751  48936    2794193.2 0.0045
3  3  25.9 0.01030 0.01025 0.01751  40604    2318445.0 0.0050
3  3  25.9 0.01050 0.01055 0.01751  29356    1676196.2 0.0058
3  3  25.9 0.01070 0.01074 0.01751  24508    1399380.6 0.0064
3  3  25.9 0.01090 0.01094 0.01751  21120    1205929.4 0.0069
3  3  25.9 0.01110 0.01113 0.01751  19376    1106348.9 0.0072
3  3  25.9 0.01130 0.01133 0.01751  18578    1060783.9 0.0073
3  3  25.9 0.01150 0.01152 0.01751  18088    1032805.4 0.0074
3  3  25.9 0.01170 0.01172 0.01751  17802    1016475.2 0.0075
3  3  25.9 0.01190 0.01191 0.01751  17862    1019901.1 0.0075
3  3  25.9 0.01210 0.01211 0.01751  17626    1006425.7 0.0075
3  3  25.9 0.01230 0.01230 0.01751  17426     995006.0 0.0076
3  3  25.9 0.01250 0.01250 0.01751  17760    1014077.0 0.0075
3  3  25.9 0.01270 0.01270 0.01751  17494     998888.7 0.0076
3  3  25.9 0.01290 0.01289 0.01751  17616    1005854.8 0.0075
3  3  25.9 0.01310 0.01309 0.01751  17714    1011450.4 0.0075
3  3  25.9 0.01330 0.01328 0.01751  17610    1005512.2 0.0075
3  3  25.9 0.01350 0.01348 0.01751  17708    1011107.9 0.0075
3  3  25.9 0.01370 0.01367 0.01751  17446     996147.9 0.0076
3  3  25.9 0.01390 0.01387 0.01751  17568    1003114.0 0.0075
3  3  25.9 0.01410 0.01406 0.01751  17636    1006996.7 0.0075
3  3  25.9 0.01430 0.01426 0.01751  17576    1003570.8 0.0075
3  3  25.9 0.01450 0.01445 0.01751  17776    1014990.6 0.0075
3  3  25.9 0.01470 0.01475 0.01751  17132     978218.9 0.0076
3  3  25.9 0.01490 0.01494 0.01751  17118     977419.5 0.0076
3  3  25.9 0.01510 0.01514 0.01751  16574     946357.7 0.0078
3  3  25.9 0.01530 0.01533 0.01751  15836     904218.7 0.0079
3  3  25.9 0.01550 0.01553 0.01751  14990     855913.0 0.0082
3  3  25.9 0.01570 0.01572 0.01751  14104     805323.3 0.0084
3  3  25.9 0.01590 0.01592 0.01751  12746     727783.0 0.0089
3  3  25.9 0.01610 0.01611 0.01751  11430     652640.8 0.0094
3  3  25.9 0.01630 0.01631 0.01751   9926     566764.0 0.0100
3  3  25.9 0.01650 0.01650 0.01751   8422     480887.2 0.0109
3  3  25.9 0.01670 0.01670 0.01751   7120     406544.4 0.0119
3  3  25.9 0.01690 0.01689 0.01751   5866     334942.3 0.0131
3  3  25.9 0.01710 0.01709 0.01751   4944     282297.1 0.0142
3  3  25.9 0.01730 0.01729 0.01751   3950     225540.8 0.0159
3  3  25.9 0.01750 0.01748 0.01751   3274     186941.9 0.0175
3  3  25.9 0.01770 0.01768 0.01751   2912     166272.1 0.0185
3  3  25.9 0.01790 0.01787 0.01751   2600     148457.2 0.0196
3  3  25.9 0.01810 0.01807 0.01751   2382     136009.7 0.0205
3  3  25.9 0.01830 0.01826 0.01802   2316     128551.2 0.0208
3  3  25.9 0.01850 0.01846 0.01894   2280     120401.9 0.0209
3  3  25.9 0.01870 0.01865 0.02011   2280     113381.5 0.0209
3  3  25.9 0.01890 0.01895 0.02076   2274     109520.7 0.0210
3  3  25.9 0.01910 0.01914 0.02076   2270     109328.0 0.0210
3  3  25.9 0.01930 0.01934 0.02130   2222     104319.2 0.0212
3  3  25.9 0.01950 0.01953 0.02130   2238     105070.3 0.0211
3  3  25.9 0.01970 0.01973 0.02153   2224     103285.3 0.0212
3  3  25.9 0.01990 0.01992 0.02287   2306     100827.9 0.0208
3  3  25.9 0.02010 0.02012 0.02287   2242      98029.5 0.0211
3  3  25.9 0.02030 0.02031 0.02314   2232      96450.3 0.0212
3  3  25.9 0.02050 0.02051 0.02446   2276      93044.9 0.0210
3  3  25.9 0.02070 0.02070 0.02446   2270      92799.6 0.0210
3  3  25.9 0.02090 0.02090 0.02504   2272      90720.1 0.0210
3  3  25.9 0.02110 0.02109 0.02591   2254      87004.0 0.0211
3  3  25.9 0.02130 0.02129 0.02591   2264      87390.0 0.0210
3  3  25.9 0.02150 0.02148 0.02694   2264      84046.5 0.0210
3  3  25.9 0.02170 0.02168 0.02748   2288      83255.6 0.0209
3  3  25.9 0.02190 0.02188 0.02756   2222      80635.6 0.0212
3  3  25.9 0.02210 0.02207 0.02910   2256      77521.8 0.0211
3  3  25.9 0.02230 0.02227 0.03013   2254      74803.9 0.0211
3  3  25.9 0.02250 0.02246 0.03318   2308      69563.8 0.0208
3  3  25.9 0.02270 0.02266 0.03318   2260      68117.0 0.0210
3  3  25.9 0.02290 0.02285 0.03731   2428      65078.7 0.0203
3  3  25.9 0.02310 0.02314 0.03834   2234      58262.0 0.0212
3  3  25.9 0.02330 0.02334 0.04465   2398      53701.4 0.0204
3  3  25.9 0.02350 0.02354 0.04723   2284      48355.8 0.0209
3  3  25.9 0.02370 0.02373 0.05100   2266      44433.8 0.0210
3  3  25.9 0.02390 0.02393 0.05787   2286      39500.1 0.0209
3  3  25.9 0.02410 0.02412 0.06719   2376      35364.4 0.0205
3  3  25.9 0.02430 0.02432 0.07620   2324      30500.3 0.0207
3  3  25.9 0.02450 0.02451 0.08340   2230      26737.8 0.0212
3  3  25.9 0.02470 0.02471 0.09857   2300      23332.5 0.0209
3  3  25.9 0.02490 0.02490 0.11726   2266      19325.3 0.0210
3  3  25.9 0.02510 0.02510 0.13132   2282      17377.2 0.0209
3  3  25.9 0.02530 0.02529 0.15293   2288      14960.8 0.0209
3  3  25.9 0.02550 0.02549 0.16957   2262      13339.7 0.0210
3  3  25.9 0.02570 0.02568 0.19665   2336      11878.9 0.0207
3  3  25.9 0.02590 0.02588 0.21422   2256      10531.1 0.0211
3  3  25.9 0.02610 0.02607 0.22545   2318      10281.5 0.0208
3  3  25.9 0.02630 0.02627 0.24685   2356       9544.4 0.0206
3  3  25.9 0.02650 0.02646 0.24685   2238       9066.4 0.0211
3  3  25.9 0.02670 0.02666 0.26317   2310       8777.6 0.0208
3  3  25.9 0.02690 0.02686 0.27872   2310       8287.8 0.0208
3  3  25.9 0.02710 0.02715 0.29269   2306       7878.7 0.0208
3  3  25.9 0.02730 0.02734 0.29269   2354       8042.7 0.0206
3  3  25.9 0.02750 0.02754 0.29970   2238       7467.5 0.0211
3  3  25.9 0.02770 0.02773 0.32080   2294       7151.0 0.0209
3  3  25.9 0.02790 0.02793 0.32080   2332       7269.4 0.0207
3  3  25.9 0.02810 0.02813 0.32080   2262       7051.2 0.0210
3  3  25.9 0.02830 0.02832 0.33371   2232       6688.4 0.0212
3  3  25.9 0.02850 0.02852 0.34878   2284       6548.5 0.0209
3  3  25.9 0.02870 0.02871 0.35946   2300       6398.5 0.0209
3  3  25.9 0.02890 0.02891 0.35946   2234       6214.9 0.0212
3  3  25.9 0.02910 0.02910 0.38105   2292       6015.0 0.0209
3  3  25.9 0.02930 0.02930 0.40434   2310       5713.0 0.0208
3  3  25.9 0.02950 0.02949 0.43111   2342       5432.4 0.0207
3  3  25.9 0.02970 0.02969 0.44144   2344       5309.8 0.0207
3  3  25.9 0.02990 0.02988 0.44144   2222       5033.5 0.0212
3  3  25.9 0.03010 0.03008 0.47195   2338       4954.0 0.0207
3  3  25.9 0.03030 0.03027 0.49419   2252       4557.0 0.0211
3  3  25.9 0.03050 0.03047 0.51553   2274       4411.0 0.0210
3  3  25.9 0.03070 0.03066 0.56195   2420       4306.4 0.0203
3  3  25.9 0.03090 0.03086 0.58168   2252       3871.6 0.0211
3  3  25.9 0.03110 0.03105 0.60966   2226       3651.2 0.0212
3  3  25.9 0.03130 0.03135 0.70308   2234       3177.5 0.0212
3  3  26.0 0.03150 0.03154 0.76281   2302       3017.8 0.0208
3  3  26.0 0.03170 0.03174 0.80901   2288       2828.1 0.0209
3  3  26.0 0.03190 0.03193 0.90336   2252       2492.9 0.0211
3  3  26.0 0.03210 0.03213 1.00846   2244       2225.2 0.0211
3  3  26.0 0.03230 0.03232 1.10931   2286       2060.7 0.0209
3  3  26.0 0.03250 0.03252 1.21000   2152       1778.5 0.0216
3  3  26.0 0.03270 0.03271 1.21000   1920       1586.8 0.0228
3  3  26.0 0.03290 0.03291 1.21000   1774       1466.1 0.0237
3  3  26.0 0.03310 0.03311 1.21000   1562       1290.9 0.0253
3  3  26.0 0.03330 0.03330 1.21000   1450       1198.3 0.0263
3  3  26.0 0.03350 0.03350 1.21000   1318       1089.3 0.0275
3  3  26.0 0.03370 0.03369 1.21000   1278       1056.2 0.0280
3  3  26.0 0.03390 0.03389 1.21000   1150        950.4 0.0295
3  3  26.0 0.03410 0.03408 1.21000   1116        922.3 0.0299
3  3  26.0 0.03430 0.03428 1.21000   1070        884.3 0.0306
3  3  26.0 0.03450 0.03447 1.21000   1026        847.9 0.0312
3  3  26.0 0.03470 0.03467 1.21000    932        770.2 0.0328
3  3  26.0 0.03490 0.03486 1.21000    888        733.9 0.0336
3  3  26.0 0.03510 0.03506 1.21000    944        780.2 0.0325
3  3  26.0 0.03530 0.03525 1.21000    828        684.3 0.0348
3  3  26.0 0.03550 0.03555 1.21000    798        659.5 0.0354
3  3  26.0 0.03570 0.03574 1.21000    836        690.9 0.0346
3  3  26.0 0.03590 0.03594 1.21000    776        641.3 0.0359
3  3  26.0 0.03610 0.03613 1.21000    776        641.3 0.0359
3  3  26.0 0.03630 0.03633 1.21000    782        646.3 0.0358
3  3  26.0 0.03650 0.03652 1.21000    748        618.2 0.0366
3  3  26.0 0.03670 0.03672 1.21000    732        605.0 0.0370
3  3  26.0 0.03690 0.03691 1.21000    732        605.0 0.0370
3  3  26.0 0.03710 0.03711 1.21000    680        562.0 0.0383
3  3  26.0 0.03730 0.03730 1.21000    676        558.7 0.0385
3  3  26.0 0.03750 0.03750 1.21000    668        552.1 0.0387
3  3  26.0 0.03770 0.03770 1.21000    612        505.8 0.0404
3  3  26.0 0.03790 0.03789 1.21000    622        514.0 0.0401
3  3  26.0 0.03810 0.03809 1.21000    592        489.3 0.0411
3  3  26.0 0.03830 0.03828 1.21000    556        459.5 0.0424
3  3  26.0 0.03850 0.03848 1.21000    554        457.9 0.0425
3  3  26.0 0.03870 0.03867 1.21000    486        401.7 0.0454
3  3  26.0 0.03890 0.03887 1.21000    488        403.3 0.0453
3  3  26.0 0.03910 0.03906 1.21000    522        431.4 0.0438
3  3  26.0 0.03930 0.03926 1.21000    474        391.7 0.0459
3  3  26.0 0.03950 0.03945 1.21000    418        345.5 0.0489
3  3  26.0 0.03970 0.03975 1.21000    438        362.0 0.0478
3  3  26.0 0.03990 0.03994 1.21000    428        353.7 0.0483
