# Scan Time    : Fri, 18 Mar 2022 00:33:50 +0000 (GMT) +513969000 nsec
# Board Lane   : 0
# Board Loc    : Bore Paddle
# SiPM Biases  :  56.903  56.711  56.225  55.960
# SiPM Currents:   1.555   2.217   0.952   0.920
#
0 -1  25.6 0.00010 0.00010 0.00591  71382   12079769.9 0.0037
0 -1  25.6 0.00030 0.00029 0.00591  72030   12189429.1 0.0037
0 -1  25.6 0.00050 0.00049 0.00591  74570   12619266.0 0.0037
0 -1  25.6 0.00070 0.00068 0.00591  76370   12923874.8 0.0036
0 -1  25.6 0.00090 0.00088 0.00591  77680   13145562.3 0.0036
0 -1  25.6 0.00110 0.00107 0.00591  78654   13310389.5 0.0036
0 -1  25.6 0.00130 0.00127 0.00591  79288   13417679.5 0.0036
0 -1  25.6 0.00150 0.00146 0.00591  79496   13452878.8 0.0035
0 -1  25.6 0.00170 0.00166 0.00591  79404   13437309.9 0.0035
0 -1  25.6 0.00190 0.00186 0.00591  78952   13360819.2 0.0036
0 -1  25.6 0.00210 0.00215 0.00591  77290   13079563.7 0.0036
0 -1  25.6 0.00230 0.00234 0.00591  75474   12772247.3 0.0036
0 -1  25.6 0.00250 0.00254 0.00591  72748   12310934.2 0.0037
0 -1  25.6 0.00270 0.00273 0.00591  68584   11606272.5 0.0038
0 -1  25.6 0.00290 0.00293 0.00591  63226   10699553.6 0.0040
0 -1  25.5 0.00310 0.00313 0.00591  55932    9465211.0 0.0042
0 -1  25.5 0.00330 0.00332 0.00591  48880    8271821.4 0.0045
0 -1  25.5 0.00350 0.00352 0.00591  41504    7023602.2 0.0049
0 -1  25.5 0.00370 0.00371 0.00591  35650    6032946.7 0.0053
0 -1  25.5 0.00390 0.00391 0.00591  31944    5405791.0 0.0056
0 -1  25.5 0.00410 0.00410 0.00591  29382    4972231.1 0.0058
0 -1  25.5 0.00430 0.00430 0.00591  27840    4711282.9 0.0060
0 -1  25.5 0.00450 0.00449 0.00591  27100    4586054.8 0.0061
0 -1  25.5 0.00470 0.00469 0.00591  26700    4518364.0 0.0061
0 -1  25.5 0.00490 0.00488 0.00591  26290    4448980.9 0.0062
0 -1  25.5 0.00510 0.00508 0.00591  26164    4427658.2 0.0062
0 -1  25.5 0.00530 0.00527 0.00591  26070    4411750.9 0.0062
0 -1  25.5 0.00550 0.00547 0.00591  25714    4351506.0 0.0062
0 -1  25.5 0.00570 0.00566 0.00591  25916    4385689.9 0.0062
0 -1  25.5 0.00590 0.00586 0.00591  25836    4372151.8 0.0062
0 -1  25.5 0.00610 0.00605 0.00591  25852    4374859.4 0.0062
0 -1  25.5 0.00630 0.00635 0.00591  25924    4387043.7 0.0062
0 -1  25.5 0.00650 0.00654 0.00591  25726    4353536.8 0.0062
0 -1  25.5 0.00670 0.00674 0.00591  25912    4385013.0 0.0062
0 -1  25.5 0.00690 0.00693 0.00591  25618    4335260.2 0.0062
0 -1  25.5 0.00710 0.00713 0.00591  25572    4327475.8 0.0063
0 -1  25.5 0.00730 0.00732 0.00591  25512    4317322.2 0.0063
0 -1  25.5 0.00750 0.00752 0.00591  25414    4300737.9 0.0063
0 -1  25.5 0.00770 0.00771 0.00591  25070    4242523.8 0.0063
0 -1  25.5 0.00790 0.00791 0.00591  24428    4133880.0 0.0064
0 -1  25.5 0.00810 0.00811 0.00591  23672    4005944.3 0.0065
0 -1  25.5 0.00830 0.00830 0.00591  22932    3880716.2 0.0066
0 -1  25.5 0.00850 0.00850 0.00591  21648    3663428.6 0.0068
0 -1  25.5 0.00870 0.00869 0.00591  20464    3463063.7 0.0070
0 -1  25.5 0.00890 0.00889 0.00591  19154    3241376.2 0.0072
0 -1  25.5 0.00910 0.00908 0.00591  17158    2903598.8 0.0076
0 -1  25.5 0.00930 0.00928 0.00591  15708    2658219.5 0.0080
0 -1  25.5 0.00950 0.00947 0.00591  13778    2331611.2 0.0085
0 -1  25.5 0.00970 0.00967 0.00591  12360    2091647.1 0.0090
0 -1  25.5 0.00990 0.00986 0.00591  10908    1845929.4 0.0096
0 -1  25.5 0.01010 0.01006 0.00591   9572    1619841.9 0.0102
0 -1  25.5 0.01030 0.01025 0.00591   8524    1442491.9 0.0108
0 -1  25.5 0.01050 0.01055 0.00591   7418    1255326.7 0.0116
0 -1  25.5 0.01070 0.01074 0.00591   6818    1153790.5 0.0121
0 -1  25.5 0.01090 0.01094 0.00591   6510    1101668.5 0.0124
0 -1  25.5 0.01110 0.01113 0.00591   6242    1056315.7 0.0127
0 -1  25.5 0.01130 0.01133 0.00591   5764     975425.1 0.0132
0 -1  25.5 0.01150 0.01152 0.00591   5618     950717.9 0.0133
0 -1  25.5 0.01170 0.01172 0.00591   5618     950717.9 0.0133
0 -1  25.5 0.01190 0.01191 0.00591   5390     912134.2 0.0136
0 -1  25.5 0.01210 0.01211 0.00591   5332     902319.0 0.0137
0 -1  25.5 0.01230 0.01230 0.00591   5230     885057.8 0.0138
0 -1  25.5 0.01250 0.01250 0.00591   5048     854258.5 0.0141
0 -1  25.5 0.01270 0.01270 0.00591   4966     840381.9 0.0142
0 -1  25.5 0.01290 0.01289 0.00591   4834     818043.9 0.0144
0 -1  25.5 0.01310 0.01309 0.00591   4758     805182.6 0.0145
0 -1  25.5 0.01330 0.01328 0.00591   4618     781490.8 0.0147
0 -1  25.5 0.01350 0.01348 0.00591   4508     762875.8 0.0149
0 -1  25.5 0.01370 0.01367 0.00591   4404     745276.2 0.0151
0 -1  25.5 0.01390 0.01387 0.00591   4316     730384.2 0.0152
0 -1  25.5 0.01410 0.01406 0.00591   4194     709738.5 0.0154
0 -1  25.5 0.01430 0.01426 0.00591   3976     672847.0 0.0159
0 -1  25.5 0.01450 0.01445 0.00591   3768     637647.8 0.0163
0 -1  25.5 0.01470 0.01475 0.00591   3554     601433.2 0.0168
0 -1  25.5 0.01490 0.01494 0.00591   3466     586541.2 0.0170
0 -1  25.5 0.01510 0.01514 0.00591   3216     544234.4 0.0176
0 -1  25.5 0.01530 0.01533 0.00591   3114     526973.2 0.0179
0 -1  25.5 0.01550 0.01553 0.00591   2954     499896.9 0.0184
0 -1  25.5 0.01570 0.01572 0.00591   2600     439990.5 0.0196
0 -1  25.5 0.01590 0.01592 0.00591   2534     428821.5 0.0199
0 -1  25.5 0.01610 0.01611 0.00591   2340     395991.4 0.0207
0 -1  25.5 0.01630 0.01631 0.00631   2368     375481.3 0.0205
0 -1  25.5 0.01650 0.01650 0.00659   2222     337425.8 0.0212
0 -1  25.5 0.01670 0.01670 0.00732   2312     315699.2 0.0208
0 -1  25.5 0.01690 0.01689 0.00789   2266     287137.6 0.0210
0 -1  25.5 0.01710 0.01709 0.00805   2228     276731.9 0.0212
0 -1  25.5 0.01730 0.01729 0.00949   2262     238470.3 0.0210
0 -1  25.5 0.01750 0.01748 0.00980   2234     227962.2 0.0212
0 -1  25.5 0.01770 0.01768 0.01075   2230     207481.7 0.0212
0 -1  25.5 0.01790 0.01787 0.01127   2252     199910.3 0.0211
0 -1  25.5 0.01810 0.01807 0.01197   2242     187364.8 0.0211
0 -1  25.5 0.01830 0.01826 0.01259   2282     181266.6 0.0209
0 -1  25.4 0.01850 0.01846 0.01353   2238     165423.1 0.0211
0 -1  25.4 0.01870 0.01865 0.01389   2268     163264.8 0.0210
0 -1  25.4 0.01890 0.01895 0.01515   2242     148010.2 0.0211
0 -1  25.4 0.01910 0.01914 0.01579   2340     148222.9 0.0207
0 -1  25.4 0.01930 0.01934 0.01579   2228     141128.4 0.0212
0 -1  25.4 0.01950 0.01953 0.01675   2328     138968.0 0.0207
0 -1  25.4 0.01970 0.01973 0.01801   2366     131351.2 0.0206
0 -1  25.4 0.01990 0.01992 0.01801   2236     124134.1 0.0211
0 -1  25.4 0.02010 0.02012 0.01821   2312     126967.0 0.0208
0 -1  25.4 0.02030 0.02031 0.01916   2266     118280.4 0.0210
0 -1  25.4 0.02050 0.02051 0.01930   2298     119087.0 0.0209
0 -1  25.4 0.02070 0.02070 0.01930   2254     116806.8 0.0211
0 -1  25.4 0.02090 0.02090 0.02038   2284     112075.8 0.0209
0 -1  25.4 0.02110 0.02109 0.02108   2264     107425.4 0.0210
0 -1  25.4 0.02130 0.02129 0.02255   2304     102181.5 0.0208
0 -1  25.4 0.02150 0.02148 0.02341   2230      95249.8 0.0212
0 -1  25.4 0.02170 0.02168 0.02397   2280      95116.9 0.0209
0 -1  25.4 0.02190 0.02188 0.02548   2288      89780.3 0.0209
0 -1  25.4 0.02210 0.02207 0.02701   2226      82418.6 0.0212
0 -1  25.4 0.02230 0.02227 0.02850   2248      78871.7 0.0211
0 -1  25.4 0.02250 0.02246 0.03017   2294      76040.0 0.0209
0 -1  25.4 0.02270 0.02266 0.03242   2276      70207.4 0.0210
0 -1  25.4 0.02290 0.02285 0.03461   2236      64601.7 0.0211
0 -1  25.4 0.02310 0.02314 0.03828   2350      61392.1 0.0206
0 -1  25.4 0.02330 0.02334 0.04081   2288      56065.5 0.0209
0 -1  25.4 0.02350 0.02354 0.04249   2222      52291.8 0.0212
0 -1  25.4 0.02370 0.02373 0.04670   2328      49850.5 0.0207
0 -1  25.4 0.02390 0.02393 0.04670   2234      47837.6 0.0212
0 -1  25.4 0.02410 0.02412 0.05023   2266      45113.9 0.0210
0 -1  25.4 0.02430 0.02432 0.05407   2264      41869.0 0.0210
0 -1  25.4 0.02450 0.02451 0.05803   2312      39840.1 0.0208
0 -1  25.4 0.02470 0.02471 0.05942   2280      38369.3 0.0209
0 -1  25.4 0.02490 0.02490 0.06193   2238      36137.0 0.0211
0 -1  25.4 0.02510 0.02510 0.06578   2246      34144.4 0.0211
0 -1  25.4 0.02530 0.02529 0.07148   2278      31868.4 0.0210
0 -1  25.4 0.02550 0.02549 0.07457   2272      30468.5 0.0210
0 -1  25.4 0.02570 0.02568 0.07655   2234      29181.7 0.0212
0 -1  25.4 0.02590 0.02588 0.07992   2242      28054.7 0.0211
0 -1  25.4 0.02610 0.02607 0.07992   2242      28054.7 0.0211
0 -1  25.4 0.02630 0.02627 0.08360   2240      26793.4 0.0211
0 -1  25.4 0.02650 0.02646 0.09540   2344      24569.7 0.0207
0 -1  25.4 0.02670 0.02666 0.09540   2274      23835.9 0.0210
0 -1  25.4 0.02690 0.02686 0.09583   2276      23749.5 0.0210
0 -1  25.4 0.02710 0.02715 0.10208   2280      22335.1 0.0209
0 -1  25.4 0.02730 0.02734 0.10521   2264      21519.6 0.0210
0 -1  25.4 0.02750 0.02754 0.11764   2408      20469.9 0.0204
0 -1  25.4 0.02770 0.02773 0.11764   2322      19738.9 0.0208
0 -1  25.4 0.02790 0.02793 0.11764   2248      19109.8 0.0211
0 -1  25.4 0.02810 0.02813 0.11764   2242      19058.8 0.0211
0 -1  25.4 0.02830 0.02832 0.12676   2290      18065.1 0.0209
0 -1  25.4 0.02850 0.02852 0.12838   2238      17432.4 0.0211
0 -1  25.4 0.02870 0.02871 0.13373   2260      16899.6 0.0210
0 -1  25.4 0.02890 0.02891 0.14397   2312      16059.1 0.0208
0 -1  25.4 0.02910 0.02910 0.14865   2230      15001.6 0.0212
0 -1  25.4 0.02930 0.02930 0.16361   2300      14057.5 0.0209
0 -1  25.4 0.02950 0.02949 0.17132   2266      13226.4 0.0210
0 -1  25.4 0.02970 0.02969 0.17706   2238      12639.7 0.0211
0 -1  25.4 0.02990 0.02988 0.17706   2242      12662.3 0.0211
0 -1  25.4 0.03010 0.03008 0.19497   2236      11468.5 0.0211
0 -1  25.4 0.03030 0.03027 0.21160   2384      11266.6 0.0205
0 -1  25.4 0.03050 0.03047 0.21450   2270      10583.0 0.0210
0 -1  25.4 0.03070 0.03066 0.22567   2254       9988.2 0.0211
0 -1  25.4 0.03090 0.03086 0.23923   2234       9338.2 0.0212
0 -1  25.4 0.03110 0.03105 0.25720   2326       9043.6 0.0207
0 -1  25.4 0.03130 0.03135 0.27482   2262       8230.9 0.0210
0 -1  25.4 0.03150 0.03154 0.27482   2236       8136.2 0.0211
0 -1  25.4 0.03170 0.03174 0.30384   2292       7543.5 0.0209
0 -1  25.4 0.03190 0.03193 0.30913   2280       7375.7 0.0209
0 -1  25.4 0.03210 0.03213 0.32442   2226       6861.5 0.0212
0 -1  25.4 0.03230 0.03232 0.32442   2260       6966.3 0.0210
0 -1  25.4 0.03250 0.03252 0.34196   2234       6532.9 0.0212
0 -1  25.4 0.03270 0.03271 0.37145   2306       6208.2 0.0208
0 -1  25.4 0.03290 0.03291 0.37145   2274       6122.0 0.0210
0 -1  25.4 0.03310 0.03311 0.40085   2306       5752.8 0.0208
0 -1  25.4 0.03330 0.03330 0.40085   2362       5892.5 0.0206
0 -1  25.4 0.03350 0.03350 0.42698   2316       5424.1 0.0208
0 -1  25.4 0.03370 0.03369 0.42698   2272       5321.1 0.0210
0 -1  25.4 0.03390 0.03389 0.44376   2350       5295.7 0.0206
0 -1  25.4 0.03410 0.03408 0.45734   2298       5024.7 0.0209
0 -1  25.3 0.03430 0.03428 0.49487   2406       4861.8 0.0204
0 -1  25.3 0.03450 0.03447 0.49487   2222       4490.0 0.0212
0 -1  25.3 0.03470 0.03467 0.51097   2318       4536.5 0.0208
0 -1  25.3 0.03490 0.03486 0.53809   2304       4281.8 0.0208
0 -1  25.3 0.03510 0.03506 0.53809   2242       4166.6 0.0211
0 -1  25.3 0.03530 0.03525 0.59121   2352       3978.3 0.0206
0 -1  25.3 0.03550 0.03555 0.59174   2266       3829.4 0.0210
0 -1  25.3 0.03570 0.03574 0.60094   2236       3720.9 0.0211
0 -1  25.3 0.03590 0.03594 0.65085   2260       3472.4 0.0210
0 -1  25.3 0.03610 0.03613 0.65085   2222       3414.0 0.0212
0 -1  25.3 0.03630 0.03633 0.70838   2354       3323.1 0.0206
0 -1  25.3 0.03650 0.03652 0.70838   2250       3176.3 0.0211
0 -1  25.3 0.03670 0.03672 0.80451   2344       2913.6 0.0207
0 -1  25.3 0.03690 0.03691 0.80815   2266       2803.9 0.0210
0 -1  25.3 0.03710 0.03711 0.80815   2234       2764.3 0.0212
0 -1  25.3 0.03730 0.03730 0.90510   2338       2583.1 0.0207
0 -1  25.3 0.03750 0.03750 0.90510   2244       2479.3 0.0211
0 -1  25.3 0.03770 0.03770 0.95768   2306       2407.9 0.0208
0 -1  25.3 0.03790 0.03789 1.01443   2280       2247.6 0.0209
0 -1  25.3 0.03810 0.03809 1.03208   2276       2205.2 0.0210
0 -1  25.3 0.03830 0.03828 1.09727   2282       2079.7 0.0209
0 -1  25.3 0.03850 0.03848 1.12149   2224       1983.1 0.0212
0 -1  25.3 0.03870 0.03867 1.20735   2322       1923.2 0.0208
0 -1  25.3 0.03890 0.03887 1.20735   2224       1842.1 0.0212
0 -1  25.3 0.03910 0.03906 1.20735   2270       1880.2 0.0210
0 -1  25.3 0.03930 0.03926 1.21000   2122       1753.7 0.0217
0 -1  25.3 0.03950 0.03945 1.21000   2008       1659.5 0.0223
0 -1  25.3 0.03970 0.03975 1.21000   1974       1631.4 0.0225
0 -1  25.3 0.03990 0.03994 1.21000   1856       1533.9 0.0232
0  0  25.3 0.00010 0.00010 0.01607  72248    4496004.6 0.0037
0  0  25.3 0.00030 0.00029 0.01607  72364    4503223.3 0.0037
0  0  25.3 0.00050 0.00049 0.01607  72842    4532969.3 0.0037
0  0  25.3 0.00070 0.00068 0.01607  73148    4552011.8 0.0037
0  0  25.3 0.00090 0.00088 0.01607  73290    4560848.4 0.0037
0  0  25.3 0.00110 0.00107 0.01607  73380    4566449.2 0.0037
0  0  25.3 0.00130 0.00127 0.01607  73364    4565453.5 0.0037
0  0  25.3 0.00150 0.00146 0.01607  73206    4555621.1 0.0037
0  0  25.3 0.00170 0.00166 0.01607  72946    4539441.3 0.0037
0  0  25.3 0.00190 0.00186 0.01607  72520    4512931.2 0.0037
0  0  25.3 0.00210 0.00215 0.01607  71354    4440370.9 0.0037
0  0  25.3 0.00230 0.00234 0.01607  70162    4366192.5 0.0038
0  0  25.3 0.00250 0.00254 0.01607  68338    4252684.7 0.0038
0  0  25.3 0.00270 0.00273 0.01607  65302    4063753.9 0.0039
0  0  25.3 0.00290 0.00293 0.01607  61128    3804005.2 0.0040
0  0  25.3 0.00310 0.00313 0.01607  54644    3400504.9 0.0043
0  0  25.3 0.00330 0.00332 0.01607  47504    2956181.5 0.0046
0  0  25.3 0.00350 0.00352 0.01607  39088    2432452.5 0.0051
0  0  25.3 0.00370 0.00371 0.01607  32516    2023475.9 0.0055
0  0  25.3 0.00390 0.00391 0.01607  27994    1742071.1 0.0060
0  0  25.2 0.00410 0.00410 0.01607  24698    1536960.5 0.0064
0  0  25.2 0.00430 0.00430 0.01607  23036    1433534.0 0.0066
0  0  25.2 0.00450 0.00449 0.01607  21994    1368690.1 0.0067
0  0  25.2 0.00470 0.00469 0.01607  21598    1344047.0 0.0068
0  0  25.2 0.00490 0.00488 0.01607  21254    1322639.8 0.0069
0  0  25.2 0.00510 0.00508 0.01607  21414    1332596.7 0.0068
0  0  25.2 0.00530 0.00527 0.01607  21264    1323262.1 0.0069
0  0  25.2 0.00550 0.00547 0.01607  21102    1313180.8 0.0069
0  0  25.2 0.00570 0.00566 0.01607  20984    1305837.7 0.0069
0  0  25.2 0.00590 0.00586 0.01607  21258    1322888.7 0.0069
0  0  25.2 0.00610 0.00605 0.01607  21150    1316167.9 0.0069
0  0  25.2 0.00630 0.00635 0.01607  21188    1318532.6 0.0069
0  0  25.2 0.00650 0.00654 0.01607  21152    1316292.4 0.0069
0  0  25.2 0.00670 0.00674 0.01607  21058    1310442.7 0.0069
0  0  25.2 0.00690 0.00693 0.01607  20848    1297374.4 0.0069
0  0  25.2 0.00710 0.00713 0.01607  21072    1311313.9 0.0069
0  0  25.2 0.00730 0.00732 0.01607  21010    1307455.7 0.0069
0  0  25.2 0.00750 0.00752 0.01607  20910    1301232.7 0.0069
0  0  25.2 0.00770 0.00771 0.01607  20928    1302352.8 0.0069
0  0  25.2 0.00790 0.00791 0.01607  20588    1281194.5 0.0070
0  0  25.2 0.00810 0.00811 0.01607  20698    1288039.9 0.0070
0  0  25.2 0.00830 0.00830 0.01607  20170    1255182.3 0.0070
0  0  25.2 0.00850 0.00850 0.01607  19380    1206020.5 0.0072
0  0  25.2 0.00870 0.00869 0.01607  18496    1151009.0 0.0074
0  0  25.2 0.00890 0.00889 0.01607  17522    1090396.9 0.0076
0  0  25.2 0.00910 0.00908 0.01607  15898     989335.1 0.0079
0  0  25.2 0.00930 0.00928 0.01607  14302     890015.8 0.0084
0  0  25.2 0.00950 0.00947 0.01607  12366     769538.2 0.0090
0  0  25.2 0.00970 0.00967 0.01607  10574     658021.7 0.0097
0  0  25.2 0.00990 0.00986 0.01607   8804     547874.3 0.0107
0  0  25.2 0.01010 0.01006 0.01607   7400     460503.2 0.0116
0  0  25.2 0.01030 0.01025 0.01607   6184     384831.3 0.0127
0  0  25.2 0.01050 0.01055 0.01607   4794     298331.4 0.0144
0  0  25.2 0.01070 0.01074 0.01607   4128     256886.1 0.0156
0  0  25.2 0.01090 0.01094 0.01607   3704     230500.5 0.0164
0  0  25.2 0.01110 0.01113 0.01607   3376     210089.0 0.0172
0  0  25.2 0.01130 0.01133 0.01607   3108     193411.3 0.0179
0  0  25.2 0.01150 0.01152 0.01607   2888     179720.7 0.0186
0  0  25.2 0.01170 0.01172 0.01607   2838     176609.2 0.0188
0  0  25.2 0.01190 0.01191 0.01607   2830     176111.4 0.0188
0  0  25.2 0.01210 0.01211 0.01607   2800     174244.4 0.0189
0  0  25.2 0.01230 0.01230 0.01607   2806     174617.8 0.0189
0  0  25.2 0.01250 0.01250 0.01607   2674     166403.4 0.0193
0  0  25.2 0.01270 0.01270 0.01607   2654     165158.8 0.0194
0  0  25.2 0.01290 0.01289 0.01607   2588     161051.7 0.0197
0  0  25.2 0.01310 0.01309 0.01607   2600     161798.4 0.0196
0  0  25.2 0.01330 0.01328 0.01607   2434     151468.2 0.0203
0  0  25.2 0.01350 0.01348 0.01607   2504     155824.3 0.0200
0  0  25.2 0.01370 0.01367 0.01607   2484     154579.7 0.0201
0  0  25.2 0.01390 0.01387 0.01607   2400     149352.4 0.0204
0  0  25.2 0.01410 0.01406 0.01607   2304     143378.3 0.0208
0  0  25.2 0.01430 0.01426 0.01641   2394     145894.8 0.0204
0  0  25.2 0.01450 0.01445 0.01641   2292     139678.8 0.0209
0  0  25.2 0.01470 0.01475 0.01702   2254     132456.5 0.0211
0  0  25.2 0.01490 0.01494 0.01781   2252     126451.3 0.0211
0  0  25.2 0.01510 0.01514 0.01815   2296     126485.1 0.0209
0  0  25.2 0.01530 0.01533 0.01852   2226     120200.5 0.0212
0  0  25.2 0.01550 0.01553 0.01973   2356     119433.7 0.0206
0  0  25.2 0.01570 0.01572 0.02039   2232     109481.3 0.0212
0  0  25.2 0.01590 0.01592 0.02091   2228     106545.0 0.0212
0  0  25.2 0.01610 0.01611 0.02380   2274      95531.0 0.0210
0  0  25.2 0.01630 0.01631 0.02521   2272      90116.8 0.0210
0  0  25.2 0.01650 0.01650 0.02709   2280      84170.0 0.0209
0  0  25.2 0.01670 0.01670 0.02911   2246      77168.3 0.0211
0  0  25.2 0.01690 0.01689 0.03484   2372      68073.4 0.0205
0  0  25.2 0.01710 0.01709 0.03751   2380      63448.8 0.0205
0  0  25.2 0.01730 0.01729 0.04201   2228      53034.6 0.0212
0  0  25.2 0.01750 0.01748 0.04981   2310      46374.8 0.0208
0  0  25.2 0.01770 0.01768 0.05717   2288      40021.4 0.0209
0  0  25.2 0.01790 0.01787 0.06352   2222      34983.7 0.0212
0  0  25.2 0.01810 0.01807 0.07436   2288      30770.2 0.0209
0  0  25.2 0.01830 0.01826 0.08197   2228      27181.3 0.0212
0  0  25.2 0.01850 0.01846 0.09230   2224      24096.1 0.0212
0  0  25.2 0.01870 0.01865 0.10021   2244      22393.6 0.0211
0  0  25.2 0.01890 0.01895 0.11407   2266      19865.8 0.0210
0  0  25.2 0.01910 0.01914 0.12031   2256      18752.0 0.0211
0  0  25.2 0.01930 0.01934 0.12680   2300      18139.4 0.0209
0  0  25.2 0.01950 0.01953 0.13418   2368      17647.9 0.0205
0  0  25.2 0.01970 0.01973 0.13418   2244      16723.7 0.0211
0  0  25.2 0.01990 0.01992 0.13565   2226      16410.4 0.0212
0  0  25.2 0.02010 0.02012 0.14394   2274      15798.6 0.0210
0  0  25.2 0.02030 0.02031 0.14394   2262      15715.2 0.0210
0  0  25.2 0.02050 0.02051 0.15215   2242      14735.0 0.0211
0  0  25.2 0.02070 0.02070 0.15623   2238      14324.8 0.0211
0  0  25.2 0.02090 0.02090 0.16457   2264      13757.3 0.0210
0  0  25.2 0.02110 0.02109 0.16457   2240      13611.4 0.0211
0  0  25.2 0.02130 0.02129 0.17518   2386      13620.6 0.0205
0  0  25.2 0.02150 0.02148 0.17518   2240      12787.1 0.0211
0  0  25.2 0.02170 0.02168 0.18206   2248      12347.7 0.0211
0  0  25.2 0.02190 0.02188 0.19282   2260      11720.8 0.0210
0  0  25.2 0.02210 0.02207 0.19404   2274      11719.2 0.0210
0  0  25.2 0.02230 0.02227 0.20502   2294      11189.0 0.0209
0  0  25.2 0.02250 0.02246 0.21616   2284      10566.2 0.0209
0  0  25.2 0.02270 0.02266 0.21892   2228      10177.2 0.0212
0  0  25.2 0.02290 0.02285 0.23120   2258       9766.5 0.0210
0  0  25.2 0.02310 0.02314 0.24831   2382       9592.9 0.0205
0  0  25.2 0.02330 0.02334 0.26645   2348       8812.3 0.0206
0  0  25.2 0.02350 0.02354 0.27034   2288       8463.4 0.0209
0  0  25.2 0.02370 0.02373 0.28712   2372       8261.2 0.0205
0  0  25.2 0.02390 0.02393 0.29924   2254       7532.3 0.0211
0  0  25.2 0.02410 0.02412 0.32278   2294       7107.1 0.0209
0  0  25.2 0.02430 0.02432 0.34185   2242       6558.3 0.0211
0  0  25.2 0.02450 0.02451 0.36068   2248       6232.6 0.0211
0  0  25.2 0.02470 0.02471 0.39992   2260       5651.1 0.0210
0  0  25.2 0.02490 0.02490 0.44831   2252       5023.3 0.0211
0  0  25.2 0.02510 0.02510 0.48688   2304       4732.2 0.0208
0  0  25.2 0.02530 0.02529 0.54810   2242       4090.5 0.0211
0  0  25.2 0.02550 0.02549 0.60531   2304       3806.3 0.0208
0  0  25.2 0.02570 0.02568 0.68059   2284       3355.9 0.0209
0  0  25.2 0.02590 0.02588 0.74711   2328       3116.0 0.0207
0  0  25.2 0.02610 0.02607 0.79888   2236       2798.9 0.0211
0  0  25.2 0.02630 0.02627 0.91840   2352       2561.0 0.0206
0  0  25.2 0.02650 0.02646 1.00299   2340       2333.0 0.0207
0  0  25.2 0.02670 0.02666 1.00935   2222       2201.4 0.0212
0  0  25.2 0.02690 0.02686 1.12796   2330       2065.7 0.0207
0  0  25.2 0.02710 0.02715 1.17416   2344       1996.3 0.0207
0  0  25.2 0.02730 0.02734 1.21000   2114       1747.1 0.0217
0  0  25.2 0.02750 0.02754 1.21000   2068       1709.1 0.0220
0  0  25.2 0.02770 0.02773 1.21000   1994       1647.9 0.0224
0  0  25.2 0.02790 0.02793 1.21000   1960       1619.8 0.0226
0  0  25.2 0.02810 0.02813 1.21000   1892       1563.6 0.0230
0  0  25.2 0.02830 0.02832 1.21000   1914       1581.8 0.0229
0  0  25.2 0.02850 0.02852 1.21000   1738       1436.4 0.0240
0  0  25.2 0.02870 0.02871 1.21000   1760       1454.5 0.0238
0  0  25.2 0.02890 0.02891 1.21000   1710       1413.2 0.0242
0  0  25.2 0.02910 0.02910 1.21000   1662       1373.6 0.0245
0  0  25.2 0.02930 0.02930 1.21000   1630       1347.1 0.0248
0  0  25.2 0.02950 0.02949 1.21000   1590       1314.0 0.0251
0  0  25.3 0.02970 0.02969 1.21000   1548       1279.3 0.0254
0  0  25.3 0.02990 0.02988 1.21000   1420       1173.6 0.0265
0  0  25.3 0.03010 0.03008 1.21000   1470       1214.9 0.0261
0  0  25.3 0.03030 0.03027 1.21000   1420       1173.6 0.0265
0  0  25.3 0.03050 0.03047 1.21000   1350       1115.7 0.0272
0  0  25.3 0.03070 0.03066 1.21000   1304       1077.7 0.0277
0  0  25.3 0.03090 0.03086 1.21000   1174        970.2 0.0292
0  0  25.3 0.03110 0.03105 1.21000   1200        991.7 0.0289
0  0  25.3 0.03130 0.03135 1.21000   1178        973.6 0.0291
0  0  25.3 0.03150 0.03154 1.21000   1104        912.4 0.0301
0  0  25.3 0.03170 0.03174 1.21000   1110        917.4 0.0300
0  0  25.3 0.03190 0.03193 1.21000    974        805.0 0.0320
0  0  25.3 0.03210 0.03213 1.21000    984        813.2 0.0319
0  0  25.3 0.03230 0.03232 1.21000    932        770.2 0.0328
0  0  25.3 0.03250 0.03252 1.21000    842        695.9 0.0345
0  0  25.3 0.03270 0.03271 1.21000    824        681.0 0.0348
0  0  25.3 0.03290 0.03291 1.21000    738        609.9 0.0368
0  0  25.3 0.03310 0.03311 1.21000    736        608.3 0.0369
0  0  25.3 0.03330 0.03330 1.21000    686        566.9 0.0382
0  0  25.3 0.03350 0.03350 1.21000    634        524.0 0.0397
0  0  25.3 0.03370 0.03369 1.21000    566        467.8 0.0420
0  0  25.3 0.03390 0.03389 1.21000    516        426.4 0.0440
0  0  25.3 0.03410 0.03408 1.21000    530        438.0 0.0434
0  0  25.3 0.03430 0.03428 1.21000    518        428.1 0.0439
0  0  25.3 0.03450 0.03447 1.21000    480        396.7 0.0456
0  0  25.3 0.03470 0.03467 1.21000    440        363.6 0.0477
0  0  25.3 0.03490 0.03486 1.21000    420        347.1 0.0488
0  0  25.3 0.03510 0.03506 1.21000    446        368.6 0.0474
0  0  25.3 0.03530 0.03525 1.21000    430        355.4 0.0482
0  0  25.3 0.03550 0.03555 1.21000    414        342.1 0.0491
0  0  25.3 0.03570 0.03574 1.21000    410        338.8 0.0494
0  0  25.3 0.03590 0.03594 1.21000    406        335.5 0.0496
0  0  25.3 0.03610 0.03613 1.21000    362        299.2 0.0526
0  0  25.3 0.03630 0.03633 1.21000    388        320.7 0.0508
0  0  25.3 0.03650 0.03652 1.21000    350        289.3 0.0535
0  0  25.3 0.03670 0.03672 1.21000    364        300.8 0.0524
0  0  25.3 0.03690 0.03691 1.21000    352        290.9 0.0533
0  0  25.3 0.03710 0.03711 1.21000    346        286.0 0.0538
0  0  25.3 0.03730 0.03730 1.21000    376        310.7 0.0516
0  0  25.3 0.03750 0.03750 1.21000    340        281.0 0.0542
0  0  25.3 0.03770 0.03770 1.21000    338        279.3 0.0544
0  0  25.3 0.03790 0.03789 1.21000    322        266.1 0.0557
0  0  25.3 0.03810 0.03809 1.21000    318        262.8 0.0561
0  0  25.3 0.03830 0.03828 1.21000    324        267.8 0.0556
0  0  25.3 0.03850 0.03848 1.21000    352        290.9 0.0533
0  0  25.3 0.03870 0.03867 1.21000    316        261.2 0.0563
0  0  25.3 0.03890 0.03887 1.21000    314        259.5 0.0564
0  0  25.3 0.03910 0.03906 1.21000    296        244.6 0.0581
0  0  25.3 0.03930 0.03926 1.21000    308        254.5 0.0570
0  0  25.3 0.03950 0.03945 1.21000    296        244.6 0.0581
0  0  25.3 0.03970 0.03975 1.21000    266        219.8 0.0613
0  0  25.3 0.03990 0.03994 1.21000    280        231.4 0.0598
0  1  25.3 0.00010 0.00010 0.01620  72422    4471805.5 0.0037
0  1  25.3 0.00030 0.00029 0.01620  72544    4479338.5 0.0037
0  1  25.3 0.00050 0.00049 0.01620  73216    4520832.2 0.0037
0  1  25.3 0.00070 0.00068 0.01620  73672    4548988.6 0.0037
0  1  25.3 0.00090 0.00088 0.01620  73934    4565166.2 0.0037
0  1  25.3 0.00110 0.00107 0.01620  74112    4576157.1 0.0037
0  1  25.3 0.00130 0.00127 0.01620  74168    4579614.9 0.0037
0  1  25.3 0.00150 0.00146 0.01620  74130    4577268.5 0.0037
0  1  25.3 0.00170 0.00166 0.01620  73984    4568253.5 0.0037
0  1  25.3 0.00190 0.00186 0.01620  73680    4549482.6 0.0037
0  1  25.3 0.00210 0.00215 0.01620  72870    4499467.9 0.0037
0  1  25.3 0.00230 0.00234 0.01620  72066    4449823.7 0.0037
0  1  25.3 0.00250 0.00254 0.01620  70754    4368812.3 0.0038
0  1  25.3 0.00270 0.00273 0.01620  68640    4238280.2 0.0038
0  1  25.3 0.00290 0.00293 0.01620  65630    4052423.2 0.0039
0  1  25.3 0.00310 0.00313 0.01620  60680    3746778.0 0.0041
0  1  25.3 0.00330 0.00332 0.01620  54460    3362714.7 0.0043
0  1  25.3 0.00350 0.00352 0.01620  46118    2847625.4 0.0047
0  1  25.3 0.00370 0.00371 0.01620  38054    2349701.5 0.0051
0  1  25.3 0.00390 0.00391 0.01620  31454    1942174.6 0.0056
0  1  25.3 0.00410 0.00410 0.01620  26030    1607261.6 0.0062
0  1  25.4 0.00430 0.00430 0.01620  22686    1400781.2 0.0066
0  1  25.4 0.00450 0.00449 0.01620  21212    1309766.9 0.0069
0  1  25.4 0.00470 0.00469 0.01620  20078    1239746.4 0.0071
0  1  25.4 0.00490 0.00488 0.01620  19604    1210478.5 0.0071
0  1  25.4 0.00510 0.00508 0.01620  19542    1206650.2 0.0072
0  1  25.4 0.00530 0.00527 0.01620  19426    1199487.6 0.0072
0  1  25.4 0.00550 0.00547 0.01620  19228    1187261.8 0.0072
0  1  25.4 0.00570 0.00566 0.01620  19354    1195041.9 0.0072
0  1  25.4 0.00590 0.00586 0.01620  19458    1201463.5 0.0072
0  1  25.4 0.00610 0.00605 0.01620  19262    1189361.2 0.0072
0  1  25.4 0.00630 0.00635 0.01620  19180    1184298.0 0.0072
0  1  25.4 0.00650 0.00654 0.01620  19152    1182569.1 0.0072
0  1  25.4 0.00670 0.00674 0.01620  19076    1177876.4 0.0072
0  1  25.4 0.00690 0.00693 0.01620  19352    1194918.4 0.0072
0  1  25.4 0.00710 0.00713 0.01620  19250    1188620.2 0.0072
0  1  25.4 0.00730 0.00732 0.01620  19172    1183804.0 0.0072
0  1  25.4 0.00750 0.00752 0.01620  19130    1181210.7 0.0072
0  1  25.4 0.00770 0.00771 0.01620  19052    1176394.4 0.0072
0  1  25.4 0.00790 0.00791 0.01620  18830    1162686.7 0.0073
0  1  25.4 0.00810 0.00811 0.01620  18512    1143051.3 0.0073
0  1  25.4 0.00830 0.00830 0.01620  18116    1118599.7 0.0074
0  1  25.4 0.00850 0.00850 0.01620  17500    1080563.9 0.0076
0  1  25.4 0.00870 0.00869 0.01620  16518    1019928.8 0.0078
0  1  25.4 0.00890 0.00889 0.01620  15356     948179.3 0.0081
0  1  25.4 0.00910 0.00908 0.01620  13688     845186.2 0.0085
0  1  25.4 0.00930 0.00928 0.01620  12080     745897.8 0.0091
0  1  25.4 0.00950 0.00947 0.01620  10408     642657.6 0.0098
0  1  25.4 0.00970 0.00967 0.01620   8638     533366.3 0.0108
0  1  25.4 0.00990 0.00986 0.01620   7082     437288.8 0.0119
0  1  25.4 0.01010 0.01006 0.01620   5968     368503.1 0.0129
0  1  25.4 0.01030 0.01025 0.01620   5056     312190.3 0.0141
0  1  25.4 0.01050 0.01055 0.01620   3914     241675.8 0.0160
0  1  25.4 0.01070 0.01074 0.01620   3374     208332.7 0.0172
0  1  25.4 0.01090 0.01094 0.01620   3060     188944.3 0.0181
0  1  25.4 0.01110 0.01113 0.01620   2858     176471.5 0.0187
0  1  25.4 0.01130 0.01133 0.01620   2790     172272.8 0.0189
0  1  25.4 0.01150 0.01152 0.01620   2582     159429.5 0.0197
0  1  25.4 0.01170 0.01172 0.01620   2484     153378.3 0.0201
0  1  25.4 0.01190 0.01191 0.01620   2358     145598.3 0.0206
0  1  25.4 0.01210 0.01211 0.01620   2366     146092.2 0.0206
0  1  25.4 0.01230 0.01230 0.01620   2390     147574.1 0.0205
0  1  25.4 0.01250 0.01250 0.01620   2272     140288.1 0.0210
0  1  25.4 0.01270 0.01270 0.01620   2292     141523.0 0.0209
0  1  25.4 0.01290 0.01289 0.01620   2242     138435.7 0.0211
0  1  25.4 0.01310 0.01309 0.01620   2244     138559.2 0.0211
0  1  25.4 0.01330 0.01328 0.01698   2294     135093.3 0.0209
0  1  25.4 0.01350 0.01348 0.01698   2266     133444.4 0.0210
0  1  25.4 0.01370 0.01367 0.01788   2310     129178.7 0.0208
0  1  25.4 0.01390 0.01387 0.01788   2268     126830.0 0.0210
0  1  25.4 0.01410 0.01406 0.01907   2310     121155.9 0.0208
0  1  25.4 0.01430 0.01426 0.01907   2304     120841.2 0.0208
0  1  25.4 0.01450 0.01445 0.01945   2282     117317.3 0.0209
0  1  25.4 0.01470 0.01475 0.02012   2364     117517.9 0.0206
0  1  25.4 0.01490 0.01494 0.02012   2222     110458.9 0.0212
0  1  25.4 0.01510 0.01514 0.02174   2286     105150.6 0.0209
0  1  25.4 0.01530 0.01533 0.02243   2272     101308.4 0.0210
0  1  25.4 0.01550 0.01553 0.02336   2312      98956.2 0.0208
0  1  25.4 0.01570 0.01572 0.02537   2336      92068.8 0.0207
0  1  25.4 0.01590 0.01592 0.02772   2304      83124.5 0.0208
0  1  25.4 0.01610 0.01611 0.02875   2332      81117.5 0.0207
0  1  25.4 0.01630 0.01631 0.03184   2230      70029.0 0.0212
0  1  25.4 0.01650 0.01650 0.03593   2250      62629.8 0.0211
0  1  25.4 0.01670 0.01670 0.03928   2250      57274.3 0.0211
0  1  25.4 0.01690 0.01689 0.04442   2282      51371.4 0.0209
0  1  25.4 0.01710 0.01709 0.05336   2278      42691.5 0.0210
0  1  25.4 0.01730 0.01729 0.05911   2248      38033.9 0.0211
0  1  25.4 0.01750 0.01748 0.07132   2336      32754.5 0.0207
0  1  25.4 0.01770 0.01768 0.08211   2222      27061.7 0.0212
0  1  25.4 0.01790 0.01787 0.09118   2248      24654.2 0.0211
0  1  25.4 0.01810 0.01807 0.10254   2234      21785.6 0.0212
0  1  25.4 0.01830 0.01826 0.11508   2296      19951.7 0.0209
0  1  25.4 0.01850 0.01846 0.12910   2388      18497.7 0.0205
0  1  25.4 0.01870 0.01865 0.13218   2330      17627.4 0.0207
0  1  25.4 0.01890 0.01895 0.14359   2304      16046.1 0.0208
0  1  25.4 0.01910 0.01914 0.14715   2236      15195.8 0.0211
0  1  25.4 0.01930 0.01934 0.15315   2296      14991.8 0.0209
0  1  25.4 0.01950 0.01953 0.15882   2264      14255.4 0.0210
0  1  25.4 0.01970 0.01973 0.16614   2258      13590.6 0.0210
0  1  25.4 0.01990 0.01992 0.17596   2328      13229.9 0.0207
0  1  25.4 0.02010 0.02012 0.17596   2242      12741.2 0.0211
0  1  25.4 0.02030 0.02031 0.17596   2272      12911.7 0.0210
0  1  25.4 0.02050 0.02051 0.19070   2402      12595.7 0.0204
0  1  25.4 0.02070 0.02070 0.19226   2256      11734.2 0.0211
0  1  25.4 0.02090 0.02090 0.19226   2290      11911.1 0.0209
0  1  25.4 0.02110 0.02109 0.20710   2402      11598.0 0.0204
0  1  25.4 0.02130 0.02129 0.20710   2380      11491.8 0.0205
0  1  25.4 0.02150 0.02148 0.20710   2226      10748.2 0.0212
0  1  25.4 0.02170 0.02168 0.22580   2294      10159.3 0.0209
0  1  25.4 0.02190 0.02188 0.22580   2238       9911.3 0.0211
0  1  25.4 0.02210 0.02207 0.23915   2278       9525.5 0.0210
0  1  25.4 0.02230 0.02227 0.24309   2230       9173.7 0.0212
0  1  25.4 0.02250 0.02246 0.25502   2260       8861.9 0.0210
0  1  25.4 0.02270 0.02266 0.27113   2248       8291.2 0.0211
0  1  25.4 0.02290 0.02285 0.28414   2366       8326.9 0.0206
0  1  25.4 0.02310 0.02314 0.30852   2310       7487.3 0.0208
0  1  25.4 0.02330 0.02334 0.31767   2270       7145.7 0.0210
0  1  25.4 0.02350 0.02354 0.35712   2444       6843.6 0.0202
0  1  25.4 0.02370 0.02373 0.37715   2250       5965.8 0.0211
0  1  25.4 0.02390 0.02393 0.39803   2238       5622.6 0.0211
0  1  25.4 0.02410 0.02412 0.43783   2268       5180.1 0.0210
0  1  25.4 0.02430 0.02432 0.49636   2354       4742.5 0.0206
0  1  25.4 0.02450 0.02451 0.56106   2408       4291.9 0.0204
0  1  25.4 0.02470 0.02471 0.57600   2242       3892.4 0.0211
0  1  25.5 0.02490 0.02490 0.67661   2260       3340.2 0.0210
0  1  25.5 0.02510 0.02510 0.75096   2234       2974.8 0.0212
0  1  25.5 0.02530 0.02529 0.85217   2302       2701.3 0.0208
0  1  25.5 0.02550 0.02549 0.93108   2310       2481.0 0.0208
0  1  25.5 0.02570 0.02568 1.04159   2292       2200.5 0.0209
0  1  25.5 0.02590 0.02588 1.14393   2376       2077.1 0.0205
0  1  25.5 0.02610 0.02607 1.21000   2086       1724.0 0.0219
0  1  25.5 0.02630 0.02627 1.21000   2046       1690.9 0.0221
0  1  25.5 0.02650 0.02646 1.21000   1892       1563.6 0.0230
0  1  25.5 0.02670 0.02666 1.21000   1792       1481.0 0.0236
0  1  25.5 0.02690 0.02686 1.21000   1706       1409.9 0.0242
0  1  25.5 0.02710 0.02715 1.21000   1654       1366.9 0.0246
0  1  25.5 0.02730 0.02734 1.21000   1674       1383.5 0.0244
0  1  25.5 0.02750 0.02754 1.21000   1666       1376.9 0.0245
0  1  25.5 0.02770 0.02773 1.21000   1516       1252.9 0.0257
0  1  25.5 0.02790 0.02793 1.21000   1476       1219.8 0.0260
0  1  25.5 0.02810 0.02813 1.21000   1412       1166.9 0.0266
0  1  25.5 0.02830 0.02832 1.21000   1402       1158.7 0.0267
0  1  25.5 0.02850 0.02852 1.21000   1376       1137.2 0.0270
0  1  25.5 0.02870 0.02871 1.21000   1298       1072.7 0.0278
0  1  25.5 0.02890 0.02891 1.21000   1232       1018.2 0.0285
0  1  25.5 0.02910 0.02910 1.21000   1208        998.3 0.0288
0  1  25.5 0.02930 0.02930 1.21000   1252       1034.7 0.0283
0  1  25.5 0.02950 0.02949 1.21000   1152        952.1 0.0295
0  1  25.5 0.02970 0.02969 1.21000   1162        960.3 0.0293
0  1  25.5 0.02990 0.02988 1.21000   1082        894.2 0.0304
0  1  25.5 0.03010 0.03008 1.21000   1062        877.7 0.0307
0  1  25.5 0.03030 0.03027 1.21000    990        818.2 0.0318
0  1  25.5 0.03050 0.03047 1.21000    958        791.7 0.0323
0  1  25.5 0.03070 0.03066 1.21000    968        800.0 0.0321
0  1  25.5 0.03090 0.03086 1.21000    900        743.8 0.0333
0  1  25.5 0.03110 0.03105 1.21000    836        690.9 0.0346
0  1  25.5 0.03130 0.03135 1.21000    822        679.3 0.0349
0  1  25.5 0.03150 0.03154 1.21000    726        600.0 0.0371
0  1  25.5 0.03170 0.03174 1.21000    722        596.7 0.0372
0  1  25.5 0.03190 0.03193 1.21000    620        512.4 0.0402
0  1  25.5 0.03210 0.03213 1.21000    646        533.9 0.0393
0  1  25.5 0.03230 0.03232 1.21000    550        454.5 0.0426
0  1  25.5 0.03250 0.03252 1.21000    474        391.7 0.0459
0  1  25.5 0.03270 0.03271 1.21000    484        400.0 0.0455
0  1  25.5 0.03290 0.03291 1.21000    464        383.5 0.0464
0  1  25.5 0.03310 0.03311 1.21000    410        338.8 0.0494
0  1  25.5 0.03330 0.03330 1.21000    402        332.2 0.0499
0  1  25.5 0.03350 0.03350 1.21000    374        309.1 0.0517
0  1  25.5 0.03370 0.03369 1.21000    360        297.5 0.0527
0  1  25.5 0.03390 0.03389 1.21000    318        262.8 0.0561
0  1  25.5 0.03410 0.03408 1.21000    338        279.3 0.0544
0  1  25.5 0.03430 0.03428 1.21000    306        252.9 0.0572
0  1  25.5 0.03450 0.03447 1.21000    308        254.5 0.0570
0  1  25.5 0.03470 0.03467 1.21000    350        289.3 0.0535
0  1  25.5 0.03490 0.03486 1.21000    284        234.7 0.0593
0  1  25.5 0.03510 0.03506 1.21000    318        262.8 0.0561
0  1  25.6 0.03530 0.03525 1.21000    276        228.1 0.0602
0  1  25.6 0.03550 0.03555 1.21000    274        226.4 0.0604
0  1  25.6 0.03570 0.03574 1.21000    282        233.1 0.0595
0  1  25.6 0.03590 0.03594 1.21000    270        223.1 0.0609
0  1  25.6 0.03610 0.03613 1.21000    272        224.8 0.0606
0  1  25.6 0.03630 0.03633 1.21000    270        223.1 0.0609
0  1  25.6 0.03650 0.03652 1.21000    254        209.9 0.0627
0  1  25.6 0.03670 0.03672 1.21000    252        208.3 0.0630
0  1  25.6 0.03690 0.03691 1.21000    264        218.2 0.0615
0  1  25.6 0.03710 0.03711 1.21000    250        206.6 0.0632
0  1  25.6 0.03730 0.03730 1.21000    242        200.0 0.0643
0  1  25.6 0.03750 0.03750 1.21000    246        203.3 0.0638
0  1  25.6 0.03770 0.03770 1.21000    236        195.0 0.0651
0  1  25.6 0.03790 0.03789 1.21000    214        176.9 0.0684
0  1  25.6 0.03810 0.03809 1.21000    202        166.9 0.0704
0  1  25.6 0.03830 0.03828 1.21000    232        191.7 0.0657
0  1  25.6 0.03850 0.03848 1.21000    202        166.9 0.0704
0  1  25.6 0.03870 0.03867 1.21000    212        175.2 0.0687
0  1  25.6 0.03890 0.03887 1.21000    210        173.6 0.0690
0  1  25.6 0.03910 0.03906 1.21000    214        176.9 0.0684
0  1  25.6 0.03930 0.03926 1.21000    198        163.6 0.0711
0  1  25.6 0.03950 0.03945 1.21000    200        165.3 0.0707
0  1  25.6 0.03970 0.03975 1.21000    170        140.5 0.0767
0  1  25.6 0.03990 0.03994 1.21000    182        150.4 0.0741
0  2  25.6 0.00010 0.00010 0.01608  72222    4492739.0 0.0037
0  2  25.6 0.00030 0.00029 0.01608  72356    4501074.8 0.0037
0  2  25.6 0.00050 0.00049 0.01608  72876    4533422.6 0.0037
0  2  25.6 0.00070 0.00068 0.01608  73188    4552831.3 0.0037
0  2  25.6 0.00090 0.00088 0.01608  73382    4564899.5 0.0037
0  2  25.6 0.00110 0.00107 0.01608  73468    4570249.3 0.0037
0  2  25.6 0.00130 0.00127 0.01608  73458    4569627.3 0.0037
0  2  25.6 0.00150 0.00146 0.01608  73338    4562162.4 0.0037
0  2  25.6 0.00170 0.00166 0.01608  73118    4548476.8 0.0037
0  2  25.6 0.00190 0.00186 0.01608  72710    4523096.2 0.0037
0  2  25.6 0.00210 0.00215 0.01608  71650    4457156.4 0.0037
0  2  25.6 0.00230 0.00234 0.01608  70580    4390594.5 0.0038
0  2  25.6 0.00250 0.00254 0.01608  68876    4284593.2 0.0038
0  2  25.6 0.00270 0.00273 0.01608  66046    4108546.4 0.0039
0  2  25.6 0.00290 0.00293 0.01608  61950    3853745.1 0.0040
0  2  25.6 0.00310 0.00313 0.01608  55984    3482616.1 0.0042
0  2  25.6 0.00330 0.00332 0.01608  48308    3005112.5 0.0045
0  2  25.6 0.00350 0.00352 0.01608  39350    2447859.1 0.0050
0  2  25.6 0.00370 0.00371 0.01608  31330    1948956.2 0.0056
0  2  25.6 0.00390 0.00391 0.01608  25312    1574592.4 0.0063
0  2  25.6 0.00410 0.00410 0.01608  21024    1307847.3 0.0069
0  2  25.6 0.00430 0.00430 0.01608  18540    1153324.2 0.0073
0  2  25.6 0.00450 0.00449 0.01608  17172    1068224.6 0.0076
0  2  25.6 0.00470 0.00469 0.01608  16470    1024555.0 0.0078
0  2  25.6 0.00490 0.00488 0.01608  16264    1011740.3 0.0078
0  2  25.6 0.00510 0.00508 0.01608  16088    1000791.8 0.0079
0  2  25.6 0.00530 0.00527 0.01608  15990     994695.5 0.0079
0  2  25.6 0.00550 0.00547 0.01608  16046     998179.1 0.0079
0  2  25.6 0.00570 0.00566 0.01608  16086    1000667.4 0.0079
0  2  25.6 0.00590 0.00586 0.01608  15960     992829.2 0.0079
0  2  25.6 0.00610 0.00605 0.01608  15978     993949.0 0.0079
0  2  25.6 0.00630 0.00635 0.01608  16078    1000169.7 0.0079
0  2  25.6 0.00650 0.00654 0.01608  16066     999423.2 0.0079
0  2  25.6 0.00670 0.00674 0.01608  15846     985737.6 0.0079
0  2  25.6 0.00690 0.00693 0.01608  16080    1000294.1 0.0079
0  2  25.6 0.00710 0.00713 0.01608  15914     989967.7 0.0079
0  2  25.6 0.00730 0.00732 0.01608  15814     983747.0 0.0080
0  2  25.6 0.00750 0.00752 0.01608  15572     968692.8 0.0080
0  2  25.6 0.00770 0.00771 0.01608  15002     933234.6 0.0082
0  2  25.6 0.00790 0.00791 0.01608  14736     916687.5 0.0082
0  2  25.6 0.00810 0.00811 0.01608  13828     860203.2 0.0085
0  2  25.6 0.00830 0.00830 0.01608  12668     788042.7 0.0089
0  2  25.6 0.00850 0.00850 0.01608  11274     701325.6 0.0094
0  2  25.6 0.00870 0.00869 0.01608  10378     645587.8 0.0098
0  2  25.6 0.00890 0.00889 0.01608   8920     554889.5 0.0106
0  2  25.6 0.00910 0.00908 0.01608   7524     468048.1 0.0115
0  2  25.6 0.00930 0.00928 0.01608   6410     398749.1 0.0125
0  2  25.6 0.00950 0.00947 0.01608   5322     331067.5 0.0137
0  2  25.6 0.00970 0.00967 0.01608   4520     281177.2 0.0149
0  2  25.6 0.00990 0.00986 0.01608   3912     243355.1 0.0160
0  2  25.6 0.01010 0.01006 0.01608   3514     218596.6 0.0169
0  2  25.6 0.01030 0.01025 0.01608   3136     195082.2 0.0179
0  2  25.6 0.01050 0.01055 0.01608   2952     183636.1 0.0184
0  2  25.6 0.01070 0.01074 0.01608   2720     169204.0 0.0192
0  2  25.6 0.01090 0.01094 0.01608   2738     170323.7 0.0191
0  2  25.6 0.01110 0.01113 0.01608   2648     164725.1 0.0194
0  2  25.6 0.01130 0.01133 0.01608   2628     163480.9 0.0195
0  2  25.6 0.01150 0.01152 0.01608   2562     159375.2 0.0198
0  2  25.6 0.01170 0.01172 0.01608   2518     156638.1 0.0199
0  2  25.6 0.01190 0.01191 0.01608   2490     154896.3 0.0200
0  2  25.6 0.01210 0.01211 0.01608   2436     151537.1 0.0203
0  2  25.6 0.01230 0.01230 0.01608   2440     151785.9 0.0202
0  2  25.6 0.01250 0.01250 0.01608   2488     154771.9 0.0200
0  2  25.6 0.01270 0.01270 0.01608   2380     148053.5 0.0205
0  2  25.6 0.01290 0.01289 0.01608   2462     153154.5 0.0202
0  2  25.6 0.01310 0.01309 0.01608   2398     149173.2 0.0204
0  2  25.7 0.01330 0.01328 0.01608   2326     144694.3 0.0207
0  2  25.7 0.01350 0.01348 0.01608   2356     146560.5 0.0206
0  2  25.7 0.01370 0.01367 0.01624   2242     138091.2 0.0211
0  2  25.7 0.01390 0.01387 0.01624   2240     137968.0 0.0211
0  2  25.7 0.01410 0.01406 0.01679   2276     135550.7 0.0210
0  2  25.7 0.01430 0.01426 0.01679   2272     135312.5 0.0210
0  2  25.7 0.01450 0.01445 0.01800   2262     125667.1 0.0210
0  2  25.7 0.01470 0.01475 0.01884   2224     118067.1 0.0212
0  2  25.7 0.01490 0.01494 0.02028   2316     114208.4 0.0208
0  2  25.7 0.01510 0.01514 0.02134   2238     104891.1 0.0211
0  2  25.7 0.01530 0.01533 0.02251   2278     101192.1 0.0210
0  2  25.7 0.01550 0.01553 0.02438   2274      93286.0 0.0210
0  2  25.7 0.01570 0.01572 0.02725   2222      81553.5 0.0212
0  2  25.7 0.01590 0.01592 0.03051   2230      73080.4 0.0212
0  2  25.7 0.01610 0.01611 0.03492   2260      64718.2 0.0210
0  2  25.7 0.01630 0.01631 0.03991   2330      58374.9 0.0207
0  2  25.7 0.01650 0.01650 0.04500   2334      51869.6 0.0207
0  2  25.7 0.01670 0.01670 0.04910   2320      47251.5 0.0208
0  2  25.7 0.01690 0.01689 0.05413   2354      43486.1 0.0206
0  2  25.7 0.01710 0.01709 0.05990   2262      37761.9 0.0210
0  2  25.7 0.01730 0.01729 0.06301   2266      35962.2 0.0210
0  2  25.7 0.01750 0.01748 0.06573   2270      34534.1 0.0210
0  2  25.7 0.01770 0.01768 0.06627   2254      34012.9 0.0211
0  2  25.7 0.01790 0.01787 0.07045   2272      32251.3 0.0210
0  2  25.7 0.01810 0.01807 0.07070   2230      31541.2 0.0212
0  2  25.7 0.01830 0.01826 0.07355   2282      31027.4 0.0209
0  2  25.7 0.01850 0.01846 0.07442   2292      30799.3 0.0209
0  2  25.7 0.01870 0.01865 0.07585   2268      29902.7 0.0210
0  2  25.7 0.01890 0.01895 0.07831   2266      28935.1 0.0210
0  2  25.7 0.01910 0.01914 0.07831   2274      29037.3 0.0210
0  2  25.7 0.01930 0.01934 0.07831   2284      29165.0 0.0209
0  2  25.7 0.01950 0.01953 0.08239   2318      28133.8 0.0208
0  2  25.7 0.01970 0.01973 0.08239   2344      28449.4 0.0207
0  2  25.7 0.01990 0.01992 0.08239   2240      27187.1 0.0211
0  2  25.7 0.02010 0.02012 0.08262   2236      27065.3 0.0211
0  2  25.7 0.02030 0.02031 0.08530   2240      26259.5 0.0211
0  2  25.7 0.02050 0.02051 0.08530   2252      26400.2 0.0211
0  2  25.7 0.02070 0.02070 0.08758   2250      25689.9 0.0211
0  2  25.7 0.02090 0.02090 0.08758   2296      26215.2 0.0209
0  2  25.7 0.02110 0.02109 0.09249   2400      25947.4 0.0204
0  2  25.7 0.02130 0.02129 0.09249   2230      24109.4 0.0212
0  2  25.7 0.02150 0.02148 0.09900   2358      23818.2 0.0206
0  2  25.7 0.02170 0.02168 0.09909   2300      23211.4 0.0209
0  2  25.7 0.02190 0.02188 0.10606   2340      22063.5 0.0207
0  2  25.7 0.02210 0.02207 0.10606   2244      21158.3 0.0211
0  2  25.7 0.02230 0.02227 0.11033   2230      20212.5 0.0212
0  2  25.7 0.02250 0.02246 0.12257   2288      18666.2 0.0209
0  2  25.7 0.02270 0.02266 0.12786   2282      17847.8 0.0209
0  2  25.7 0.02290 0.02285 0.14023   2268      16173.6 0.0210
0  2  25.7 0.02310 0.02314 0.16094   2282      14178.8 0.0209
0  2  25.7 0.02330 0.02334 0.17326   2280      13159.1 0.0209
0  2  25.7 0.02350 0.02354 0.19288   2230      11561.5 0.0212
0  2  25.7 0.02370 0.02373 0.21462   2332      10865.9 0.0207
0  2  25.7 0.02390 0.02393 0.22701   2270       9999.5 0.0210
0  2  25.7 0.02410 0.02412 0.24486   2276       9294.9 0.0210
0  2  25.7 0.02430 0.02432 0.26229   2298       8761.4 0.0209
0  2  25.7 0.02450 0.02451 0.27230   2250       8262.8 0.0211
0  2  25.7 0.02470 0.02471 0.28090   2256       8031.3 0.0211
0  2  25.7 0.02490 0.02490 0.29779   2232       7495.3 0.0212
0  2  25.7 0.02510 0.02510 0.30464   2286       7503.9 0.0209
0  2  25.7 0.02530 0.02529 0.31720   2272       7162.6 0.0210
0  2  25.7 0.02550 0.02549 0.32451   2292       7063.1 0.0209
0  2  25.7 0.02570 0.02568 0.32451   2238       6896.6 0.0211
0  2  25.7 0.02590 0.02588 0.33499   2290       6836.1 0.0209
0  2  25.7 0.02610 0.02607 0.33499   2274       6788.3 0.0210
0  2  25.7 0.02630 0.02627 0.34523   2222       6436.2 0.0212
0  2  25.7 0.02650 0.02646 0.34523   2292       6639.0 0.0209
0  2  25.7 0.02670 0.02666 0.35776   2354       6579.8 0.0206
0  2  25.7 0.02690 0.02686 0.36068   2348       6509.9 0.0206
0  2  25.7 0.02710 0.02715 0.36068   2250       6238.2 0.0211
0  2  25.7 0.02730 0.02734 0.36627   2278       6219.4 0.0210
0  2  25.7 0.02750 0.02754 0.36627   2222       6066.5 0.0212
0  2  25.7 0.02770 0.02773 0.38572   2236       5797.0 0.0211
0  2  25.7 0.02790 0.02793 0.38641   2228       5765.9 0.0212
0  2  25.7 0.02810 0.02813 0.38641   2240       5796.9 0.0211
0  2  25.7 0.02830 0.02832 0.40182   2238       5569.7 0.0211
0  2  25.7 0.02850 0.02852 0.41682   2318       5561.1 0.0208
0  2  25.7 0.02870 0.02871 0.42138   2250       5339.7 0.0211
0  2  25.7 0.02890 0.02891 0.42949   2238       5210.8 0.0211
0  2  25.7 0.02910 0.02910 0.46347   2282       4923.7 0.0209
0  2  25.7 0.02930 0.02930 0.46515   2234       4802.8 0.0212
0  2  25.7 0.02950 0.02949 0.51456   2338       4543.7 0.0207
0  2  25.7 0.02970 0.02969 0.51456   2280       4431.0 0.0209
0  2  25.7 0.02990 0.02988 0.54033   2240       4145.6 0.0211
0  2  25.7 0.03010 0.03008 0.61410   2344       3817.0 0.0207
0  2  25.7 0.03030 0.03027 0.64448   2302       3571.9 0.0208
0  2  25.8 0.03050 0.03047 0.68327   2268       3319.3 0.0210
0  2  25.8 0.03070 0.03066 0.73252   2280       3112.6 0.0209
0  2  25.8 0.03090 0.03086 0.80802   2244       2777.2 0.0211
0  2  25.8 0.03110 0.03105 0.83508   2278       2727.9 0.0210
0  2  25.8 0.03130 0.03135 0.93332   2272       2434.3 0.0210
0  2  25.8 0.03150 0.03154 0.98380   2336       2374.5 0.0207
0  2  25.8 0.03170 0.03174 1.04693   2272       2170.1 0.0210
0  2  25.8 0.03190 0.03193 1.06515   2260       2121.8 0.0210
0  2  25.8 0.03210 0.03213 1.09851   2230       2030.0 0.0212
0  2  25.8 0.03230 0.03232 1.15028   2228       1936.9 0.0212
0  2  25.8 0.03250 0.03252 1.20905   2294       1897.4 0.0209
0  2  25.8 0.03270 0.03271 1.20905   2238       1851.0 0.0211
0  2  25.8 0.03290 0.03291 1.21000   2102       1737.2 0.0218
0  2  25.8 0.03310 0.03311 1.21000   2092       1728.9 0.0219
0  2  25.8 0.03330 0.03330 1.21000   2134       1763.6 0.0216
0  2  25.8 0.03350 0.03350 1.21000   2048       1692.6 0.0221
0  2  25.8 0.03370 0.03369 1.21000   2012       1662.8 0.0223
0  2  25.8 0.03390 0.03389 1.21000   2072       1712.4 0.0220
0  2  25.8 0.03410 0.03408 1.21000   2040       1686.0 0.0221
0  2  25.8 0.03430 0.03428 1.21000   1904       1573.6 0.0229
0  2  25.8 0.03450 0.03447 1.21000   1946       1608.3 0.0227
0  2  25.8 0.03470 0.03467 1.21000   1812       1497.5 0.0235
0  2  25.8 0.03490 0.03486 1.21000   1936       1600.0 0.0227
0  2  25.8 0.03510 0.03506 1.21000   1804       1490.9 0.0235
0  2  25.8 0.03530 0.03525 1.21000   1780       1471.1 0.0237
0  2  25.8 0.03550 0.03555 1.21000   1784       1474.4 0.0237
0  2  25.8 0.03570 0.03574 1.21000   1684       1391.7 0.0244
0  2  25.8 0.03590 0.03594 1.21000   1614       1333.9 0.0249
0  2  25.8 0.03610 0.03613 1.21000   1596       1319.0 0.0250
0  2  25.8 0.03630 0.03633 1.21000   1536       1269.4 0.0255
0  2  25.8 0.03650 0.03652 1.21000   1510       1247.9 0.0257
0  2  25.8 0.03670 0.03672 1.21000   1502       1241.3 0.0258
0  2  25.8 0.03690 0.03691 1.21000   1354       1119.0 0.0272
0  2  25.8 0.03710 0.03711 1.21000   1296       1071.1 0.0278
0  2  25.8 0.03730 0.03730 1.21000   1288       1064.5 0.0279
0  2  25.8 0.03750 0.03750 1.21000   1212       1001.7 0.0287
0  2  25.8 0.03770 0.03770 1.21000   1126        930.6 0.0298
0  2  25.8 0.03790 0.03789 1.21000   1058        874.4 0.0307
0  2  25.8 0.03810 0.03809 1.21000    992        819.8 0.0318
0  2  25.8 0.03830 0.03828 1.21000    940        776.9 0.0326
0  2  25.8 0.03850 0.03848 1.21000    868        717.4 0.0339
0  2  25.8 0.03870 0.03867 1.21000    804        664.5 0.0353
0  2  25.8 0.03890 0.03887 1.21000    764        631.4 0.0362
0  2  25.8 0.03910 0.03906 1.21000    736        608.3 0.0369
0  2  25.8 0.03930 0.03926 1.21000    794        656.2 0.0355
0  2  25.8 0.03950 0.03945 1.21000    704        581.8 0.0377
0  2  25.8 0.03970 0.03975 1.21000    696        575.2 0.0379
0  2  25.8 0.03990 0.03994 1.21000    702        580.2 0.0377
0  3  25.9 0.00010 0.00010 0.01609  72144    4482839.4 0.0037
0  3  25.9 0.00030 0.00029 0.01609  72254    4489674.5 0.0037
0  3  25.9 0.00050 0.00049 0.01609  72824    4525092.8 0.0037
0  3  25.9 0.00070 0.00068 0.01609  73156    4545722.5 0.0037
0  3  25.9 0.00090 0.00088 0.01609  73366    4558771.3 0.0037
0  3  25.9 0.00110 0.00107 0.01609  73470    4565233.6 0.0037
0  3  25.9 0.00130 0.00127 0.01609  73476    4565606.4 0.0037
0  3  25.9 0.00150 0.00146 0.01609  73368    4558895.6 0.0037
0  3  25.9 0.00170 0.00166 0.01609  73146    4545101.1 0.0037
0  3  25.9 0.00190 0.00186 0.01609  72786    4522731.6 0.0037
0  3  25.9 0.00210 0.00215 0.01609  71800    4461464.2 0.0037
0  3  25.9 0.00230 0.00234 0.01609  70784    4398332.6 0.0038
0  3  25.9 0.00250 0.00254 0.01609  69110    4294314.6 0.0038
0  3  25.9 0.00270 0.00273 0.01609  66554    4135491.4 0.0039
0  3  25.9 0.00290 0.00293 0.01609  62756    3899493.7 0.0040
0  3  25.9 0.00310 0.00313 0.01609  56822    3530770.4 0.0042
0  3  25.9 0.00330 0.00332 0.01609  49482    3074682.0 0.0045
0  3  25.9 0.00350 0.00352 0.01609  40522    2517931.1 0.0050
0  3  25.9 0.00370 0.00371 0.01609  32376    2011759.9 0.0056
0  3  25.9 0.00390 0.00391 0.01609  25862    1606997.0 0.0062
0  3  25.9 0.00410 0.00410 0.01609  21616    1343161.7 0.0068
0  3  25.9 0.00430 0.00430 0.01609  18584    1154761.1 0.0073
0  3  25.9 0.00450 0.00449 0.01609  16978    1054968.5 0.0077
0  3  25.9 0.00470 0.00469 0.01609  16084     999417.7 0.0079
0  3  25.9 0.00490 0.00488 0.01609  16004     994446.7 0.0079
0  3  25.9 0.00510 0.00508 0.01609  15840     984256.2 0.0079
0  3  25.9 0.00530 0.00527 0.01609  15676     974065.6 0.0080
0  3  25.9 0.00550 0.00547 0.01609  15940     990469.9 0.0079
0  3  25.9 0.00570 0.00566 0.01609  15830     983634.8 0.0079
0  3  25.9 0.00590 0.00586 0.01609  15612     970088.8 0.0080
0  3  25.9 0.00610 0.00605 0.01609  15834     983883.3 0.0079
0  3  25.9 0.00630 0.00635 0.01609  15806     982143.5 0.0080
0  3  25.9 0.00650 0.00654 0.01609  15846     984629.0 0.0079
0  3  25.9 0.00670 0.00674 0.01609  15836     984007.6 0.0079
0  3  25.9 0.00690 0.00693 0.01609  15758     979160.9 0.0080
0  3  25.9 0.00710 0.00713 0.01609  15654     972698.6 0.0080
0  3  25.9 0.00730 0.00732 0.01609  15052     935291.9 0.0082
0  3  25.9 0.00750 0.00752 0.01609  14812     920378.9 0.0082
0  3  25.9 0.00770 0.00771 0.01609  14170     880486.7 0.0084
0  3  25.9 0.00790 0.00791 0.01609  13262     824066.0 0.0087
0  3  25.9 0.00810 0.00811 0.01609  12140     754347.8 0.0091
0  3  25.9 0.00830 0.00830 0.01609  10822     672450.8 0.0096
0  3  25.9 0.00850 0.00850 0.01609   9628     598258.7 0.0102
0  3  25.9 0.00870 0.00869 0.01609   8254     512882.0 0.0110
0  3  25.9 0.00890 0.00889 0.01609   7150     444282.3 0.0118
0  3  25.9 0.00910 0.00908 0.01609   5928     368350.4 0.0130
0  3  25.9 0.00930 0.00928 0.01609   5194     322741.6 0.0139
0  3  25.9 0.00950 0.00947 0.01609   4370     271540.4 0.0151
0  3  25.9 0.00970 0.00967 0.01609   3910     242957.2 0.0160
0  3  25.9 0.00990 0.00986 0.01609   3550     220587.7 0.0168
0  3  25.9 0.01010 0.01006 0.01609   3416     212261.3 0.0171
0  3  25.9 0.01030 0.01025 0.01609   3184     197845.4 0.0177
0  3  25.9 0.01050 0.01055 0.01609   3002     186536.4 0.0183
0  3  25.9 0.01070 0.01074 0.01609   2884     179204.2 0.0186
0  3  25.9 0.01090 0.01094 0.01609   2900     180198.4 0.0186
0  3  25.9 0.01110 0.01113 0.01609   2896     179949.9 0.0186
0  3  25.9 0.01130 0.01133 0.01609   2778     172617.7 0.0190
0  3  25.9 0.01150 0.01152 0.01609   2738     170132.2 0.0191
0  3  25.9 0.01170 0.01172 0.01609   2804     174233.2 0.0189
0  3  25.9 0.01190 0.01191 0.01609   2702     167895.2 0.0192
0  3  25.9 0.01210 0.01211 0.01609   2692     167273.8 0.0193
0  3  25.9 0.01230 0.01230 0.01609   2644     164291.2 0.0194
0  3  25.9 0.01250 0.01250 0.01609   2750     170877.8 0.0191
0  3  25.9 0.01270 0.01270 0.01609   2642     164167.0 0.0195
0  3  25.9 0.01290 0.01289 0.01609   2614     162427.1 0.0196
0  3  25.9 0.01310 0.01309 0.01609   2514     156213.4 0.0199
0  3  25.9 0.01330 0.01328 0.01609   2560     159071.7 0.0198
0  3  25.9 0.01350 0.01348 0.01609   2504     155592.0 0.0200
0  3  25.9 0.01370 0.01367 0.01609   2280     141673.2 0.0209
0  3  25.9 0.01390 0.01387 0.01609   2260     140430.5 0.0210
0  3  25.9 0.01410 0.01406 0.01609   2270     141051.9 0.0210
0  3  25.9 0.01430 0.01426 0.01696   2286     134758.4 0.0209
0  3  25.9 0.01450 0.01445 0.01861   2342     125822.1 0.0207
0  3  25.9 0.01470 0.01475 0.02049   2236     109113.9 0.0211
0  3  25.9 0.01490 0.01494 0.02196   2274     103537.6 0.0210
0  3  25.9 0.01510 0.01514 0.02539   2296      90425.1 0.0209
0  3  25.9 0.01530 0.01533 0.02862   2260      78965.0 0.0210
0  3  25.9 0.01550 0.01553 0.03177   2236      70381.4 0.0211
0  3  25.9 0.01570 0.01572 0.03545   2250      63461.3 0.0211
0  3  25.9 0.01590 0.01592 0.03939   2244      56974.2 0.0211
0  3  25.9 0.01610 0.01611 0.04445   2238      50349.2 0.0211
0  3  25.9 0.01630 0.01631 0.04889   2238      45772.0 0.0211
0  3  25.9 0.01650 0.01650 0.05238   2258      43105.0 0.0210
0  3  25.9 0.01670 0.01670 0.05442   2280      41895.0 0.0209
0  3  25.9 0.01690 0.01689 0.06009   2354      39177.2 0.0206
0  3  25.9 0.01710 0.01709 0.06009   2284      38012.2 0.0209
0  3  25.9 0.01730 0.01729 0.06009   2226      37046.9 0.0212
0  3  25.9 0.01750 0.01748 0.06303   2256      35794.7 0.0211
0  3  25.9 0.01770 0.01768 0.06448   2242      34772.1 0.0211
0  3  25.9 0.01790 0.01787 0.06448   2366      36695.3 0.0206
0  3  25.9 0.01810 0.01807 0.06448   2230      34586.0 0.0212
0  3  25.9 0.01830 0.01826 0.06584   2230      33870.0 0.0212
0  3  25.9 0.01850 0.01846 0.06815   2360      34629.0 0.0206
0  3  25.9 0.01870 0.01865 0.06815   2370      34775.7 0.0205
0  3  25.9 0.01890 0.01895 0.06815   2408      35333.3 0.0204
0  3  25.9 0.01910 0.01914 0.06940   2234      32190.0 0.0212
0  3  25.9 0.01930 0.01934 0.06940   2272      32737.6 0.0210
0  3  25.9 0.01950 0.01953 0.06940   2250      32420.6 0.0211
0  3  25.9 0.01970 0.01973 0.07238   2236      30894.2 0.0211
0  3  25.9 0.01990 0.01992 0.07651   2280      29798.4 0.0209
0  3  25.9 0.02010 0.02012 0.07651   2312      30216.6 0.0208
0  3  25.9 0.02030 0.02031 0.07651   2252      29432.4 0.0211
0  3  25.9 0.02050 0.02051 0.07878   2248      28533.9 0.0211
0  3  25.9 0.02070 0.02070 0.08632   2378      27548.7 0.0205
0  3  25.9 0.02090 0.02090 0.08880   2318      26104.9 0.0208
0  3  25.9 0.02110 0.02109 0.08880   2236      25181.5 0.0211
0  3  25.9 0.02130 0.02129 0.10040   2350      23406.6 0.0206
0  3  25.9 0.02150 0.02148 0.10415   2370      22755.9 0.0205
0  3  25.9 0.02170 0.02168 0.11065   2232      20171.0 0.0212
0  3  25.9 0.02190 0.02188 0.12318   2264      18379.2 0.0210
0  3  25.9 0.02210 0.02207 0.13185   2244      17019.9 0.0211
0  3  25.9 0.02230 0.02227 0.14619   2252      15404.8 0.0211
0  3  25.9 0.02250 0.02246 0.16846   2282      13545.9 0.0209
0  3  25.9 0.02270 0.02266 0.17476   2224      12726.3 0.0212
0  3  25.9 0.02290 0.02285 0.19420   2302      11853.9 0.0208
0  3  25.9 0.02310 0.02314 0.21575   2248      10419.3 0.0211
0  3  25.9 0.02330 0.02334 0.22678   2226       9815.9 0.0212
0  3  25.9 0.02350 0.02354 0.23836   2242       9405.9 0.0211
0  3  25.9 0.02370 0.02373 0.25049   2250       8982.5 0.0211
0  3  25.9 0.02390 0.02393 0.26316   2372       9013.5 0.0205
0  3  25.9 0.02410 0.02412 0.26316   2224       8451.1 0.0212
0  3  25.9 0.02430 0.02432 0.27297   2276       8337.9 0.0210
0  3  25.9 0.02450 0.02451 0.27297   2264       8293.9 0.0210
0  3  26.0 0.02470 0.02471 0.27297   2224       8147.4 0.0212
0  3  26.0 0.02490 0.02490 0.28719   2258       7862.4 0.0210
0  3  26.0 0.02510 0.02510 0.29404   2314       7869.8 0.0208
0  3  26.0 0.02530 0.02529 0.29404   2274       7733.7 0.0210
0  3  26.0 0.02550 0.02549 0.29483   2230       7563.6 0.0212
0  3  26.0 0.02570 0.02568 0.30960   2280       7364.3 0.0209
0  3  26.0 0.02590 0.02588 0.30960   2310       7461.2 0.0208
0  3  26.0 0.02610 0.02607 0.30960   2356       7609.8 0.0206
0  3  26.0 0.02630 0.02627 0.32378   2278       7035.7 0.0210
0  3  26.0 0.02650 0.02646 0.32378   2246       6936.8 0.0211
0  3  26.0 0.02670 0.02666 0.33855   2310       6823.3 0.0208
0  3  26.0 0.02690 0.02686 0.34039   2282       6704.1 0.0209
0  3  26.0 0.02710 0.02715 0.34442   2290       6648.9 0.0209
0  3  26.0 0.02730 0.02734 0.37699   2288       6069.1 0.0209
0  3  26.0 0.02750 0.02754 0.37699   2402       6371.5 0.0204
0  3  26.0 0.02770 0.02773 0.37699   2252       5973.6 0.0211
0  3  26.0 0.02790 0.02793 0.40528   2282       5630.7 0.0209
0  3  26.0 0.02810 0.02813 0.43207   2332       5397.2 0.0207
0  3  26.0 0.02830 0.02832 0.47213   2344       4964.8 0.0207
0  3  26.0 0.02850 0.02852 0.49391   2298       4652.7 0.0209
0  3  26.0 0.02870 0.02871 0.52915   2332       4407.0 0.0207
0  3  26.0 0.02890 0.02891 0.57431   2372       4130.2 0.0205
0  3  26.0 0.02910 0.02910 0.59722   2250       3767.5 0.0211
0  3  26.0 0.02930 0.02930 0.65435   2294       3505.8 0.0209
0  3  26.0 0.02950 0.02949 0.70581   2224       3151.0 0.0212
0  3  26.0 0.02970 0.02969 0.80757   2370       2934.7 0.0205
0  3  26.0 0.02990 0.02988 0.80757   2330       2885.2 0.0207
0  3  26.0 0.03010 0.03008 0.90431   2294       2536.7 0.0209
0  3  26.0 0.03030 0.03027 0.90840   2260       2487.9 0.0210
0  3  26.0 0.03050 0.03047 0.98626   2358       2390.8 0.0206
0  3  26.0 0.03070 0.03066 1.00067   2238       2236.5 0.0211
0  3  26.0 0.03090 0.03086 1.06981   2294       2144.3 0.0209
0  3  26.0 0.03110 0.03105 1.06981   2264       2116.3 0.0210
0  3  26.0 0.03130 0.03135 1.06981   2270       2121.9 0.0210
0  3  26.0 0.03150 0.03154 1.10030   2228       2024.9 0.0212
0  3  26.0 0.03170 0.03174 1.10030   2274       2066.7 0.0210
0  3  26.0 0.03190 0.03193 1.16181   2292       1972.8 0.0209
0  3  26.0 0.03210 0.03213 1.16181   2228       1917.7 0.0212
0  3  26.0 0.03230 0.03232 1.19596   2236       1869.6 0.0211
0  3  26.0 0.03250 0.03252 1.19596   2284       1909.8 0.0209
0  3  26.0 0.03270 0.03271 1.21000   2142       1770.2 0.0216
0  3  26.0 0.03290 0.03291 1.21000   2200       1818.2 0.0213
0  3  26.0 0.03310 0.03311 1.21000   2078       1717.4 0.0219
0  3  26.0 0.03330 0.03330 1.21000   2056       1699.2 0.0221
0  3  26.0 0.03350 0.03350 1.21000   2098       1733.9 0.0218
0  3  26.0 0.03370 0.03369 1.21000   1998       1651.2 0.0224
0  3  26.0 0.03390 0.03389 1.21000   2006       1657.9 0.0223
0  3  26.0 0.03410 0.03408 1.21000   1854       1532.2 0.0232
0  3  26.0 0.03430 0.03428 1.21000   1762       1456.2 0.0238
0  3  26.0 0.03450 0.03447 1.21000   1758       1452.9 0.0239
0  3  26.0 0.03470 0.03467 1.21000   1702       1406.6 0.0242
0  3  26.0 0.03490 0.03486 1.21000   1598       1320.7 0.0250
0  3  26.0 0.03510 0.03506 1.21000   1514       1251.2 0.0257
0  3  26.0 0.03530 0.03525 1.21000   1528       1262.8 0.0256
0  3  26.0 0.03550 0.03555 1.21000   1402       1158.7 0.0267
0  3  26.1 0.03570 0.03574 1.21000   1296       1071.1 0.0278
0  3  26.1 0.03590 0.03594 1.21000   1178        973.6 0.0291
0  3  26.1 0.03610 0.03613 1.21000   1120        925.6 0.0299
0  3  26.1 0.03630 0.03633 1.21000   1080        892.6 0.0304
0  3  26.1 0.03650 0.03652 1.21000    974        805.0 0.0320
0  3  26.1 0.03670 0.03672 1.21000    934        771.9 0.0327
0  3  26.1 0.03690 0.03691 1.21000    868        717.4 0.0339
0  3  26.1 0.03710 0.03711 1.21000    854        705.8 0.0342
0  3  26.1 0.03730 0.03730 1.21000    792        654.5 0.0355
0  3  26.1 0.03750 0.03750 1.21000    748        618.2 0.0366
0  3  26.1 0.03770 0.03770 1.21000    726        600.0 0.0371
0  3  26.1 0.03790 0.03789 1.21000    762        629.8 0.0362
0  3  26.1 0.03810 0.03809 1.21000    722        596.7 0.0372
0  3  26.1 0.03830 0.03828 1.21000    678        560.3 0.0384
0  3  26.1 0.03850 0.03848 1.21000    682        563.6 0.0383
0  3  26.1 0.03870 0.03867 1.21000    600        495.9 0.0408
0  3  26.1 0.03890 0.03887 1.21000    708        585.1 0.0376
0  3  26.1 0.03910 0.03906 1.21000    616        509.1 0.0403
0  3  26.1 0.03930 0.03926 1.21000    616        509.1 0.0403
0  3  26.1 0.03950 0.03945 1.21000    608        502.5 0.0406
0  3  26.1 0.03970 0.03975 1.21000    592        489.3 0.0411
0  3  26.1 0.03990 0.03994 1.21000    618        510.7 0.0402
