# Scan Time    : Fri, 18 Mar 2022 08:11:08 +0000 (GMT) +278936000 nsec
# Board Lane   : 6
# Board Loc    : BTOF - Southwest
# SiPM Biases  :  56.429  56.732  56.887  57.331
# SiPM Currents:   1.121   1.116   1.823   1.410
#
1 -1  26.3 0.00010 0.00010 1.21000    636        525.6 0.0397
1 -1  26.3 0.00030 0.00029 1.21000   1562       1290.9 0.0253
1 -1  26.3 0.00050 0.00049 1.21000   3998       3304.1 0.0158
1 -1  26.3 0.00070 0.00068 1.21000   9858       8147.1 0.0101
1 -1  26.3 0.00090 0.00088 1.21000  23014      19019.8 0.0066
1 -1  26.3 0.00110 0.00107 1.21000  51304      42400.0 0.0044
1 -1  26.3 0.00130 0.00127 0.77847  72700      93388.5 0.0037
1 -1  26.3 0.00150 0.00146 0.36921  71228     192917.8 0.0037
1 -1  26.3 0.00170 0.00166 0.20282  78424     386670.7 0.0036
1 -1  26.3 0.00190 0.00186 0.09680  70962     733101.8 0.0038
1 -1  26.3 0.00210 0.00215 0.04068  71928    1768190.0 0.0037
1 -1  26.3 0.00230 0.00234 0.02496  72684    2912293.7 0.0037
1 -1  26.3 0.00250 0.00254 0.01665  72340    4344706.0 0.0037
1 -1  26.3 0.00270 0.00273 0.01199  71378    5953353.2 0.0037
1 -1  26.3 0.00290 0.00293 0.00953  71708    7524774.2 0.0037
1 -1  26.3 0.00310 0.00313 0.00800  72486    9063043.1 0.0037
1 -1  26.3 0.00330 0.00332 0.00706  71726   10166246.1 0.0037
1 -1  26.3 0.00350 0.00352 0.00706  78400   11112200.5 0.0036
1 -1  26.3 0.00370 0.00371 0.00613  71344   11633692.9 0.0037
1 -1  26.3 0.00390 0.00391 0.00613  74370   12127126.9 0.0037
1 -1  26.3 0.00410 0.00410 0.00613  76718   12510003.0 0.0036
1 -1  26.3 0.00430 0.00430 0.00613  78526   12804824.1 0.0036
1 -1  26.3 0.00450 0.00449 0.00613  79752   13004741.5 0.0035
1 -1  26.3 0.00470 0.00469 0.00547  71972   13156165.4 0.0037
1 -1  26.3 0.00490 0.00488 0.00547  72524   13257068.6 0.0037
1 -1  26.3 0.00510 0.00508 0.00547  72720   13292896.5 0.0037
1 -1  26.3 0.00530 0.00527 0.00547  72700   13289240.6 0.0037
1 -1  26.3 0.00550 0.00547 0.00547  72270   13210638.5 0.0037
1 -1  26.3 0.00570 0.00566 0.00547  71516   13072810.6 0.0037
1 -1  26.3 0.00590 0.00586 0.00547  70248   12841025.8 0.0038
1 -1  26.3 0.00610 0.00605 0.00547  68416   12506144.3 0.0038
1 -1  26.3 0.00630 0.00635 0.00547  64080   11713542.5 0.0040
1 -1  26.3 0.00650 0.00654 0.00547  59768   10925327.8 0.0041
1 -1  26.3 0.00670 0.00674 0.00547  54182    9904231.6 0.0043
1 -1  26.3 0.00690 0.00693 0.00547  47992    8772726.8 0.0046
1 -1  26.3 0.00710 0.00713 0.00547  41564    7597716.6 0.0049
1 -1  26.3 0.00730 0.00732 0.00547  36616    6693243.9 0.0052
1 -1  26.3 0.00750 0.00752 0.00547  32544    5948900.2 0.0055
1 -1  26.3 0.00770 0.00771 0.00547  29962    5476922.0 0.0058
1 -1  26.3 0.00790 0.00791 0.00547  28258    5165438.3 0.0059
1 -1  26.3 0.00810 0.00811 0.00547  27190    4970212.6 0.0061
1 -1  26.3 0.00830 0.00830 0.00547  26604    4863094.3 0.0061
1 -1  26.3 0.00850 0.00850 0.00547  26194    4788148.1 0.0062
1 -1  26.3 0.00870 0.00869 0.00547  25902    4734771.8 0.0062
1 -1  26.3 0.00890 0.00889 0.00547  26088    4768771.8 0.0062
1 -1  26.3 0.00910 0.00908 0.00547  25706    4698943.9 0.0062
1 -1  26.3 0.00930 0.00928 0.00547  25820    4719782.6 0.0062
1 -1  26.3 0.00950 0.00947 0.00547  25390    4641180.5 0.0063
1 -1  26.3 0.00970 0.00967 0.00547  25616    4682492.3 0.0062
1 -1  26.3 0.00990 0.00986 0.00547  25592    4678105.2 0.0063
1 -1  26.3 0.01010 0.01006 0.00547  25456    4653245.0 0.0063
1 -1  26.3 0.01030 0.01025 0.00547  25512    4663481.5 0.0063
1 -1  26.3 0.01050 0.01055 0.00547  25374    4638255.7 0.0063
1 -1  26.3 0.01070 0.01074 0.00547  25482    4657997.7 0.0063
1 -1  26.3 0.01090 0.01094 0.00547  25278    4620707.4 0.0063
1 -1  26.3 0.01110 0.01113 0.00547  25248    4615223.5 0.0063
1 -1  26.3 0.01130 0.01133 0.00547  24926    4556363.3 0.0063
1 -1  26.3 0.01150 0.01152 0.00547  24980    4566234.3 0.0063
1 -1  26.3 0.01170 0.01172 0.00547  24944    4559653.6 0.0063
1 -1  26.3 0.01190 0.01191 0.00547  24498    4478126.8 0.0064
1 -1  26.3 0.01210 0.01211 0.00547  24106    4406470.9 0.0064
1 -1  26.3 0.01230 0.01230 0.00547  23378    4273395.7 0.0065
1 -1  26.3 0.01250 0.01250 0.00547  22516    4115825.9 0.0067
1 -1  26.3 0.01270 0.01270 0.00547  21552    3939610.9 0.0068
1 -1  26.3 0.01290 0.01289 0.00547  19894    3636535.8 0.0071
1 -1  26.3 0.01310 0.01309 0.00547  18356    3355396.2 0.0074
1 -1  26.3 0.01330 0.01328 0.00547  16912    3091439.3 0.0077
1 -1  26.3 0.01350 0.01348 0.00547  15218    2781783.5 0.0081
1 -1  26.3 0.01370 0.01367 0.00547  13358    2441783.7 0.0087
1 -1  26.3 0.01390 0.01387 0.00547  11618    2123719.4 0.0093
1 -1  26.3 0.01410 0.01406 0.00547  10362    1894128.1 0.0098
1 -1  26.3 0.01430 0.01426 0.00547   9290    1698171.2 0.0104
1 -1  26.3 0.01450 0.01445 0.00547   8258    1509526.1 0.0110
1 -1  26.3 0.01470 0.01475 0.00547   7304    1335139.1 0.0117
1 -1  26.3 0.01490 0.01494 0.00547   6676    1220343.5 0.0122
1 -1  26.3 0.01510 0.01514 0.00547   6206    1134429.5 0.0127
1 -1  26.3 0.01530 0.01533 0.00547   6030    1102257.5 0.0129
1 -1  26.3 0.01550 0.01553 0.00547   5740    1049246.8 0.0132
1 -1  26.3 0.01570 0.01572 0.00547   5522    1009397.3 0.0135
1 -1  26.3 0.01590 0.01592 0.00547   5382     983806.0 0.0136
1 -1  26.3 0.01610 0.01611 0.00547   5278     964795.2 0.0138
1 -1  26.3 0.01630 0.01631 0.00547   5042     921655.5 0.0141
1 -1  26.3 0.01650 0.01650 0.00547   5024     918365.1 0.0141
1 -1  26.3 0.01670 0.01670 0.00547   4852     886924.3 0.0144
1 -1  26.3 0.01690 0.01689 0.00547   4682     855849.0 0.0146
1 -1  26.3 0.01710 0.01709 0.00547   4404     805031.9 0.0151
1 -1  26.3 0.01730 0.01729 0.00547   4366     798085.6 0.0151
1 -1  26.3 0.01750 0.01748 0.00547   4376     799913.6 0.0151
1 -1  26.3 0.01770 0.01768 0.00547   4174     762988.9 0.0155
1 -1  26.3 0.01790 0.01787 0.00547   4072     744343.7 0.0157
1 -1  26.3 0.01810 0.01807 0.00547   3926     717655.6 0.0160
1 -1  26.3 0.01830 0.01826 0.00547   3916     715827.6 0.0160
1 -1  26.3 0.01850 0.01846 0.00547   3732     682193.2 0.0164
1 -1  26.3 0.01870 0.01865 0.00547   3574     653311.5 0.0167
1 -1  26.3 0.01890 0.01895 0.00547   3406     622601.8 0.0171
1 -1  26.3 0.01910 0.01914 0.00547   3316     606150.2 0.0174
1 -1  26.3 0.01930 0.01934 0.00547   3090     564838.4 0.0180
1 -1  26.3 0.01950 0.01953 0.00547   2980     544730.9 0.0183
1 -1  26.3 0.01970 0.01973 0.00547   2832     517677.2 0.0188
1 -1  26.3 0.01990 0.01992 0.00547   2588     473075.0 0.0197
1 -1  26.3 0.02010 0.02012 0.00547   2556     467225.6 0.0198
1 -1  26.3 0.02030 0.02031 0.00547   2312     422623.4 0.0208
1 -1  26.3 0.02050 0.02051 0.00574   2328     405630.5 0.0207
1 -1  26.3 0.02070 0.02070 0.00607   2264     373175.2 0.0210
1 -1  26.3 0.02090 0.02090 0.00675   2346     347708.9 0.0206
1 -1  26.3 0.02110 0.02109 0.00735   2282     310519.9 0.0209
1 -1  26.3 0.02130 0.02129 0.00828   2340     282610.9 0.0207
1 -1  26.3 0.02150 0.02148 0.00828   2230     269325.8 0.0212
1 -1  26.3 0.02170 0.02168 0.00988   2288     231484.9 0.0209
1 -1  26.3 0.02190 0.02188 0.01084   2282     210512.4 0.0209
1 -1  26.3 0.02210 0.02207 0.01156   2318     200553.0 0.0208
1 -1  26.3 0.02230 0.02227 0.01298   2274     175134.8 0.0210
1 -1  26.3 0.02250 0.02246 0.01356   2264     166901.2 0.0210
1 -1  26.3 0.02270 0.02266 0.01449   2252     155437.6 0.0211
1 -1  26.3 0.02290 0.02285 0.01597   2260     141552.3 0.0210
1 -1  26.3 0.02310 0.02314 0.01683   2236     132863.9 0.0211
1 -1  26.3 0.02330 0.02334 0.01821   2248     123476.7 0.0211
1 -1  26.3 0.02350 0.02354 0.01920   2288     119144.8 0.0209
1 -1  26.3 0.02370 0.02373 0.01920   2302     119873.8 0.0208
1 -1  26.3 0.02390 0.02393 0.02026   2242     110654.5 0.0211
1 -1  26.3 0.02410 0.02412 0.02149   2282     106181.5 0.0209
1 -1  26.3 0.02430 0.02432 0.02169   2234     103012.4 0.0212
1 -1  26.3 0.02450 0.02451 0.02343   2234      95343.0 0.0212
1 -1  26.3 0.02470 0.02471 0.02379   2320      97501.6 0.0208
1 -1  26.3 0.02490 0.02490 0.02530   2260      89337.7 0.0210
1 -1  26.3 0.02510 0.02510 0.02530   2240      88547.1 0.0211
1 -1  26.3 0.02530 0.02529 0.02739   2326      84925.3 0.0207
1 -1  26.3 0.02550 0.02549 0.02739   2264      82661.6 0.0210
1 -1  26.3 0.02570 0.02568 0.02846   2272      79817.7 0.0210
1 -1  26.3 0.02590 0.02588 0.03007   2248      74756.3 0.0211
1 -1  26.3 0.02610 0.02607 0.03188   2348      73647.0 0.0206
1 -1  26.3 0.02630 0.02627 0.03437   2270      66036.5 0.0210
1 -1  26.3 0.02650 0.02646 0.03437   2254      65571.1 0.0211
1 -1  26.3 0.02670 0.02666 0.03662   2232      60956.9 0.0212
1 -1  26.3 0.02690 0.02686 0.03925   2226      56711.8 0.0212
1 -1  26.3 0.02710 0.02715 0.04238   2318      54696.9 0.0208
1 -1  26.3 0.02730 0.02734 0.04471   2282      51040.0 0.0209
1 -1  26.3 0.02750 0.02754 0.04688   2232      47611.4 0.0212
1 -1  26.3 0.02770 0.02773 0.05086   2258      44394.3 0.0210
1 -1  26.3 0.02790 0.02793 0.05449   2250      41290.5 0.0211
1 -1  26.3 0.02810 0.02813 0.05825   2402      41236.4 0.0204
1 -1  26.3 0.02830 0.02832 0.06181   2266      36660.6 0.0210
1 -1  26.3 0.02850 0.02852 0.06472   2312      35721.4 0.0208
1 -1  26.3 0.02870 0.02871 0.07120   2254      31658.8 0.0211
1 -1  26.3 0.02890 0.02891 0.07770   2278      29317.6 0.0210
1 -1  26.3 0.02910 0.02910 0.08229   2242      27244.0 0.0211
1 -1  26.3 0.02930 0.02930 0.09217   2290      24846.7 0.0209
1 -1  26.3 0.02950 0.02949 0.10088   2246      22263.6 0.0211
1 -1  26.3 0.02970 0.02969 0.10785   2304      21362.5 0.0208
1 -1  26.3 0.02990 0.02988 0.11466   2232      19465.5 0.0212
1 -1  26.3 0.03010 0.03008 0.12343   2278      18456.2 0.0210
1 -1  26.3 0.03030 0.03027 0.13012   2264      17399.4 0.0210
1 -1  26.3 0.03050 0.03047 0.13821   2246      16251.2 0.0211
1 -1  26.3 0.03070 0.03066 0.14651   2256      15397.9 0.0211
1 -1  26.3 0.03090 0.03086 0.15974   2284      14298.1 0.0209
1 -1  26.3 0.03110 0.03105 0.16680   2294      13753.2 0.0209
1 -1  26.3 0.03130 0.03135 0.18398   2266      12316.8 0.0210
1 -1  26.3 0.03150 0.03154 0.18891   2272      12027.0 0.0210
1 -1  26.3 0.03170 0.03174 0.19306   2222      11509.4 0.0212
1 -1  26.3 0.03190 0.03193 0.21152   2286      10807.7 0.0209
1 -1  26.3 0.03210 0.03213 0.21578   2276      10547.7 0.0210
1 -1  26.3 0.03230 0.03232 0.22745   2242       9857.1 0.0211
1 -1  26.3 0.03250 0.03252 0.23817   2344       9841.7 0.0207
1 -1  26.3 0.03270 0.03271 0.25157   2268       9015.5 0.0210
1 -1  26.3 0.03290 0.03291 0.26517   2278       8590.6 0.0210
1 -1  26.3 0.03310 0.03311 0.27550   2264       8217.7 0.0210
1 -1  26.3 0.03330 0.03330 0.28315   2228       7868.7 0.0212
1 -1  26.3 0.03350 0.03350 0.30423   2280       7494.2 0.0209
1 -1  26.3 0.03370 0.03369 0.30423   2224       7310.2 0.0212
1 -1  26.3 0.03390 0.03389 0.30423   2224       7310.2 0.0212
1 -1  26.3 0.03410 0.03408 0.33800   2246       6644.9 0.0211
1 -1  26.3 0.03430 0.03428 0.35903   2260       6294.8 0.0210
1 -1  26.3 0.03450 0.03447 0.38025   2286       6011.9 0.0209
1 -1  26.3 0.03470 0.03467 0.40119   2230       5558.5 0.0212
1 -1  26.3 0.03490 0.03486 0.43255   2368       5474.5 0.0205
1 -1  26.3 0.03510 0.03506 0.44048   2328       5285.2 0.0207
1 -1  26.3 0.03530 0.03525 0.46651   2338       5011.7 0.0207
1 -1  26.3 0.03550 0.03555 0.51461   2250       4372.3 0.0211
1 -1  26.3 0.03570 0.03574 0.55346   2260       4083.4 0.0210
1 -1  26.3 0.03590 0.03594 0.57186   2242       3920.6 0.0211
1 -1  26.3 0.03610 0.03613 0.62703   2304       3674.5 0.0208
1 -1  26.3 0.03630 0.03633 0.64502   2286       3544.1 0.0209
1 -1  26.3 0.03650 0.03652 0.71164   2274       3195.4 0.0210
1 -1  26.3 0.03670 0.03672 0.74945   2278       3039.6 0.0210
1 -1  26.3 0.03690 0.03691 0.78892   2340       2966.1 0.0207
1 -1  26.3 0.03710 0.03711 0.86354   2258       2614.8 0.0210
1 -1  26.3 0.03730 0.03730 0.86354   2248       2603.3 0.0211
1 -1  26.3 0.03750 0.03750 0.96832   2288       2362.8 0.0209
1 -1  26.3 0.03770 0.03770 1.00697   2300       2284.1 0.0209
1 -1  26.3 0.03790 0.03789 1.07664   2372       2203.1 0.0205
1 -1  26.3 0.03810 0.03809 1.12526   2290       2035.1 0.0209
1 -1  26.3 0.03830 0.03828 1.20324   2394       1989.6 0.0204
1 -1  26.3 0.03850 0.03848 1.20324   2222       1846.7 0.0212
1 -1  26.3 0.03870 0.03867 1.21000   2096       1732.2 0.0218
1 -1  26.3 0.03890 0.03887 1.21000   1950       1611.6 0.0226
1 -1  26.3 0.03910 0.03906 1.21000   1954       1614.9 0.0226
1 -1  26.3 0.03930 0.03926 1.21000   1808       1494.2 0.0235
1 -1  26.3 0.03950 0.03945 1.21000   1750       1446.3 0.0239
1 -1  26.3 0.03970 0.03975 1.21000   1652       1365.3 0.0246
1 -1  26.3 0.03990 0.03994 1.21000   1570       1297.5 0.0252
1  0  26.3 0.00010 0.00010 1.21000    758        626.4 0.0363
1  0  26.3 0.00030 0.00029 1.21000   1848       1527.3 0.0233
1  0  26.3 0.00050 0.00049 1.21000   4450       3677.7 0.0150
1  0  26.3 0.00070 0.00068 1.21000  10944       9044.6 0.0096
1  0  26.3 0.00090 0.00088 1.21000  25450      21033.1 0.0063
1  0  26.3 0.00110 0.00107 1.21000  57438      47469.4 0.0042
1  0  26.3 0.00130 0.00127 0.58086  72048     124036.6 0.0037
1  0  26.3 0.00150 0.00146 0.28461  71712     251964.5 0.0037
1  0  26.3 0.00170 0.00166 0.15634  75172     480811.1 0.0036
1  0  26.3 0.00190 0.00186 0.08588  73712     858276.8 0.0037
1  0  26.3 0.00210 0.00215 0.04169  71264    1709461.6 0.0037
1  0  26.3 0.00230 0.00234 0.03024  71790    2373981.7 0.0037
1  0  26.3 0.00250 0.00254 0.02401  72168    3005574.7 0.0037
1  0  26.3 0.00270 0.00273 0.02058  71946    3495717.3 0.0037
1  0  26.3 0.00290 0.00293 0.02058  79350    3855463.3 0.0035
1  0  26.3 0.00310 0.00313 0.01752  71768    4096627.5 0.0037
1  0  26.3 0.00330 0.00332 0.01752  74664    4261935.7 0.0037
1  0  26.3 0.00350 0.00352 0.01752  76490    4366166.5 0.0036
1  0  26.3 0.00370 0.00371 0.01752  77760    4438660.1 0.0036
1  0  26.3 0.00390 0.00391 0.01752  78614    4487407.7 0.0036
1  0  26.3 0.00410 0.00410 0.01752  79162    4518688.4 0.0036
1  0  26.3 0.00430 0.00430 0.01752  79570    4541977.7 0.0035
1  0  26.3 0.00450 0.00449 0.01752  79804    4555334.8 0.0035
1  0  26.3 0.00470 0.00469 0.01752  79932    4562641.2 0.0035
1  0  26.3 0.00490 0.00488 0.01752  79936    4562869.5 0.0035
1  0  26.3 0.00510 0.00508 0.01752  79882    4559787.1 0.0035
1  0  26.3 0.00530 0.00527 0.01752  79682    4548370.8 0.0035
1  0  26.3 0.00550 0.00547 0.01752  79354    4529648.1 0.0035
1  0  26.3 0.00570 0.00566 0.01752  78852    4500993.1 0.0036
1  0  26.3 0.00590 0.00586 0.01752  78090    4457497.0 0.0036
1  0  26.3 0.00610 0.00605 0.01752  76982    4394250.7 0.0036
1  0  26.2 0.00630 0.00635 0.01752  74190    4234879.0 0.0037
1  0  26.2 0.00650 0.00654 0.01752  71196    4063976.9 0.0037
1  0  26.2 0.00670 0.00674 0.01752  66550    3798776.1 0.0039
1  0  26.2 0.00690 0.00693 0.01752  60208    3436765.0 0.0041
1  0  26.2 0.00710 0.00713 0.01752  52368    2989245.8 0.0044
1  0  26.2 0.00730 0.00732 0.01752  43634    2490695.7 0.0048
1  0  26.2 0.00750 0.00752 0.01752  35136    2005616.8 0.0053
1  0  26.2 0.00770 0.00771 0.01752  28898    1649542.2 0.0059
1  0  26.2 0.00790 0.00791 0.01752  24172    1379774.8 0.0064
1  0  26.2 0.00810 0.00811 0.01752  21488    1226568.0 0.0068
1  0  26.2 0.00830 0.00830 0.01752  20172    1151448.7 0.0070
1  0  26.2 0.00850 0.00850 0.01752  19388    1106696.8 0.0072
1  0  26.2 0.00870 0.00869 0.01752  19368    1105555.2 0.0072
1  0  26.2 0.00890 0.00889 0.01752  19060    1087974.0 0.0072
1  0  26.2 0.00910 0.00908 0.01752  18984    1083635.8 0.0073
1  0  26.2 0.00930 0.00928 0.01752  18974    1083065.0 0.0073
1  0  26.2 0.00950 0.00947 0.01752  18862    1076671.9 0.0073
1  0  26.2 0.00970 0.00967 0.01752  19004    1084777.5 0.0073
1  0  26.2 0.00990 0.00986 0.01752  18824    1074502.8 0.0073
1  0  26.2 0.01010 0.01006 0.01752  18884    1077927.7 0.0073
1  0  26.2 0.01030 0.01025 0.01752  18932    1080667.6 0.0073
1  0  26.2 0.01050 0.01055 0.01752  18818    1074160.3 0.0073
1  0  26.2 0.01070 0.01074 0.01752  18920    1079982.6 0.0073
1  0  26.2 0.01090 0.01094 0.01752  18868    1077014.4 0.0073
1  0  26.2 0.01110 0.01113 0.01752  18820    1074274.5 0.0073
1  0  26.2 0.01130 0.01133 0.01752  18788    1072447.9 0.0073
1  0  26.2 0.01150 0.01152 0.01752  18536    1058063.3 0.0073
1  0  26.2 0.01170 0.01172 0.01752  17942    1024156.9 0.0075
1  0  26.2 0.01190 0.01191 0.01752  17238     983971.5 0.0076
1  0  26.2 0.01210 0.01211 0.01752  16558     945156.0 0.0078
1  0  26.2 0.01230 0.01230 0.01752  15568     888645.3 0.0080
1  0  26.2 0.01250 0.01250 0.01752  14396     821745.8 0.0083
1  0  26.2 0.01270 0.01270 0.01752  12916     737265.1 0.0088
1  0  26.2 0.01290 0.01289 0.01752  11292     644564.7 0.0094
1  0  26.2 0.01310 0.01309 0.01752   9822     560654.8 0.0101
1  0  26.2 0.01330 0.01328 0.01752   8316     474690.0 0.0110
1  0  26.2 0.01350 0.01348 0.01752   7172     409388.8 0.0118
1  0  26.2 0.01370 0.01367 0.01752   6038     344658.3 0.0129
1  0  26.2 0.01390 0.01387 0.01752   5010     285978.5 0.0141
1  0  26.2 0.01410 0.01406 0.01752   4338     247619.7 0.0152
1  0  26.2 0.01430 0.01426 0.01752   3934     224558.8 0.0159
1  0  26.2 0.01450 0.01445 0.01752   3490     199214.6 0.0169
1  0  26.2 0.01470 0.01475 0.01752   3272     186770.8 0.0175
1  0  26.2 0.01490 0.01494 0.01752   3060     174669.5 0.0181
1  0  26.2 0.01510 0.01514 0.01752   2818     160855.8 0.0188
1  0  26.2 0.01530 0.01533 0.01752   2810     160399.1 0.0189
1  0  26.2 0.01550 0.01553 0.01752   2762     157659.2 0.0190
1  0  26.2 0.01570 0.01572 0.01752   2676     152750.2 0.0193
1  0  26.2 0.01590 0.01592 0.01752   2658     151722.7 0.0194
1  0  26.2 0.01610 0.01611 0.01752   2560     146128.7 0.0198
1  0  26.2 0.01630 0.01631 0.01752   2518     143731.3 0.0199
1  0  26.2 0.01650 0.01650 0.01752   2582     147384.5 0.0197
1  0  26.2 0.01670 0.01670 0.01752   2558     146014.6 0.0198
1  0  26.2 0.01690 0.01689 0.01752   2514     143503.0 0.0199
1  0  26.2 0.01710 0.01709 0.01752   2352     134255.8 0.0206
1  0  26.2 0.01730 0.01729 0.01752   2416     137909.0 0.0203
1  0  26.2 0.01750 0.01748 0.01752   2396     136767.4 0.0204
1  0  26.2 0.01770 0.01768 0.01752   2312     131972.5 0.0208
1  0  26.2 0.01790 0.01787 0.01752   2278     130031.7 0.0210
1  0  26.2 0.01810 0.01807 0.01828   2234     122240.3 0.0212
1  0  26.2 0.01830 0.01826 0.01828   2230     122021.4 0.0212
1  0  26.2 0.01850 0.01846 0.01996   2232     111805.3 0.0212
1  0  26.2 0.01870 0.01865 0.01996   2268     113608.6 0.0210
1  0  26.2 0.01890 0.01895 0.02193   2342     106790.4 0.0207
1  0  26.2 0.01910 0.01914 0.02225   2224      99949.4 0.0212
1  0  26.2 0.01930 0.01934 0.02377   2244      94403.4 0.0211
1  0  26.2 0.01950 0.01953 0.02510   2236      89071.4 0.0211
1  0  26.2 0.01970 0.01973 0.02797   2270      81151.5 0.0210
1  0  26.2 0.01990 0.01992 0.03029   2328      76857.6 0.0207
1  0  26.2 0.02010 0.02012 0.03299   2240      67895.1 0.0211
1  0  26.2 0.02030 0.02031 0.03798   2264      59604.6 0.0210
1  0  26.2 0.02050 0.02051 0.04250   2294      53979.9 0.0209
1  0  26.2 0.02070 0.02070 0.04784   2242      46868.1 0.0211
1  0  26.2 0.02090 0.02090 0.05429   2222      40931.2 0.0212
1  0  26.2 0.02110 0.02109 0.06394   2308      36096.3 0.0208
1  0  26.2 0.02130 0.02129 0.07064   2236      31651.6 0.0211
1  0  26.2 0.02150 0.02148 0.07825   2232      28523.6 0.0212
1  0  26.2 0.02170 0.02168 0.08592   2282      26558.6 0.0209
1  0  26.2 0.02190 0.02188 0.09464   2284      24132.5 0.0209
1  0  26.2 0.02210 0.02207 0.10169   2272      22341.9 0.0210
1  0  26.2 0.02230 0.02227 0.10169   2260      22223.9 0.0210
1  0  26.2 0.02250 0.02246 0.10980   2312      21057.2 0.0208
1  0  26.2 0.02270 0.02266 0.11486   2248      19571.3 0.0211
1  0  26.2 0.02290 0.02285 0.11994   2334      19460.4 0.0207
1  0  26.2 0.02310 0.02314 0.12430   2308      18568.1 0.0208
1  0  26.2 0.02330 0.02334 0.12430   2288      18407.2 0.0209
1  0  26.2 0.02350 0.02354 0.13065   2276      17420.7 0.0210
1  0  26.2 0.02370 0.02373 0.13065   2248      17206.4 0.0211
1  0  26.2 0.02390 0.02393 0.13655   2338      17122.1 0.0207
1  0  26.2 0.02410 0.02412 0.13917   2258      16224.6 0.0210
1  0  26.2 0.02430 0.02432 0.14546   2250      15468.6 0.0211
1  0  26.2 0.02450 0.02451 0.14546   2320      15949.8 0.0208
1  0  26.2 0.02470 0.02471 0.14546   2246      15441.1 0.0211
1  0  26.2 0.02490 0.02490 0.15391   2322      15087.1 0.0208
1  0  26.2 0.02510 0.02510 0.16055   2246      13989.1 0.0211
1  0  26.2 0.02530 0.02529 0.16143   2228      13802.0 0.0212
1  0  26.2 0.02550 0.02549 0.16935   2254      13309.6 0.0211
1  0  26.2 0.02570 0.02568 0.17936   2306      12856.7 0.0208
1  0  26.2 0.02590 0.02588 0.18347   2228      12143.8 0.0212
1  0  26.2 0.02610 0.02607 0.18961   2278      12014.0 0.0210
1  0  26.2 0.02630 0.02627 0.19614   2250      11471.2 0.0211
1  0  26.2 0.02650 0.02646 0.19703   2224      11287.6 0.0212
1  0  26.2 0.02670 0.02666 0.21846   2244      10271.7 0.0211
1  0  26.2 0.02690 0.02686 0.23076   2222       9629.1 0.0212
1  0  26.2 0.02710 0.02715 0.25365   2266       8933.5 0.0210
1  0  26.2 0.02730 0.02734 0.27547   2264       8218.6 0.0210
1  0  26.2 0.02750 0.02754 0.29343   2306       7858.7 0.0208
1  0  26.2 0.02770 0.02773 0.32963   2340       7098.9 0.0207
1  0  26.2 0.02790 0.02793 0.35974   2246       6243.4 0.0211
1  0  26.2 0.02810 0.02813 0.37884   2268       5986.8 0.0210
1  0  26.2 0.02830 0.02832 0.43035   2276       5288.7 0.0210
1  0  26.2 0.02850 0.02852 0.49375   2308       4674.4 0.0208
1  0  26.2 0.02870 0.02871 0.52594   2246       4270.5 0.0211
1  0  26.2 0.02890 0.02891 0.58785   2228       3790.1 0.0212
1  0  26.2 0.02910 0.02910 0.63690   2300       3611.2 0.0209
1  0  26.2 0.02930 0.02930 0.70287   2270       3229.6 0.0210
1  0  26.2 0.02950 0.02949 0.74441   2228       2993.0 0.0212
1  0  26.2 0.02970 0.02969 0.80924   2324       2871.8 0.0207
1  0  26.2 0.02990 0.02988 0.80924   2256       2787.8 0.0211
1  0  26.2 0.03010 0.03008 0.87572   2314       2642.4 0.0208
1  0  26.2 0.03030 0.03027 0.87572   2240       2557.9 0.0211
1  0  26.2 0.03050 0.03047 0.91921   2222       2417.3 0.0212
1  0  26.2 0.03070 0.03066 0.91921   2238       2434.7 0.0211
1  0  26.2 0.03090 0.03086 0.97491   2266       2324.3 0.0210
1  0  26.2 0.03110 0.03105 1.01457   2312       2278.8 0.0208
1  0  26.2 0.03130 0.03135 1.03507   2226       2150.6 0.0212
1  0  26.2 0.03150 0.03154 1.08531   2266       2087.9 0.0210
1  0  26.2 0.03170 0.03174 1.13007   2340       2070.7 0.0207
1  0  26.2 0.03190 0.03193 1.16026   2258       1946.1 0.0210
1  0  26.2 0.03210 0.03213 1.16235   2264       1947.8 0.0210
1  0  26.2 0.03230 0.03232 1.16235   2236       1923.7 0.0211
1  0  26.2 0.03250 0.03252 1.21000   2028       1676.0 0.0222
1  0  26.2 0.03270 0.03271 1.21000   2086       1724.0 0.0219
1  0  26.2 0.03290 0.03291 1.21000   1972       1629.8 0.0225
1  0  26.2 0.03310 0.03311 1.21000   1952       1613.2 0.0226
1  0  26.2 0.03330 0.03330 1.21000   1834       1515.7 0.0234
1  0  26.2 0.03350 0.03350 1.21000   1706       1409.9 0.0242
1  0  26.1 0.03370 0.03369 1.21000   1758       1452.9 0.0239
1  0  26.1 0.03390 0.03389 1.21000   1638       1353.7 0.0247
1  0  26.1 0.03410 0.03408 1.21000   1596       1319.0 0.0250
1  0  26.1 0.03430 0.03428 1.21000   1500       1239.7 0.0258
1  0  26.1 0.03450 0.03447 1.21000   1448       1196.7 0.0263
1  0  26.1 0.03470 0.03467 1.21000   1364       1127.3 0.0271
1  0  26.1 0.03490 0.03486 1.21000   1292       1067.8 0.0278
1  0  26.1 0.03510 0.03506 1.21000   1232       1018.2 0.0285
1  0  26.1 0.03530 0.03525 1.21000   1134        937.2 0.0297
1  0  26.1 0.03550 0.03555 1.21000   1026        847.9 0.0312
1  0  26.1 0.03570 0.03574 1.21000    982        811.6 0.0319
1  0  26.1 0.03590 0.03594 1.21000    882        728.9 0.0337
1  0  26.1 0.03610 0.03613 1.21000    786        649.6 0.0357
1  0  26.1 0.03630 0.03633 1.21000    774        639.7 0.0359
1  0  26.1 0.03650 0.03652 1.21000    698        576.9 0.0379
1  0  26.1 0.03670 0.03672 1.21000    610        504.1 0.0405
1  0  26.1 0.03690 0.03691 1.21000    674        557.0 0.0385
1  0  26.1 0.03710 0.03711 1.21000    598        494.2 0.0409
1  0  26.1 0.03730 0.03730 1.21000    566        467.8 0.0420
1  0  26.1 0.03750 0.03750 1.21000    596        492.6 0.0410
1  0  26.1 0.03770 0.03770 1.21000    534        441.3 0.0433
1  0  26.1 0.03790 0.03789 1.21000    538        444.6 0.0431
1  0  26.1 0.03810 0.03809 1.21000    492        406.6 0.0451
1  0  26.1 0.03830 0.03828 1.21000    440        363.6 0.0477
1  0  26.1 0.03850 0.03848 1.21000    440        363.6 0.0477
1  0  26.1 0.03870 0.03867 1.21000    446        368.6 0.0474
1  0  26.1 0.03890 0.03887 1.21000    450        371.9 0.0471
1  0  26.1 0.03910 0.03906 1.21000    458        378.5 0.0467
1  0  26.1 0.03930 0.03926 1.21000    466        385.1 0.0463
1  0  26.1 0.03950 0.03945 1.21000    432        357.0 0.0481
1  0  26.1 0.03970 0.03975 1.21000    450        371.9 0.0471
1  0  26.1 0.03990 0.03994 1.21000    380        314.0 0.0513
1  1  26.1 0.00010 0.00010 1.21000    884        730.6 0.0336
1  1  26.1 0.00030 0.00029 1.21000   2118       1750.4 0.0217
1  1  26.1 0.00050 0.00049 1.21000   5248       4337.2 0.0138
1  1  26.1 0.00070 0.00068 1.21000  12732      10522.3 0.0089
1  1  26.1 0.00090 0.00088 1.21000  28912      23894.2 0.0059
1  1  26.1 0.00110 0.00107 1.21000  62800      51900.8 0.0040
1  1  26.1 0.00130 0.00127 0.52342  72086     137721.6 0.0037
1  1  26.1 0.00150 0.00146 0.25862  71984     278340.2 0.0037
1  1  26.1 0.00170 0.00166 0.14207  73804     519506.1 0.0037
1  1  26.1 0.00190 0.00186 0.07898  72458     917461.9 0.0037
1  1  26.1 0.00210 0.00215 0.04338  78152    1801410.0 0.0036
1  1  26.1 0.00230 0.00234 0.02912  72044    2474047.2 0.0037
1  1  26.1 0.00250 0.00254 0.02343  71614    3057090.8 0.0037
1  1  26.1 0.00270 0.00273 0.02032  72114    3548837.0 0.0037
1  1  26.1 0.00290 0.00293 0.02032  79064    3890856.9 0.0036
1  1  26.1 0.00310 0.00313 0.01746  72268    4139667.8 0.0037
1  1  26.1 0.00330 0.00332 0.01746  74972    4294558.8 0.0037
1  1  26.1 0.00350 0.00352 0.01746  76716    4394458.9 0.0036
1  1  26.1 0.00370 0.00371 0.01746  77914    4463082.9 0.0036
1  1  26.1 0.00390 0.00391 0.01746  78706    4508450.4 0.0036
1  1  26.1 0.00410 0.00410 0.01746  79258    4540070.1 0.0036
1  1  26.1 0.00430 0.00430 0.01746  79598    4559546.1 0.0035
1  1  26.1 0.00450 0.00449 0.01746  79840    4573408.4 0.0035
1  1  26.1 0.00470 0.00469 0.01746  79932    4578678.3 0.0035
1  1  26.1 0.00490 0.00488 0.01746  79950    4579709.4 0.0035
1  1  26.1 0.00510 0.00508 0.01746  79858    4574439.4 0.0035
1  1  26.1 0.00530 0.00527 0.01746  79640    4561951.9 0.0035
1  1  26.1 0.00550 0.00547 0.01746  79306    4542819.7 0.0036
1  1  26.1 0.00570 0.00566 0.01746  78766    4511887.3 0.0036
1  1  26.1 0.00590 0.00586 0.01746  77930    4463999.4 0.0036
1  1  26.1 0.00610 0.00605 0.01746  76734    4395489.9 0.0036
1  1  26.1 0.00630 0.00635 0.01746  73814    4228226.0 0.0037
1  1  26.1 0.00650 0.00654 0.01746  70614    4044923.1 0.0038
1  1  26.1 0.00670 0.00674 0.01746  65810    3769739.5 0.0039
1  1  26.1 0.00690 0.00693 0.01746  59400    3402560.8 0.0041
1  1  26.1 0.00710 0.00713 0.01746  51096    2926889.7 0.0044
1  1  26.1 0.00730 0.00732 0.01746  42428    2430367.9 0.0049
1  1  26.1 0.00750 0.00752 0.01746  34176    1957675.4 0.0054
1  1  26.1 0.00770 0.00771 0.01746  27792    1591986.0 0.0060
1  1  26.1 0.00790 0.00791 0.01746  23528    1347734.9 0.0065
1  1  26.1 0.00810 0.00811 0.01746  20976    1201550.8 0.0069
1  1  26.1 0.00830 0.00830 0.01746  19614    1123532.5 0.0071
1  1  26.1 0.00850 0.00850 0.01746  19032    1090194.2 0.0072
1  1  26.1 0.00870 0.00869 0.01746  18650    1068312.4 0.0073
1  1  26.1 0.00890 0.00889 0.01746  18632    1067281.4 0.0073
1  1  26.1 0.00910 0.00908 0.01746  18516    1060636.6 0.0073
1  1  26.1 0.00930 0.00928 0.01746  18526    1061209.5 0.0073
1  1  26.1 0.00950 0.00947 0.01746  18214    1043337.4 0.0074
1  1  26.1 0.00970 0.00967 0.01746  18376    1052617.1 0.0074
1  1  26.1 0.00990 0.00986 0.01746  18324    1049638.5 0.0074
1  1  26.1 0.01010 0.01006 0.01746  18480    1058574.5 0.0074
1  1  26.1 0.01030 0.01025 0.01746  18310    1048836.5 0.0074
1  1  26.1 0.01050 0.01055 0.01746  18232    1044368.5 0.0074
1  1  26.1 0.01070 0.01074 0.01746  18412    1054679.3 0.0074
1  1  26.1 0.01090 0.01094 0.01746  18412    1054679.3 0.0074
1  1  26.1 0.01110 0.01113 0.01746  18416    1054908.4 0.0074
1  1  26.1 0.01130 0.01133 0.01746  18374    1052502.6 0.0074
1  1  26.1 0.01150 0.01152 0.01746  18330    1049982.2 0.0074
1  1  26.1 0.01170 0.01172 0.01746  17922    1026611.0 0.0075
1  1  26.1 0.01190 0.01191 0.01746  18046    1033714.0 0.0074
1  1  26.1 0.01210 0.01211 0.01746  17798    1019508.0 0.0075
1  1  26.1 0.01230 0.01230 0.01746  17060     977233.8 0.0077
1  1  26.1 0.01250 0.01250 0.01746  16548     947905.3 0.0078
1  1  26.1 0.01270 0.01270 0.01746  15486     887071.7 0.0080
1  1  26.1 0.01290 0.01289 0.01746  14436     826925.4 0.0083
1  1  26.1 0.01310 0.01309 0.01746  12788     732524.4 0.0088
1  1  26.1 0.01330 0.01328 0.01746  11410     653589.5 0.0094
1  1  26.1 0.01350 0.01348 0.01746   9582     548877.7 0.0102
1  1  26.1 0.01370 0.01367 0.01746   8250     472577.9 0.0110
1  1  26.0 0.01390 0.01387 0.01746   6756     386998.3 0.0122
1  1  26.0 0.01410 0.01406 0.01746   5576     319405.4 0.0134
1  1  26.0 0.01430 0.01426 0.01746   4612     264185.4 0.0147
1  1  26.0 0.01450 0.01445 0.01746   3828     219276.1 0.0162
1  1  26.0 0.01470 0.01475 0.01746   3012     172533.9 0.0182
1  1  26.0 0.01490 0.01494 0.01746   2624     150308.4 0.0195
1  1  26.0 0.01510 0.01514 0.01746   2316     132665.5 0.0208
1  1  26.0 0.01530 0.01533 0.01754   2306     131498.2 0.0208
1  1  26.0 0.01550 0.01553 0.01812   2228     122983.9 0.0212
1  1  26.0 0.01570 0.01572 0.01935   2372     122565.2 0.0205
1  1  26.0 0.01590 0.01592 0.01935   2286     118121.4 0.0209
1  1  26.0 0.01610 0.01611 0.01935   2288     118224.8 0.0209
1  1  26.0 0.01630 0.01631 0.02059   2242     108866.0 0.0211
1  1  26.0 0.01650 0.01650 0.02059   2298     111585.2 0.0209
1  1  26.0 0.01670 0.01670 0.02059   2266     110031.4 0.0210
1  1  26.0 0.01690 0.01689 0.02074   2306     111167.4 0.0208
1  1  26.0 0.01710 0.01709 0.02175   2270     104362.9 0.0210
1  1  26.0 0.01730 0.01729 0.02302   2340     101646.6 0.0207
1  1  26.0 0.01750 0.01748 0.02302   2352     102167.8 0.0206
1  1  26.0 0.01770 0.01768 0.02302   2280      99040.3 0.0209
1  1  26.0 0.01790 0.01787 0.02302   2264      98345.2 0.0210
1  1  26.0 0.01810 0.01807 0.02427   2282      94041.4 0.0209
1  1  26.0 0.01830 0.01826 0.02427   2268      93464.5 0.0210
1  1  26.0 0.01850 0.01846 0.02568   2280      88800.1 0.0209
1  1  26.0 0.01870 0.01865 0.02568   2264      88177.0 0.0210
1  1  26.0 0.01890 0.01895 0.02769   2286      82542.6 0.0209
1  1  26.0 0.01910 0.01914 0.02927   2268      77473.9 0.0210
1  1  26.0 0.01930 0.01934 0.02927   2262      77269.0 0.0210
1  1  26.0 0.01950 0.01953 0.03074   2252      73257.6 0.0211
1  1  26.0 0.01970 0.01973 0.03202   2222      69383.4 0.0212
1  1  26.0 0.01990 0.01992 0.03390   2298      67782.4 0.0209
1  1  26.0 0.02010 0.02012 0.03635   2266      62344.5 0.0210
1  1  26.0 0.02030 0.02031 0.03944   2304      58413.9 0.0208
1  1  26.0 0.02050 0.02051 0.04218   2222      52675.0 0.0212
1  1  26.0 0.02070 0.02070 0.04792   2342      48872.6 0.0207
1  1  26.0 0.02090 0.02090 0.05317   2262      42539.0 0.0210
1  1  26.0 0.02110 0.02109 0.06206   2370      38189.9 0.0205
1  1  26.0 0.02130 0.02129 0.06774   2236      33010.9 0.0211
1  1  26.0 0.02150 0.02148 0.08162   2322      28448.8 0.0208
1  1  26.0 0.02170 0.02168 0.09377   2272      24228.3 0.0210
1  1  26.0 0.02190 0.02188 0.10725   2240      20885.1 0.0211
1  1  26.0 0.02210 0.02207 0.12804   2346      18323.0 0.0206
1  1  26.0 0.02230 0.02227 0.13770   2242      16281.4 0.0211
1  1  26.0 0.02250 0.02246 0.16407   2262      13787.1 0.0210
1  1  26.0 0.02270 0.02266 0.18284   2292      12535.5 0.0209
1  1  26.0 0.02290 0.02285 0.19837   2340      11795.8 0.0207
1  1  26.0 0.02310 0.02314 0.21523   2226      10342.5 0.0212
1  1  26.0 0.02330 0.02334 0.23261   2282       9810.6 0.0209
1  1  26.0 0.02350 0.02354 0.24243   2248       9272.9 0.0211
1  1  26.0 0.02370 0.02373 0.25433   2314       9098.4 0.0208
1  1  26.0 0.02390 0.02393 0.26330   2308       8765.7 0.0208
1  1  26.0 0.02410 0.02412 0.27503   2358       8573.7 0.0206
1  1  26.0 0.02430 0.02432 0.28007   2248       8026.6 0.0211
1  1  26.0 0.02450 0.02451 0.28007   2224       7940.9 0.0212
1  1  26.0 0.02470 0.02471 0.28838   2250       7802.3 0.0211
1  1  26.0 0.02490 0.02490 0.30489   2264       7425.6 0.0210
1  1  26.0 0.02510 0.02510 0.31569   2248       7120.9 0.0211
1  1  26.0 0.02530 0.02529 0.31712   2272       7164.5 0.0210
1  1  26.0 0.02550 0.02549 0.33113   2224       6716.5 0.0212
1  1  26.0 0.02570 0.02568 0.35339   2322       6570.6 0.0208
1  1  26.0 0.02590 0.02588 0.35339   2264       6406.5 0.0210
1  1  26.0 0.02610 0.02607 0.38785   2308       5950.7 0.0208
1  1  26.0 0.02630 0.02627 0.39316   2402       6109.4 0.0204
1  1  26.0 0.02650 0.02646 0.39352   2238       5687.2 0.0211
1  1  26.0 0.02670 0.02666 0.41532   2252       5422.4 0.0211
1  1  26.0 0.02690 0.02686 0.42763   2234       5224.1 0.0212
1  1  26.0 0.02710 0.02715 0.45771   2264       4946.4 0.0210
1  1  26.0 0.02730 0.02734 0.48849   2228       4561.0 0.0212
1  1  26.0 0.02750 0.02754 0.48849   2254       4614.3 0.0211
1  1  26.0 0.02770 0.02773 0.55949   2330       4164.5 0.0207
1  1  26.0 0.02790 0.02793 0.59426   2290       3853.5 0.0209
1  1  26.0 0.02810 0.02813 0.63240   2286       3614.8 0.0209
1  1  26.0 0.02830 0.02832 0.69246   2316       3344.6 0.0208
1  1  26.0 0.02850 0.02852 0.73407   2246       3059.7 0.0211
1  1  26.0 0.02870 0.02871 0.80748   2270       2811.2 0.0210
1  1  26.0 0.02890 0.02891 0.88912   2328       2618.3 0.0207
1  1  26.0 0.02910 0.02910 0.98799   2274       2301.7 0.0210
1  1  26.0 0.02930 0.02930 1.09989   2336       2123.9 0.0207
1  1  26.0 0.02950 0.02949 1.20402   2270       1885.4 0.0210
1  1  26.0 0.02970 0.02969 1.21000   2072       1712.4 0.0220
1  1  26.0 0.02990 0.02988 1.21000   1858       1535.5 0.0232
1  1  26.0 0.03010 0.03008 1.21000   1598       1320.7 0.0250
1  1  26.0 0.03030 0.03027 1.21000   1478       1221.5 0.0260
1  1  25.9 0.03050 0.03047 1.21000   1262       1043.0 0.0281
1  1  25.9 0.03070 0.03066 1.21000   1266       1046.3 0.0281
1  1  26.0 0.03090 0.03086 1.21000   1114        920.7 0.0300
1  1  26.0 0.03110 0.03105 1.21000   1082        894.2 0.0304
1  1  26.0 0.03130 0.03135 1.21000   1004        829.8 0.0316
1  1  25.9 0.03150 0.03154 1.21000    988        816.5 0.0318
1  1  25.9 0.03170 0.03174 1.21000    942        778.5 0.0326
1  1  25.9 0.03190 0.03193 1.21000    916        757.0 0.0330
1  1  25.9 0.03210 0.03213 1.21000    908        750.4 0.0332
1  1  25.9 0.03230 0.03232 1.21000    838        692.6 0.0345
1  1  25.9 0.03250 0.03252 1.21000    834        689.3 0.0346
1  1  25.9 0.03270 0.03271 1.21000    812        671.1 0.0351
1  1  25.9 0.03290 0.03291 1.21000    790        652.9 0.0356
1  1  25.9 0.03310 0.03311 1.21000    822        679.3 0.0349
1  1  25.9 0.03330 0.03330 1.21000    770        636.4 0.0360
1  1  25.9 0.03350 0.03350 1.21000    748        618.2 0.0366
1  1  25.9 0.03370 0.03369 1.21000    688        568.6 0.0381
1  1  25.9 0.03390 0.03389 1.21000    672        555.4 0.0386
1  1  25.9 0.03410 0.03408 1.21000    694        573.6 0.0380
1  1  25.9 0.03430 0.03428 1.21000    610        504.1 0.0405
1  1  25.9 0.03450 0.03447 1.21000    634        524.0 0.0397
1  1  25.9 0.03470 0.03467 1.21000    600        495.9 0.0408
1  1  25.9 0.03490 0.03486 1.21000    630        520.7 0.0398
1  1  25.9 0.03510 0.03506 1.21000    556        459.5 0.0424
1  1  25.9 0.03530 0.03525 1.21000    580        479.3 0.0415
1  1  25.9 0.03550 0.03555 1.21000    528        436.4 0.0435
1  1  25.9 0.03570 0.03574 1.21000    494        408.3 0.0450
1  1  25.9 0.03590 0.03594 1.21000    456        376.9 0.0468
1  1  25.9 0.03610 0.03613 1.21000    442        365.3 0.0476
1  1  25.9 0.03630 0.03633 1.21000    450        371.9 0.0471
1  1  25.9 0.03650 0.03652 1.21000    434        358.7 0.0480
1  1  25.9 0.03670 0.03672 1.21000    410        338.8 0.0494
1  1  25.9 0.03690 0.03691 1.21000    386        319.0 0.0509
1  1  25.9 0.03710 0.03711 1.21000    392        324.0 0.0505
1  1  25.9 0.03730 0.03730 1.21000    416        343.8 0.0490
1  1  25.9 0.03750 0.03750 1.21000    344        284.3 0.0539
1  1  25.9 0.03770 0.03770 1.21000    318        262.8 0.0561
1  1  25.9 0.03790 0.03789 1.21000    296        244.6 0.0581
1  1  25.9 0.03810 0.03809 1.21000    322        266.1 0.0557
1  1  25.9 0.03830 0.03828 1.21000    320        264.5 0.0559
1  1  25.9 0.03850 0.03848 1.21000    272        224.8 0.0606
1  1  25.9 0.03870 0.03867 1.21000    326        269.4 0.0554
1  1  25.9 0.03890 0.03887 1.21000    282        233.1 0.0595
1  1  25.9 0.03910 0.03906 1.21000    240        198.3 0.0645
1  1  25.9 0.03930 0.03926 1.21000    266        219.8 0.0613
1  1  25.9 0.03950 0.03945 1.21000    250        206.6 0.0632
1  1  25.9 0.03970 0.03975 1.21000    248        205.0 0.0635
1  1  25.9 0.03990 0.03994 1.21000    242        200.0 0.0643
1  2  25.9 0.00010 0.00010 1.21000    924        763.6 0.0329
1  2  25.9 0.00030 0.00029 1.21000   2432       2009.9 0.0203
1  2  25.9 0.00050 0.00049 1.21000   5710       4719.0 0.0132
1  2  25.9 0.00070 0.00068 1.21000  13424      11094.2 0.0086
1  2  25.9 0.00090 0.00088 1.21000  31348      25907.4 0.0056
1  2  25.9 0.00110 0.00107 1.21000  68984      57011.6 0.0038
1  2  25.9 0.00130 0.00127 0.49152  71440     145345.5 0.0037
1  2  25.9 0.00150 0.00146 0.27000  79428     294174.3 0.0035
1  2  25.9 0.00170 0.00166 0.13191  71932     545292.9 0.0037
1  2  25.9 0.00190 0.00186 0.07591  71814     945998.0 0.0037
1  2  25.9 0.00210 0.00215 0.04170  76832    1842442.9 0.0036
1  2  25.9 0.00230 0.00234 0.02873  71710    2495832.4 0.0037
1  2  25.9 0.00250 0.00254 0.02343  72238    3082769.7 0.0037
1  2  25.9 0.00270 0.00273 0.02027  72044    3554623.6 0.0037
1  2  25.9 0.00290 0.00293 0.02027  78886    3892205.3 0.0036
1  2  25.9 0.00310 0.00313 0.01747  72052    4123920.0 0.0037
1  2  25.9 0.00330 0.00332 0.01747  74732    4277310.7 0.0037
1  2  25.9 0.00350 0.00352 0.01747  76552    4381479.0 0.0036
1  2  25.9 0.00370 0.00371 0.01747  77710    4447757.5 0.0036
1  2  25.9 0.00390 0.00391 0.01747  78514    4493774.8 0.0036
1  2  25.9 0.00410 0.00410 0.01747  79076    4525941.0 0.0036
1  2  25.9 0.00430 0.00430 0.01747  79444    4547003.6 0.0035
1  2  25.9 0.00450 0.00449 0.01747  79672    4560053.3 0.0035
1  2  25.9 0.00470 0.00469 0.01747  79812    4568066.2 0.0035
1  2  25.9 0.00490 0.00488 0.01747  79816    4568295.2 0.0035
1  2  25.9 0.00510 0.00508 0.01747  79742    4564059.7 0.0035
1  2  25.9 0.00530 0.00527 0.01747  79530    4551925.9 0.0035
1  2  25.9 0.00550 0.00547 0.01747  79210    4533610.5 0.0036
1  2  25.9 0.00570 0.00566 0.01747  78698    4504306.1 0.0036
1  2  25.9 0.00590 0.00586 0.01747  77894    4458288.9 0.0036
1  2  25.9 0.00610 0.00605 0.01747  76694    4389606.5 0.0036
1  2  25.9 0.00630 0.00635 0.01747  74010    4235986.8 0.0037
1  2  25.9 0.00650 0.00654 0.01747  70928    4059587.5 0.0038
1  2  25.9 0.00670 0.00674 0.01747  66276    3793328.8 0.0039
1  2  25.9 0.00690 0.00693 0.01747  60404    3457242.9 0.0041
1  2  25.9 0.00710 0.00713 0.01747  53210    3045491.9 0.0043
1  2  25.9 0.00730 0.00732 0.01747  45520    2605352.3 0.0047
1  2  25.9 0.00750 0.00752 0.01747  38620    2210428.5 0.0051
1  2  25.9 0.00770 0.00771 0.01747  33082    1893459.2 0.0055
1  2  25.9 0.00790 0.00791 0.01747  29832    1707444.4 0.0058
1  2  25.9 0.00810 0.00811 0.01747  27852    1594118.4 0.0060
1  2  25.9 0.00830 0.00830 0.01747  26956    1542835.6 0.0061
1  2  25.9 0.00850 0.00850 0.01747  26268    1503457.7 0.0062
1  2  25.9 0.00870 0.00869 0.01747  25920    1483539.8 0.0062
1  2  25.9 0.00890 0.00889 0.01747  25884    1481479.3 0.0062
1  2  25.9 0.00910 0.00908 0.01747  25684    1470032.2 0.0062
1  2  25.9 0.00930 0.00928 0.01747  26044    1490637.0 0.0062
1  2  25.9 0.00950 0.00947 0.01747  25906    1482738.5 0.0062
1  2  25.9 0.00970 0.00967 0.01747  25882    1481364.8 0.0062
1  2  25.9 0.00990 0.00986 0.01747  25632    1467056.0 0.0062
1  2  25.9 0.01010 0.01006 0.01747  25754    1474038.7 0.0062
1  2  25.9 0.01030 0.01025 0.01747  25708    1471405.9 0.0062
1  2  25.9 0.01050 0.01055 0.01747  25566    1463278.5 0.0063
1  2  25.9 0.01070 0.01074 0.01747  25522    1460760.1 0.0063
1  2  25.9 0.01090 0.01094 0.01747  25510    1460073.3 0.0063
1  2  25.9 0.01110 0.01113 0.01747  25580    1464079.8 0.0063
1  2  25.9 0.01130 0.01133 0.01747  25544    1462019.3 0.0063
1  2  25.9 0.01150 0.01152 0.01747  25246    1444963.2 0.0063
1  2  25.9 0.01170 0.01172 0.01747  25404    1454006.3 0.0063
1  2  25.9 0.01190 0.01191 0.01747  24954    1428250.4 0.0063
1  2  25.9 0.01210 0.01211 0.01747  24852    1422412.4 0.0063
1  2  25.9 0.01230 0.01230 0.01747  24280    1389673.8 0.0064
1  2  25.9 0.01250 0.01250 0.01747  23680    1355332.6 0.0065
1  2  25.9 0.01270 0.01270 0.01747  22422    1283330.6 0.0067
1  2  25.9 0.01290 0.01289 0.01747  20772    1188892.3 0.0069
1  2  25.9 0.01310 0.01309 0.01747  19198    1098803.9 0.0072
1  2  25.9 0.01330 0.01328 0.01747  17264     988110.7 0.0076
1  2  25.9 0.01350 0.01348 0.01747  15082     863223.3 0.0081
1  2  25.9 0.01370 0.01367 0.01747  12860     736046.4 0.0088
1  2  25.9 0.01390 0.01387 0.01747  11122     636571.3 0.0095
1  2  25.9 0.01410 0.01406 0.01747   9222     527824.2 0.0104
1  2  25.9 0.01430 0.01426 0.01747   7874     450671.0 0.0113
1  2  25.9 0.01450 0.01445 0.01747   6572     376150.6 0.0123
1  2  25.9 0.01470 0.01475 0.01747   5500     314794.3 0.0135
1  2  25.9 0.01490 0.01494 0.01747   4896     280224.2 0.0143
1  2  25.9 0.01510 0.01514 0.01747   4612     263969.3 0.0147
1  2  25.9 0.01530 0.01533 0.01747   4142     237068.7 0.0155
1  2  25.9 0.01550 0.01553 0.01747   3912     223904.6 0.0160
1  2  25.9 0.01570 0.01572 0.01747   3854     220585.0 0.0161
1  2  25.9 0.01590 0.01592 0.01747   3680     210626.0 0.0165
1  2  25.9 0.01610 0.01611 0.01747   3624     207420.8 0.0166
1  2  25.9 0.01630 0.01631 0.01747   3510     200896.0 0.0169
1  2  25.9 0.01650 0.01650 0.01747   3460     198034.2 0.0170
1  2  25.9 0.01670 0.01670 0.01747   3400     194600.1 0.0171
1  2  25.9 0.01690 0.01689 0.01747   3372     192997.5 0.0172
1  2  25.9 0.01710 0.01709 0.01747   3274     187388.5 0.0175
1  2  25.9 0.01730 0.01729 0.01747   3308     189334.5 0.0174
1  2  25.9 0.01750 0.01748 0.01747   3118     178459.8 0.0179
1  2  25.9 0.01770 0.01768 0.01747   3072     175826.9 0.0180
1  2  25.9 0.01790 0.01787 0.01747   2934     167928.5 0.0185
1  2  25.9 0.01810 0.01807 0.01747   2946     168615.3 0.0184
1  2  25.9 0.01830 0.01826 0.01747   2894     165639.0 0.0186
1  2  25.9 0.01850 0.01846 0.01747   2788     159572.1 0.0189
1  2  25.9 0.01870 0.01865 0.01747   2554     146179.0 0.0198
1  2  25.9 0.01890 0.01895 0.01747   2584     147896.1 0.0197
1  2  25.9 0.01910 0.01914 0.01747   2412     138051.6 0.0204
1  2  25.9 0.01930 0.01934 0.01747   2336     133701.7 0.0207
1  2  25.9 0.01950 0.01953 0.01789   2294     128225.2 0.0209
1  2  25.9 0.01970 0.01973 0.01837   2270     123571.7 0.0210
1  2  25.9 0.01990 0.01992 0.02020   2296     113637.1 0.0209
1  2  25.9 0.02010 0.02012 0.02033   2246     110462.1 0.0211
1  2  25.9 0.02030 0.02031 0.02234   2228      99740.3 0.0212
1  2  25.9 0.02050 0.02051 0.02366   2236      94512.4 0.0211
1  2  25.9 0.02070 0.02070 0.02666   2332      87480.0 0.0207
1  2  25.9 0.02090 0.02090 0.02885   2226      77154.5 0.0212
1  2  25.9 0.02110 0.02109 0.03186   2242      70364.8 0.0211
1  2  25.9 0.02130 0.02129 0.03594   2262      62941.2 0.0210
1  2  25.9 0.02150 0.02148 0.04080   2264      55486.6 0.0210
1  2  25.9 0.02170 0.02168 0.04880   2384      48856.2 0.0205
1  2  25.9 0.02190 0.02188 0.05331   2240      42022.2 0.0211
1  2  25.9 0.02210 0.02207 0.06337   2268      35792.2 0.0210
1  2  25.9 0.02230 0.02227 0.07060   2236      31673.3 0.0211
1  2  25.9 0.02250 0.02246 0.07977   2340      29333.9 0.0207
1  2  25.9 0.02270 0.02266 0.09017   2370      26284.7 0.0205
1  2  25.9 0.02290 0.02285 0.09598   2230      23233.4 0.0212
1  2  25.9 0.02310 0.02314 0.10788   2292      21245.8 0.0209
1  2  25.9 0.02330 0.02334 0.11512   2234      19405.8 0.0212
1  2  25.9 0.02350 0.02354 0.12283   2338      19034.2 0.0207
1  2  25.9 0.02370 0.02373 0.12960   2300      17747.3 0.0209
1  2  25.9 0.02390 0.02393 0.13258   2274      17151.8 0.0210
1  2  25.9 0.02410 0.02412 0.13258   2234      16850.1 0.0212
1  2  25.9 0.02430 0.02432 0.13789   2244      16273.5 0.0211
1  2  25.9 0.02450 0.02451 0.14620   2244      15348.9 0.0211
1  2  25.9 0.02470 0.02471 0.15040   2244      14920.7 0.0211
1  2  25.9 0.02490 0.02490 0.15891   2336      14700.3 0.0207
1  2  25.8 0.02510 0.02510 0.15891   2258      14209.5 0.0210
1  2  25.8 0.02530 0.02529 0.16500   2262      13709.3 0.0210
1  2  25.8 0.02550 0.02549 0.16680   2240      13429.4 0.0211
1  2  25.8 0.02570 0.02568 0.18331   2332      12721.4 0.0207
1  2  25.8 0.02590 0.02588 0.18331   2262      12339.5 0.0210
1  2  25.8 0.02610 0.02607 0.19232   2296      11938.7 0.0209
1  2  25.8 0.02630 0.02627 0.20408   2324      11387.5 0.0207
1  2  25.8 0.02650 0.02646 0.20408   2242      10985.7 0.0211
1  2  25.9 0.02670 0.02666 0.23011   2350      10212.4 0.0206
1  2  25.9 0.02690 0.02686 0.23581   2236       9482.0 0.0211
1  2  25.9 0.02710 0.02715 0.25289   2282       9023.8 0.0209
1  2  25.8 0.02730 0.02734 0.26569   2272       8551.3 0.0210
1  2  25.8 0.02750 0.02754 0.28086   2368       8431.3 0.0205
1  2  25.8 0.02770 0.02773 0.29354   2284       7780.8 0.0209
1  2  25.8 0.02790 0.02793 0.30333   2238       7378.2 0.0211
1  2  25.9 0.02810 0.02813 0.34218   2340       6838.6 0.0207
1  2  25.9 0.02830 0.02832 0.36801   2336       6347.6 0.0207
1  2  25.8 0.02850 0.02852 0.38446   2324       6044.8 0.0207
1  2  25.8 0.02870 0.02871 0.40370   2222       5504.1 0.0212
1  2  25.8 0.02890 0.02891 0.45122   2230       4942.2 0.0212
1  2  25.8 0.02910 0.02910 0.48529   2222       4578.7 0.0212
1  2  25.8 0.02930 0.02930 0.54187   2344       4325.8 0.0207
1  2  25.8 0.02950 0.02949 0.62580   2358       3768.0 0.0206
1  2  25.8 0.02970 0.02969 0.68498   2358       3442.4 0.0206
1  2  25.8 0.02990 0.02988 0.72271   2260       3127.1 0.0210
1  2  25.8 0.03010 0.03008 0.80900   2222       2746.6 0.0212
1  2  25.8 0.03030 0.03027 0.91249   2304       2525.0 0.0208
1  2  25.8 0.03050 0.03047 0.97385   2234       2294.0 0.0212
1  2  25.8 0.03070 0.03066 1.09842   2368       2155.8 0.0205
1  2  25.8 0.03090 0.03086 1.18218   2278       1927.0 0.0210
1  2  25.8 0.03110 0.03105 1.21000   2106       1740.5 0.0218
1  2  25.8 0.03130 0.03135 1.21000   1948       1609.9 0.0227
1  2  25.8 0.03150 0.03154 1.21000   1852       1530.6 0.0232
1  2  25.8 0.03170 0.03174 1.21000   1730       1429.8 0.0240
1  2  25.8 0.03190 0.03193 1.21000   1738       1436.4 0.0240
1  2  25.8 0.03210 0.03213 1.21000   1596       1319.0 0.0250
1  2  25.8 0.03230 0.03232 1.21000   1554       1284.3 0.0254
1  2  25.8 0.03250 0.03252 1.21000   1466       1211.6 0.0261
1  2  25.8 0.03270 0.03271 1.21000   1454       1201.7 0.0262
1  2  25.8 0.03290 0.03291 1.21000   1384       1143.8 0.0269
1  2  25.8 0.03310 0.03311 1.21000   1310       1082.6 0.0276
1  2  25.8 0.03330 0.03330 1.21000   1314       1086.0 0.0276
1  2  25.8 0.03350 0.03350 1.21000   1266       1046.3 0.0281
1  2  25.8 0.03370 0.03369 1.21000   1176        971.9 0.0292
1  2  25.8 0.03390 0.03389 1.21000   1146        947.1 0.0295
1  2  25.8 0.03410 0.03408 1.21000   1136        938.8 0.0297
1  2  25.8 0.03430 0.03428 1.21000   1096        905.8 0.0302
1  2  25.8 0.03450 0.03447 1.21000   1010        834.7 0.0315
1  2  25.8 0.03470 0.03467 1.21000    970        801.7 0.0321
1  2  25.8 0.03490 0.03486 1.21000    928        766.9 0.0328
1  2  25.8 0.03510 0.03506 1.21000    866        715.7 0.0340
1  2  25.8 0.03530 0.03525 1.21000    872        720.7 0.0339
1  2  25.8 0.03550 0.03555 1.21000    826        682.6 0.0348
1  2  25.8 0.03570 0.03574 1.21000    794        656.2 0.0355
1  2  25.8 0.03590 0.03594 1.21000    736        608.3 0.0369
1  2  25.8 0.03610 0.03613 1.21000    718        593.4 0.0373
1  2  25.8 0.03630 0.03633 1.21000    658        543.8 0.0390
1  2  25.8 0.03650 0.03652 1.21000    634        524.0 0.0397
1  2  25.8 0.03670 0.03672 1.21000    610        504.1 0.0405
1  2  25.8 0.03690 0.03691 1.21000    626        517.4 0.0400
1  2  25.8 0.03710 0.03711 1.21000    546        451.2 0.0428
1  2  25.8 0.03730 0.03730 1.21000    484        400.0 0.0455
1  2  25.8 0.03750 0.03750 1.21000    524        433.1 0.0437
1  2  25.8 0.03770 0.03770 1.21000    478        395.0 0.0457
1  2  25.9 0.03790 0.03789 1.21000    448        370.2 0.0472
1  2  25.9 0.03810 0.03809 1.21000    450        371.9 0.0471
1  2  25.9 0.03830 0.03828 1.21000    440        363.6 0.0477
1  2  25.9 0.03850 0.03848 1.21000    384        317.4 0.0510
1  2  25.9 0.03870 0.03867 1.21000    380        314.0 0.0513
1  2  25.8 0.03890 0.03887 1.21000    368        304.1 0.0521
1  2  25.8 0.03910 0.03906 1.21000    332        274.4 0.0549
1  2  25.8 0.03930 0.03926 1.21000    366        302.5 0.0523
1  2  25.9 0.03950 0.03945 1.21000    304        251.2 0.0574
1  2  25.9 0.03970 0.03975 1.21000    306        252.9 0.0572
1  2  25.8 0.03990 0.03994 1.21000    302        249.6 0.0575
1  3  25.8 0.00010 0.00010 1.21000    718        593.4 0.0373
1  3  25.9 0.00030 0.00029 1.21000   1880       1553.7 0.0231
1  3  25.9 0.00050 0.00049 1.21000   4874       4028.1 0.0143
1  3  25.9 0.00070 0.00068 1.21000  11418       9436.4 0.0094
1  3  25.9 0.00090 0.00088 1.21000  27028      22337.2 0.0061
1  3  25.9 0.00110 0.00107 1.21000  61060      50462.8 0.0040
1  3  25.9 0.00130 0.00127 0.54984  72130     131183.1 0.0037
1  3  25.9 0.00150 0.00146 0.30204  79462     263082.6 0.0035
1  3  25.9 0.00170 0.00166 0.14349  72254     503556.7 0.0037
1  3  25.9 0.00190 0.00186 0.08060  71892     891909.8 0.0037
1  3  25.9 0.00210 0.00215 0.04428  78236    1766923.8 0.0036
1  3  25.9 0.00230 0.00234 0.02967  72122    2430458.4 0.0037
1  3  25.9 0.00250 0.00254 0.02381  72074    3027415.2 0.0037
1  3  25.9 0.00270 0.00273 0.02053  72042    3509401.8 0.0037
1  3  25.9 0.00290 0.00293 0.02053  79194    3857799.2 0.0036
1  3  25.9 0.00310 0.00313 0.01755  72084    4107321.0 0.0037
1  3  25.9 0.00330 0.00332 0.01755  74814    4262875.4 0.0037
1  3  25.9 0.00350 0.00352 0.01755  76608    4365096.9 0.0036
1  3  25.9 0.00370 0.00371 0.01755  77834    4434953.9 0.0036
1  3  25.9 0.00390 0.00391 0.01755  78666    4482361.0 0.0036
1  3  25.9 0.00410 0.00410 0.01755  79208    4513244.0 0.0036
1  3  25.9 0.00430 0.00430 0.01755  79570    4533870.6 0.0035
1  3  25.9 0.00450 0.00449 0.01755  79816    4547887.6 0.0035
1  3  25.9 0.00470 0.00469 0.01755  79934    4554611.2 0.0035
1  3  25.9 0.00490 0.00488 0.01755  79950    4555522.9 0.0035
1  3  25.9 0.00510 0.00508 0.01755  79860    4550394.7 0.0035
1  3  25.9 0.00530 0.00527 0.01755  79666    4539340.6 0.0035
1  3  25.9 0.00550 0.00547 0.01755  79308    4518941.9 0.0036
1  3  25.9 0.00570 0.00566 0.01755  78800    4489996.3 0.0036
1  3  25.9 0.00590 0.00586 0.01755  77984    4443500.9 0.0036
1  3  25.9 0.00610 0.00605 0.01755  76788    4375353.2 0.0036
1  3  25.9 0.00630 0.00635 0.01755  74006    4216835.8 0.0037
1  3  25.9 0.00650 0.00654 0.01755  70726    4029942.6 0.0038
1  3  25.9 0.00670 0.00674 0.01755  66002    3760770.7 0.0039
1  3  25.9 0.00690 0.00693 0.01755  59630    3397696.4 0.0041
1  3  25.9 0.00710 0.00713 0.01755  51478    2933198.3 0.0044
1  3  25.9 0.00730 0.00732 0.01755  42848    2441464.0 0.0048
1  3  25.9 0.00750 0.00752 0.01755  35088    1999301.9 0.0053
1  3  25.9 0.00770 0.00771 0.01755  29438    1677366.9 0.0058
1  3  25.9 0.00790 0.00791 0.01755  25748    1467112.0 0.0062
1  3  25.9 0.00810 0.00811 0.01755  23296    1327397.9 0.0066
1  3  25.9 0.00830 0.00830 0.01755  22204    1265176.1 0.0067
1  3  25.9 0.00850 0.00850 0.01755  21768    1240333.0 0.0068
1  3  25.9 0.00870 0.00869 0.01755  21588    1230076.6 0.0068
1  3  25.9 0.00890 0.00889 0.01755  21296    1213438.6 0.0069
1  3  25.9 0.00910 0.00908 0.01755  21078    1201017.0 0.0069
1  3  25.9 0.00930 0.00928 0.01755  21212    1208652.3 0.0069
1  3  25.9 0.00950 0.00947 0.01755  21130    1203980.0 0.0069
1  3  25.9 0.00970 0.00967 0.01755  21068    1200447.2 0.0069
1  3  25.9 0.00990 0.00986 0.01755  21060    1199991.4 0.0069
1  3  25.9 0.01010 0.01006 0.01755  21122    1203524.1 0.0069
1  3  25.9 0.01030 0.01025 0.01755  21062    1200105.3 0.0069
1  3  25.9 0.01050 0.01055 0.01755  21154    1205347.5 0.0069
1  3  25.9 0.01070 0.01074 0.01755  21144    1204777.7 0.0069
1  3  25.9 0.01090 0.01094 0.01755  20792    1184720.8 0.0069
1  3  25.9 0.01110 0.01113 0.01755  20854    1188253.6 0.0069
1  3  25.9 0.01130 0.01133 0.01755  21026    1198054.1 0.0069
1  3  25.9 0.01150 0.01152 0.01755  20960    1194293.4 0.0069
1  3  25.9 0.01170 0.01172 0.01755  20656    1176971.6 0.0070
1  3  25.9 0.01190 0.01191 0.01755  20512    1168766.5 0.0070
1  3  25.9 0.01210 0.01211 0.01755  20162    1148823.7 0.0070
1  3  25.9 0.01230 0.01230 0.01755  19582    1115775.5 0.0071
1  3  25.9 0.01250 0.01250 0.01755  18834    1073154.7 0.0073
1  3  25.9 0.01270 0.01270 0.01755  17510     997713.6 0.0076
1  3  25.9 0.01290 0.01289 0.01755  16302     928882.2 0.0078
1  3  25.9 0.01310 0.01309 0.01755  14692     837145.0 0.0083
1  3  25.9 0.01330 0.01328 0.01755  13170     750422.0 0.0087
1  3  25.9 0.01350 0.01348 0.01755  11330     645579.4 0.0094
1  3  25.9 0.01370 0.01367 0.01755   9742     555095.7 0.0101
1  3  25.9 0.01390 0.01387 0.01755   8320     474070.7 0.0110
1  3  25.9 0.01410 0.01406 0.01755   6938     395324.8 0.0120
1  3  25.9 0.01430 0.01426 0.01755   5732     326607.3 0.0132
1  3  25.9 0.01450 0.01445 0.01755   4962     282733.0 0.0142
1  3  25.9 0.01470 0.01475 0.01755   3770     214813.3 0.0163
1  3  25.9 0.01490 0.01494 0.01755   3430     195440.2 0.0171
1  3  25.9 0.01510 0.01514 0.01755   3090     176067.1 0.0180
1  3  25.9 0.01530 0.01533 0.01755   2922     166494.5 0.0185
1  3  25.9 0.01550 0.01553 0.01755   2798     159429.1 0.0189
1  3  25.9 0.01570 0.01572 0.01755   2708     154300.9 0.0192
1  3  25.9 0.01590 0.01592 0.01755   2526     143930.6 0.0199
1  3  25.9 0.01610 0.01611 0.01755   2478     141195.6 0.0201
1  3  25.9 0.01630 0.01631 0.01755   2446     139372.2 0.0202
1  3  25.9 0.01650 0.01650 0.01755   2396     136523.2 0.0204
1  3  25.9 0.01670 0.01670 0.01755   2316     131964.9 0.0208
1  3  25.9 0.01690 0.01689 0.01755   2312     131736.9 0.0208
1  3  25.9 0.01710 0.01709 0.01755   2250     128204.2 0.0211
1  3  25.9 0.01730 0.01729 0.01784   2230     125006.0 0.0212
1  3  25.9 0.01750 0.01748 0.01818   2222     122203.1 0.0212
1  3  25.9 0.01770 0.01768 0.01889   2246     118897.2 0.0211
1  3  25.9 0.01790 0.01787 0.01947   2258     115981.9 0.0210
1  3  25.9 0.01810 0.01807 0.01947   2224     114235.5 0.0212
1  3  25.9 0.01830 0.01826 0.02059   2278     110653.0 0.0210
1  3  25.9 0.01850 0.01846 0.02077   2264     108985.3 0.0210
1  3  25.9 0.01870 0.01865 0.02077   2280     109755.5 0.0209
1  3  25.9 0.01890 0.01895 0.02155   2240     103947.7 0.0211
1  3  25.9 0.01910 0.01914 0.02315   2270      98039.1 0.0210
1  3  25.9 0.01930 0.01934 0.02395   2288      95525.5 0.0209
1  3  25.9 0.01950 0.01953 0.02502   2284      91279.4 0.0209
1  3  25.9 0.01970 0.01973 0.02613   2222      85044.9 0.0212
1  3  25.9 0.01990 0.01992 0.02861   2436      85158.8 0.0203
1  3  25.9 0.02010 0.02012 0.02861   2244      78446.7 0.0211
1  3  25.9 0.02030 0.02031 0.03051   2256      73947.3 0.0211
1  3  25.9 0.02050 0.02051 0.03231   2276      70439.6 0.0210
1  3  25.9 0.02070 0.02070 0.03648   2288      62716.5 0.0209
1  3  25.9 0.02090 0.02090 0.04061   2318      57076.2 0.0208
1  3  25.9 0.02110 0.02109 0.04611   2314      50185.1 0.0208
1  3  25.9 0.02130 0.02129 0.05093   2224      43668.0 0.0212
1  3  25.9 0.02150 0.02148 0.05483   2230      40672.4 0.0212
1  3  25.9 0.02170 0.02168 0.06650   2256      33924.6 0.0211
1  3  25.9 0.02190 0.02188 0.07672   2262      29483.6 0.0210
1  3  25.9 0.02210 0.02207 0.08824   2332      26428.9 0.0207
1  3  25.9 0.02230 0.02227 0.10228   2232      21821.5 0.0212
1  3  25.9 0.02250 0.02246 0.11432   2236      19558.4 0.0211
1  3  25.9 0.02270 0.02266 0.12937   2282      17638.9 0.0209
1  3  25.9 0.02290 0.02285 0.14345   2232      15559.8 0.0212
1  3  25.9 0.02310 0.02314 0.16584   2328      14037.9 0.0207
1  3  25.9 0.02330 0.02334 0.17599   2260      12841.4 0.0210
1  3  25.9 0.02350 0.02354 0.18256   2240      12269.9 0.0211
1  3  25.9 0.02370 0.02373 0.19113   2236      11699.0 0.0211
1  3  25.9 0.02390 0.02393 0.20457   2310      11292.0 0.0208
1  3  25.9 0.02410 0.02412 0.20457   2222      10861.9 0.0212
1  3  25.9 0.02430 0.02432 0.21647   2322      10726.8 0.0208
1  3  25.9 0.02450 0.02451 0.21647   2224      10274.1 0.0212
1  3  25.9 0.02470 0.02471 0.23080   2242       9714.0 0.0211
1  3  25.9 0.02490 0.02490 0.24066   2228       9257.8 0.0212
1  3  25.9 0.02510 0.02510 0.24066   2254       9365.8 0.0211
1  3  25.9 0.02530 0.02529 0.24285   2252       9273.3 0.0211
1  3  25.9 0.02550 0.02549 0.25696   2310       8989.8 0.0208
1  3  25.9 0.02570 0.02568 0.26932   2314       8592.0 0.0208
1  3  25.9 0.02590 0.02588 0.28388   2256       7946.9 0.0211
1  3  25.9 0.02610 0.02607 0.28388   2264       7975.1 0.0210
1  3  25.9 0.02630 0.02627 0.30007   2274       7578.2 0.0210
1  3  25.9 0.02650 0.02646 0.30613   2224       7264.8 0.0212
1  3  25.9 0.02670 0.02666 0.32989   2420       7335.8 0.0203
1  3  25.9 0.02690 0.02686 0.32989   2322       7038.8 0.0208
1  3  25.9 0.02710 0.02715 0.35411   2258       6376.5 0.0210
1  3  25.9 0.02730 0.02734 0.37328   2234       5984.7 0.0212
1  3  25.9 0.02750 0.02754 0.39686   2266       5709.8 0.0210
1  3  25.9 0.02770 0.02773 0.41828   2256       5393.5 0.0211
1  3  25.9 0.02790 0.02793 0.44438   2290       5153.2 0.0209
1  3  25.9 0.02810 0.02813 0.45005   2278       5061.6 0.0210
1  3  25.9 0.02830 0.02832 0.50201   2344       4669.2 0.0207
1  3  25.9 0.02850 0.02852 0.51357   2252       4385.0 0.0211
1  3  25.9 0.02870 0.02871 0.56270   2356       4187.0 0.0206
1  3  25.9 0.02890 0.02891 0.60169   2334       3879.1 0.0207
1  3  25.9 0.02910 0.02910 0.68053   2364       3473.8 0.0206
1  3  25.9 0.02930 0.02930 0.75403   2294       3042.3 0.0209
1  3  25.9 0.02950 0.02949 0.84705   2334       2755.4 0.0207
1  3  25.9 0.02970 0.02969 0.90710   2256       2487.1 0.0211
1  3  25.9 0.02990 0.02988 1.04370   2368       2268.8 0.0205
1  3  25.9 0.03010 0.03008 1.14467   2308       2016.3 0.0208
1  3  25.9 0.03030 0.03027 1.21000   2030       1677.7 0.0222
1  3  25.9 0.03050 0.03047 1.21000   1850       1528.9 0.0232
1  3  25.9 0.03070 0.03066 1.21000   1720       1421.5 0.0241
1  3  25.9 0.03090 0.03086 1.21000   1520       1256.2 0.0256
1  3  25.9 0.03110 0.03105 1.21000   1450       1198.3 0.0263
1  3  25.9 0.03130 0.03135 1.21000   1300       1074.4 0.0277
1  3  25.9 0.03150 0.03154 1.21000   1218       1006.6 0.0287
1  3  25.9 0.03170 0.03174 1.21000   1260       1041.3 0.0282
1  3  25.9 0.03190 0.03193 1.21000   1102        910.7 0.0301
1  3  25.9 0.03210 0.03213 1.21000   1034        854.5 0.0311
1  3  25.9 0.03230 0.03232 1.21000   1054        871.1 0.0308
1  3  25.9 0.03250 0.03252 1.21000   1048        866.1 0.0309
1  3  25.9 0.03270 0.03271 1.21000    934        771.9 0.0327
1  3  25.9 0.03290 0.03291 1.21000    998        824.8 0.0317
1  3  25.9 0.03310 0.03311 1.21000    958        791.7 0.0323
1  3  25.9 0.03330 0.03330 1.21000    888        733.9 0.0336
1  3  25.9 0.03350 0.03350 1.21000    880        727.3 0.0337
1  3  25.9 0.03370 0.03369 1.21000    862        712.4 0.0341
1  3  25.9 0.03390 0.03389 1.21000    840        694.2 0.0345
1  3  25.9 0.03410 0.03408 1.21000    752        621.5 0.0365
1  3  25.9 0.03430 0.03428 1.21000    790        652.9 0.0356
1  3  25.9 0.03450 0.03447 1.21000    732        605.0 0.0370
1  3  25.9 0.03470 0.03467 1.21000    772        638.0 0.0360
1  3  25.9 0.03490 0.03486 1.21000    698        576.9 0.0379
1  3  25.9 0.03510 0.03506 1.21000    670        553.7 0.0386
1  3  25.9 0.03530 0.03525 1.21000    670        553.7 0.0386
1  3  25.9 0.03550 0.03555 1.21000    634        524.0 0.0397
1  3  25.9 0.03570 0.03574 1.21000    566        467.8 0.0420
1  3  25.9 0.03590 0.03594 1.21000    600        495.9 0.0408
1  3  25.9 0.03610 0.03613 1.21000    546        451.2 0.0428
1  3  25.9 0.03630 0.03633 1.21000    516        426.4 0.0440
1  3  25.9 0.03650 0.03652 1.21000    536        443.0 0.0432
1  3  25.9 0.03670 0.03672 1.21000    490        405.0 0.0452
1  3  25.9 0.03690 0.03691 1.21000    446        368.6 0.0474
1  3  25.9 0.03710 0.03711 1.21000    456        376.9 0.0468
1  3  25.9 0.03730 0.03730 1.21000    446        368.6 0.0474
1  3  25.9 0.03750 0.03750 1.21000    398        328.9 0.0501
1  3  25.9 0.03770 0.03770 1.21000    406        335.5 0.0496
1  3  25.9 0.03790 0.03789 1.21000    380        314.0 0.0513
1  3  25.9 0.03810 0.03809 1.21000    370        305.8 0.0520
1  3  25.9 0.03830 0.03828 1.21000    352        290.9 0.0533
1  3  25.9 0.03850 0.03848 1.21000    326        269.4 0.0554
1  3  25.9 0.03870 0.03867 1.21000    324        267.8 0.0556
1  3  25.9 0.03890 0.03887 1.21000    330        272.7 0.0550
1  3  25.9 0.03910 0.03906 1.21000    306        252.9 0.0572
1  3  25.9 0.03930 0.03926 1.21000    286        236.4 0.0591
1  3  25.9 0.03950 0.03945 1.21000    282        233.1 0.0595
1  3  25.9 0.03970 0.03975 1.21000    236        195.0 0.0651
1  3  25.9 0.03990 0.03994 1.21000    288        238.0 0.0589
