# Scan Time    : Fri, 18 Mar 2022 05:30:34 +0000 (GMT) +380643000 nsec
# Board Lane   : 5
# Board Loc    : BTOF - Southeast
# SiPM Biases  :  57.459  56.921  56.522  56.938
# SiPM Currents:   1.516   1.614   0.958   1.095
#
3 -1  25.4 0.00010 0.00010 1.21000     10          8.3 0.3162
3 -1  25.4 0.00030 0.00029 1.21000     12          9.9 0.2887
3 -1  25.4 0.00050 0.00049 1.21000     20         16.5 0.2236
3 -1  25.4 0.00070 0.00068 1.21000     20         16.5 0.2236
3 -1  25.4 0.00090 0.00088 1.21000     26         21.5 0.1961
3 -1  25.4 0.00110 0.00107 1.21000     20         16.5 0.2236
3 -1  25.4 0.00130 0.00127 1.21000     26         21.5 0.1961
3 -1  25.4 0.00150 0.00146 1.21000     26         21.5 0.1961
3 -1  25.4 0.00170 0.00166 1.21000     26         21.5 0.1961
3 -1  25.4 0.00190 0.00186 1.21000     48         39.7 0.1443
3 -1  25.4 0.00210 0.00215 1.21000     44         36.4 0.1508
3 -1  25.4 0.00230 0.00234 1.21000     38         31.4 0.1622
3 -1  25.4 0.00250 0.00254 1.21000     60         49.6 0.1291
3 -1  25.4 0.00270 0.00273 1.21000     88         72.7 0.1066
3 -1  25.4 0.00290 0.00293 1.21000    140        115.7 0.0845
3 -1  25.4 0.00310 0.00313 1.21000    240        198.3 0.0645
3 -1  25.4 0.00330 0.00332 1.21000    526        434.7 0.0436
3 -1  25.4 0.00350 0.00352 1.21000   1460       1206.6 0.0262
3 -1  25.4 0.00370 0.00371 1.21000   3524       2912.4 0.0168
3 -1  25.4 0.00390 0.00391 1.21000   8770       7247.9 0.0107
3 -1  25.4 0.00410 0.00410 1.21000  20496      16938.8 0.0070
3 -1  25.4 0.00430 0.00430 1.21000  47574      39317.4 0.0046
3 -1  25.4 0.00450 0.00449 0.83273  72122      86609.3 0.0037
3 -1  25.4 0.00470 0.00469 0.45744  76712     167699.2 0.0036
3 -1  25.4 0.00490 0.00488 0.21530  70418     327073.0 0.0038
3 -1  25.4 0.00510 0.00508 0.11827  77828     658063.3 0.0036
3 -1  25.4 0.00530 0.00527 0.06497  78126    1202536.3 0.0036
3 -1  25.4 0.00550 0.00547 0.03569  73972    2072720.6 0.0037
3 -1  25.4 0.00570 0.00566 0.02223  72314    3252320.8 0.0037
3 -1  25.4 0.00590 0.00586 0.01507  72648    4820691.5 0.0037
3 -1  25.4 0.00610 0.00605 0.01121  71348    6362281.6 0.0037
3 -1  25.4 0.00630 0.00635 0.00837  71988    8600148.5 0.0037
3 -1  25.4 0.00650 0.00654 0.00736  72526    9848559.1 0.0037
3 -1  25.4 0.00670 0.00674 0.00736  79292   10767337.9 0.0036
3 -1  25.4 0.00690 0.00693 0.00626  71452   11406621.8 0.0037
3 -1  25.4 0.00710 0.00713 0.00626  74790   11939501.2 0.0037
3 -1  25.4 0.00730 0.00732 0.00626  77136   12314017.5 0.0036
3 -1  25.4 0.00750 0.00752 0.00626  79198   12643195.9 0.0036
3 -1  25.4 0.00770 0.00771 0.00562  71998   12819082.7 0.0037
3 -1  25.4 0.00790 0.00791 0.00562  72872   12974696.4 0.0037
3 -1  25.4 0.00810 0.00811 0.00562  73316   13053749.6 0.0037
3 -1  25.4 0.00830 0.00830 0.00562  73544   13094344.5 0.0037
3 -1  25.4 0.00850 0.00850 0.00562  73556   13096481.1 0.0037
3 -1  25.4 0.00870 0.00869 0.00562  73264   13044491.2 0.0037
3 -1  25.4 0.00890 0.00889 0.00562  72546   12916652.9 0.0037
3 -1  25.4 0.00910 0.00908 0.00562  71346   12702995.6 0.0037
3 -1  25.4 0.00930 0.00928 0.00562  69472   12369334.0 0.0038
3 -1  25.4 0.00950 0.00947 0.00562  67096   11946292.6 0.0039
3 -1  25.4 0.00970 0.00967 0.00562  63510   11307813.3 0.0040
3 -1  25.4 0.00990 0.00986 0.00562  58310   10381964.9 0.0041
3 -1  25.4 0.01010 0.01006 0.00562  52306    9312966.2 0.0044
3 -1  25.4 0.01030 0.01025 0.00562  45786    8152094.8 0.0047
3 -1  25.4 0.01050 0.01055 0.00562  36562    6509782.2 0.0052
3 -1  25.4 0.01070 0.01074 0.00562  32680    5818600.8 0.0055
3 -1  25.4 0.01090 0.01094 0.00562  29928    5328613.4 0.0058
3 -1  25.4 0.01110 0.01113 0.00562  28082    4999937.2 0.0060
3 -1  25.4 0.01130 0.01133 0.00562  27052    4816548.0 0.0061
3 -1  25.4 0.01150 0.01152 0.00562  26586    4733577.8 0.0061
3 -1  25.4 0.01170 0.01172 0.00562  26126    4651675.8 0.0062
3 -1  25.4 0.01190 0.01191 0.00562  25634    4564076.3 0.0062
3 -1  25.4 0.01210 0.01211 0.00562  25758    4586154.2 0.0062
3 -1  25.4 0.01230 0.01230 0.00562  25330    4509949.8 0.0063
3 -1  25.4 0.01250 0.01250 0.00562  25246    4494993.8 0.0063
3 -1  25.4 0.01270 0.01270 0.00562  25286    4502115.7 0.0063
3 -1  25.4 0.01290 0.01289 0.00562  25364    4516003.4 0.0063
3 -1  25.5 0.01310 0.01309 0.00562  25218    4490008.4 0.0063
3 -1  25.5 0.01330 0.01328 0.00562  25162    4480037.8 0.0063
3 -1  25.5 0.01350 0.01348 0.00562  25318    4507813.2 0.0063
3 -1  25.5 0.01370 0.01367 0.00562  25042    4458672.0 0.0063
3 -1  25.5 0.01390 0.01387 0.00562  25006    4452262.3 0.0063
3 -1  25.5 0.01410 0.01406 0.00562  25100    4468998.8 0.0063
3 -1  25.5 0.01430 0.01426 0.00562  25066    4462945.2 0.0063
3 -1  25.5 0.01450 0.01445 0.00562  25038    4457959.8 0.0063
3 -1  25.5 0.01470 0.01475 0.00562  25020    4454755.0 0.0063
3 -1  25.5 0.01490 0.01494 0.00562  24802    4415940.6 0.0063
3 -1  25.5 0.01510 0.01514 0.00562  24526    4366799.4 0.0064
3 -1  25.5 0.01530 0.01533 0.00562  24454    4353979.9 0.0064
3 -1  25.5 0.01550 0.01553 0.00562  23808    4238961.1 0.0065
3 -1  25.5 0.01570 0.01572 0.00562  23160    4123586.1 0.0066
3 -1  25.5 0.01590 0.01592 0.00562  22062    3928089.7 0.0067
3 -1  25.5 0.01610 0.01611 0.00562  20732    3691286.2 0.0069
3 -1  25.5 0.01630 0.01631 0.00562  19272    3431336.4 0.0072
3 -1  25.5 0.01650 0.01650 0.00562  17692    3150021.0 0.0075
3 -1  25.5 0.01670 0.01670 0.00562  16150    2875471.3 0.0079
3 -1  25.5 0.01690 0.01689 0.00562  14358    2556409.8 0.0083
3 -1  25.5 0.01710 0.01709 0.00562  12998    2314264.8 0.0088
3 -1  25.5 0.01730 0.01729 0.00562  11430    2035085.9 0.0094
3 -1  25.5 0.01750 0.01748 0.00562  10110    1800062.9 0.0099
3 -1  25.5 0.01770 0.01768 0.00562   8914    1587117.7 0.0106
3 -1  25.5 0.01790 0.01787 0.00562   8006    1425450.4 0.0112
3 -1  25.5 0.01810 0.01807 0.00562   7268    1294051.1 0.0117
3 -1  25.5 0.01830 0.01826 0.00562   6790    1208944.3 0.0121
3 -1  25.5 0.01850 0.01846 0.00562   6358    1132027.7 0.0125
3 -1  25.5 0.01870 0.01865 0.00562   5836    1039086.7 0.0131
3 -1  25.5 0.01890 0.01895 0.00562   5592     995643.1 0.0134
3 -1  25.5 0.01910 0.01914 0.00562   5456     971428.6 0.0135
3 -1  25.5 0.01930 0.01934 0.00562   5174     921219.1 0.0139
3 -1  25.5 0.01950 0.01953 0.00562   5140     915165.5 0.0139
3 -1  25.5 0.01970 0.01973 0.00562   5004     890951.0 0.0141
3 -1  25.5 0.01990 0.01992 0.00562   4702     837180.6 0.0146
3 -1  25.5 0.02010 0.02012 0.00562   4648     827566.0 0.0147
3 -1  25.5 0.02030 0.02031 0.00562   4644     826853.8 0.0147
3 -1  25.5 0.02050 0.02051 0.00562   4398     783054.1 0.0151
3 -1  25.5 0.02070 0.02070 0.00562   4136     736405.5 0.0155
3 -1  25.5 0.02090 0.02090 0.00562   4076     725722.7 0.0157
3 -1  25.5 0.02110 0.02109 0.00562   3940     701508.2 0.0159
3 -1  25.5 0.02130 0.02129 0.00562   3870     689044.8 0.0161
3 -1  25.5 0.02150 0.02148 0.00562   3722     662693.8 0.0164
3 -1  25.5 0.02170 0.02168 0.00562   3648     649518.2 0.0166
3 -1  25.5 0.02190 0.02188 0.00562   3578     637054.9 0.0167
3 -1  25.5 0.02210 0.02207 0.00562   3378     601445.3 0.0172
3 -1  25.5 0.02230 0.02227 0.00562   3306     588625.9 0.0174
3 -1  25.5 0.02250 0.02246 0.00562   3204     570465.0 0.0177
3 -1  25.5 0.02270 0.02266 0.00562   3114     554440.7 0.0179
3 -1  25.5 0.02290 0.02285 0.00562   2976     529870.1 0.0183
3 -1  25.5 0.02310 0.02314 0.00562   2628     467909.5 0.0195
3 -1  25.5 0.02330 0.02334 0.00562   2576     458651.0 0.0197
3 -1  25.5 0.02350 0.02354 0.00562   2386     424822.0 0.0205
3 -1  25.5 0.02370 0.02373 0.00562   2276     405236.7 0.0210
3 -1  25.5 0.02390 0.02393 0.00598   2222     371763.7 0.0212
3 -1  25.5 0.02410 0.02412 0.00646   2224     344303.4 0.0212
3 -1  25.5 0.02430 0.02432 0.00678   2222     327583.6 0.0212
3 -1  25.5 0.02450 0.02451 0.00767   2294     299234.0 0.0209
3 -1  25.5 0.02470 0.02471 0.00829   2238     270120.0 0.0211
3 -1  25.5 0.02490 0.02490 0.00904   2274     251492.0 0.0210
3 -1  25.5 0.02510 0.02510 0.01016   2392     235492.6 0.0204
3 -1  25.5 0.02530 0.02529 0.01080   2244     207797.9 0.0211
3 -1  25.5 0.02550 0.02549 0.01218   2298     188692.3 0.0209
3 -1  25.5 0.02570 0.02568 0.01279   2274     177814.1 0.0210
3 -1  25.5 0.02590 0.02588 0.01410   2226     157923.7 0.0212
3 -1  25.5 0.02610 0.02607 0.01589   2322     146156.4 0.0208
3 -1  25.5 0.02630 0.02627 0.01696   2308     136111.3 0.0208
3 -1  25.5 0.02650 0.02646 0.01773   2324     131056.5 0.0207
3 -1  25.5 0.02670 0.02666 0.01817   2228     122589.4 0.0212
3 -1  25.5 0.02690 0.02686 0.01936   2312     119417.2 0.0208
3 -1  25.5 0.02710 0.02715 0.02155   2360     109498.4 0.0206
3 -1  25.5 0.02730 0.02734 0.02155   2254     104580.2 0.0211
3 -1  25.5 0.02750 0.02754 0.02359   2314      98102.5 0.0208
3 -1  25.5 0.02770 0.02773 0.02359   2226      94371.7 0.0212
3 -1  25.5 0.02790 0.02793 0.02409   2264      93995.7 0.0210
3 -1  25.5 0.02810 0.02813 0.02660   2248      84517.0 0.0211
3 -1  25.5 0.02830 0.02832 0.02770   2280      82325.3 0.0209
3 -1  25.5 0.02850 0.02852 0.02770   2286      82541.9 0.0209
3 -1  25.5 0.02870 0.02871 0.03043   2238      73545.3 0.0211
3 -1  25.5 0.02890 0.02891 0.03076   2238      72752.9 0.0211
3 -1  25.5 0.02910 0.02910 0.03170   2232      70402.6 0.0212
3 -1  25.5 0.02930 0.02930 0.03423   2310      67485.1 0.0208
3 -1  25.5 0.02950 0.02949 0.03560   2284      64155.0 0.0209
3 -1  25.5 0.02970 0.02969 0.03728   2228      59765.6 0.0212
3 -1  25.5 0.02990 0.02988 0.03864   2234      57822.9 0.0212
3 -1  25.5 0.03010 0.03008 0.04083   2330      57071.6 0.0207
3 -1  25.5 0.03030 0.03027 0.04278   2248      52552.3 0.0211
3 -1  25.5 0.03050 0.03047 0.04372   2234      51096.8 0.0212
3 -1  25.5 0.03070 0.03066 0.04790   2266      47303.6 0.0210
3 -1  25.5 0.03090 0.03086 0.04932   2272      46062.8 0.0210
3 -1  25.5 0.03110 0.03105 0.05384   2254      41867.9 0.0211
3 -1  25.5 0.03130 0.03135 0.05729   2286      39901.5 0.0209
3 -1  25.5 0.03150 0.03154 0.06363   2246      35295.2 0.0211
3 -1  25.5 0.03170 0.03174 0.06778   2286      33724.7 0.0209
3 -1  25.5 0.03190 0.03193 0.07262   2274      31312.9 0.0210
3 -1  25.5 0.03210 0.03213 0.07612   2240      29428.8 0.0211
3 -1  25.5 0.03230 0.03232 0.08243   2300      27902.3 0.0209
3 -1  25.5 0.03250 0.03252 0.08846   2226      25165.2 0.0212
3 -1  25.5 0.03270 0.03271 0.09440   2286      24215.2 0.0209
3 -1  25.5 0.03290 0.03291 0.10212   2242      21953.5 0.0211
3 -1  25.5 0.03310 0.03311 0.11525   2226      19314.3 0.0212
3 -1  25.5 0.03330 0.03330 0.12265   2286      18638.8 0.0209
3 -1  25.5 0.03350 0.03350 0.13333   2392      17940.7 0.0204
3 -1  25.5 0.03370 0.03369 0.13333   2226      16695.6 0.0212
3 -1  25.5 0.03390 0.03389 0.14947   2234      14945.9 0.0212
3 -1  25.5 0.03410 0.03408 0.16757   2294      13689.6 0.0209
3 -1  25.5 0.03430 0.03428 0.17127   2224      12985.6 0.0212
3 -1  25.5 0.03450 0.03447 0.19085   2308      12093.2 0.0208
3 -1  25.5 0.03470 0.03467 0.19779   2260      11426.0 0.0210
3 -1  25.5 0.03490 0.03486 0.19779   2244      11345.1 0.0211
3 -1  25.5 0.03510 0.03506 0.22125   2226      10061.2 0.0212
3 -1  25.5 0.03530 0.03525 0.22962   2320      10103.6 0.0208
3 -1  25.5 0.03550 0.03555 0.25409   2336       9193.5 0.0207
3 -1  25.5 0.03570 0.03574 0.25663   2234       8705.0 0.0212
3 -1  25.5 0.03590 0.03594 0.28569   2302       8057.7 0.0208
3 -1  25.5 0.03610 0.03613 0.28569   2302       8057.7 0.0208
3 -1  25.5 0.03630 0.03633 0.29719   2246       7557.4 0.0211
3 -1  25.5 0.03650 0.03652 0.31047   2244       7227.7 0.0211
3 -1  25.5 0.03670 0.03672 0.33619   2340       6960.3 0.0207
3 -1  25.5 0.03690 0.03691 0.35038   2260       6450.1 0.0210
3 -1  25.5 0.03710 0.03711 0.37599   2382       6335.2 0.0205
3 -1  25.5 0.03730 0.03730 0.38114   2244       5887.6 0.0211
3 -1  25.5 0.03750 0.03750 0.40137   2240       5580.9 0.0211
3 -1  25.5 0.03770 0.03770 0.42798   2268       5299.3 0.0210
3 -1  25.5 0.03790 0.03789 0.43343   2240       5168.1 0.0211
3 -1  25.5 0.03810 0.03809 0.49275   2412       4895.0 0.0204
3 -1  25.5 0.03830 0.03828 0.49275   2228       4521.6 0.0212
3 -1  25.5 0.03850 0.03848 0.52345   2320       4432.1 0.0208
3 -1  25.5 0.03870 0.03867 0.55651   2296       4125.7 0.0209
3 -1  25.5 0.03890 0.03887 0.57185   2284       3994.0 0.0209
3 -1  25.5 0.03910 0.03906 0.61791   2310       3738.4 0.0208
3 -1  25.5 0.03930 0.03926 0.62806   2270       3614.3 0.0210
3 -1  25.5 0.03950 0.03945 0.69084   2328       3369.8 0.0207
3 -1  25.5 0.03970 0.03975 0.73311   2328       3175.5 0.0207
3 -1  25.5 0.03990 0.03994 0.76406   2222       2908.1 0.0212
3  0  25.5 0.00010 0.00010 1.21000    250        206.6 0.0632
3  0  25.5 0.00030 0.00029 1.21000     18         14.9 0.2357
3  0  25.5 0.00050 0.00049 1.21000     16         13.2 0.2500
3  0  25.5 0.00070 0.00068 1.21000     12          9.9 0.2887
3  0  25.5 0.00090 0.00088 1.21000     12          9.9 0.2887
3  0  25.5 0.00110 0.00107 1.21000     28         23.1 0.1890
3  0  25.5 0.00130 0.00127 1.21000     28         23.1 0.1890
3  0  25.5 0.00150 0.00146 1.21000     22         18.2 0.2132
3  0  25.5 0.00170 0.00166 1.21000     32         26.4 0.1768
3  0  25.5 0.00190 0.00186 1.21000     42         34.7 0.1543
3  0  25.5 0.00210 0.00215 1.21000     44         36.4 0.1508
3  0  25.5 0.00230 0.00234 1.21000     40         33.1 0.1581
3  0  25.5 0.00250 0.00254 1.21000     54         44.6 0.1361
3  0  25.5 0.00270 0.00273 1.21000     64         52.9 0.1250
3  0  25.5 0.00290 0.00293 1.21000    114         94.2 0.0937
3  0  25.5 0.00310 0.00313 1.21000    236        195.0 0.0651
3  0  25.5 0.00330 0.00332 1.21000    526        434.7 0.0436
3  0  25.5 0.00350 0.00352 1.21000   1354       1119.0 0.0272
3  0  25.5 0.00370 0.00371 1.21000   3524       2912.4 0.0168
3  0  25.5 0.00390 0.00391 1.21000   8562       7076.0 0.0108
3  0  25.5 0.00410 0.00410 1.21000  19994      16524.0 0.0071
3  0  25.5 0.00430 0.00430 1.21000  46432      38373.6 0.0046
3  0  25.5 0.00450 0.00449 0.72134  72302     100233.1 0.0037
3  0  25.5 0.00470 0.00469 0.39625  75694     191026.2 0.0036
3  0  25.6 0.00490 0.00488 0.19162  70912     370065.9 0.0038
3  0  25.6 0.00510 0.00508 0.10526  72640     690090.5 0.0037
3  0  25.6 0.00530 0.00527 0.06272  72352    1153533.5 0.0037
3  0  25.6 0.00550 0.00547 0.04086  71470    1749088.6 0.0037
3  0  25.6 0.00570 0.00566 0.03011  71384    2370851.3 0.0037
3  0  25.6 0.00590 0.00586 0.02405  72438    3011598.9 0.0037
3  0  25.6 0.00610 0.00605 0.02058  72280    3512629.7 0.0037
3  0  25.6 0.00630 0.00635 0.01810  71468    3948317.3 0.0037
3  0  25.6 0.00650 0.00654 0.01810  75024    4144771.9 0.0037
3  0  25.6 0.00670 0.00674 0.01810  77516    4282444.8 0.0036
3  0  25.6 0.00690 0.00693 0.01810  78978    4363214.3 0.0036
3  0  25.6 0.00710 0.00713 0.01628  72036    4423654.3 0.0037
3  0  25.6 0.00730 0.00732 0.01628  72648    4461236.6 0.0037
3  0  25.6 0.00750 0.00752 0.01628  73104    4489239.0 0.0037
3  0  25.6 0.00770 0.00771 0.01628  73392    4506924.8 0.0037
3  0  25.6 0.00790 0.00791 0.01628  73544    4516259.0 0.0037
3  0  25.6 0.00810 0.00811 0.01628  73616    4520680.4 0.0037
3  0  25.6 0.00830 0.00830 0.01628  73616    4520680.4 0.0037
3  0  25.6 0.00850 0.00850 0.01628  73480    4512328.8 0.0037
3  0  25.6 0.00870 0.00869 0.01628  73238    4497467.8 0.0037
3  0  25.6 0.00890 0.00889 0.01628  72846    4473395.5 0.0037
3  0  25.6 0.00910 0.00908 0.01628  72236    4435936.1 0.0037
3  0  25.6 0.00930 0.00928 0.01628  71296    4378211.7 0.0037
3  0  25.6 0.00950 0.00947 0.01628  70046    4301450.5 0.0038
3  0  25.6 0.00970 0.00967 0.01628  68054    4179123.9 0.0038
3  0  25.6 0.00990 0.00986 0.01628  64982    3990475.6 0.0039
3  0  25.6 0.01010 0.01006 0.01628  60678    3726171.6 0.0041
3  0  25.6 0.01030 0.01025 0.01628  54586    3352068.3 0.0043
3  0  25.6 0.01050 0.01055 0.01628  43296    2658761.4 0.0048
3  0  25.6 0.01070 0.01074 0.01628  35974    2209125.1 0.0053
3  0  25.6 0.01090 0.01094 0.01628  30248    1857497.6 0.0057
3  0  25.6 0.01110 0.01113 0.01628  25626    1573665.5 0.0062
3  0  25.6 0.01130 0.01133 0.01628  23046    1415230.4 0.0066
3  0  25.6 0.01150 0.01152 0.01628  21664    1330363.2 0.0068
3  0  25.6 0.01170 0.01172 0.01628  20898    1283324.0 0.0069
3  0  25.6 0.01190 0.01191 0.01628  20312    1247338.4 0.0070
3  0  25.6 0.01210 0.01211 0.01628  20120    1235547.8 0.0070
3  0  25.6 0.01230 0.01230 0.01628  19850    1218967.4 0.0071
3  0  25.6 0.01250 0.01250 0.01628  20022    1229529.8 0.0071
3  0  25.6 0.01270 0.01270 0.01628  19994    1227810.3 0.0071
3  0  25.6 0.01290 0.01289 0.01628  20096    1234074.0 0.0071
3  0  25.6 0.01310 0.01309 0.01628  19938    1224371.4 0.0071
3  0  25.6 0.01330 0.01328 0.01628  19796    1215651.3 0.0071
3  0  25.6 0.01350 0.01348 0.01628  20010    1228792.9 0.0071
3  0  25.6 0.01370 0.01367 0.01628  19836    1218107.7 0.0071
3  0  25.6 0.01390 0.01387 0.01628  19836    1218107.7 0.0071
3  0  25.6 0.01410 0.01406 0.01628  19844    1218599.0 0.0071
3  0  25.6 0.01430 0.01426 0.01628  19810    1216511.1 0.0071
3  0  25.6 0.01450 0.01445 0.01628  19692    1209264.8 0.0071
3  0  25.6 0.01470 0.01475 0.01628  19966    1226090.9 0.0071
3  0  25.6 0.01490 0.01494 0.01628  20058    1231740.5 0.0071
3  0  25.6 0.01510 0.01514 0.01628  19790    1215282.9 0.0071
3  0  25.6 0.01530 0.01533 0.01628  19868    1220072.8 0.0071
3  0  25.6 0.01550 0.01553 0.01628  19448    1194281.0 0.0072
3  0  25.6 0.01570 0.01572 0.01628  19002    1166892.6 0.0073
3  0  25.6 0.01590 0.01592 0.01628  18474    1134468.7 0.0074
3  0  25.6 0.01610 0.01611 0.01628  17554    1077972.5 0.0075
3  0  25.6 0.01630 0.01631 0.01628  16802    1031793.0 0.0077
3  0  25.6 0.01650 0.01650 0.01628  15548     954786.2 0.0080
3  0  25.6 0.01670 0.01670 0.01628  14106     866234.5 0.0084
3  0  25.6 0.01690 0.01689 0.01628  12650     776823.1 0.0089
3  0  25.6 0.01710 0.01709 0.01628  11262     691587.5 0.0094
3  0  25.6 0.01730 0.01729 0.01628   9724     597140.5 0.0101
3  0  25.6 0.01750 0.01748 0.01628   8404     516080.7 0.0109
3  0  25.6 0.01770 0.01768 0.01628   7310     448899.3 0.0117
3  0  25.6 0.01790 0.01787 0.01628   6314     387736.0 0.0126
3  0  25.6 0.01810 0.01807 0.01628   5496     337503.5 0.0135
3  0  25.6 0.01830 0.01826 0.01628   4732     290587.1 0.0145
3  0  25.6 0.01850 0.01846 0.01628   4396     269953.7 0.0151
3  0  25.6 0.01870 0.01865 0.01628   3918     240600.2 0.0160
3  0  25.6 0.01890 0.01895 0.01628   3552     218124.5 0.0168
3  0  25.6 0.01910 0.01914 0.01628   3470     213089.0 0.0170
3  0  25.6 0.01930 0.01934 0.01628   3336     204860.2 0.0173
3  0  25.6 0.01950 0.01953 0.01628   3284     201667.0 0.0175
3  0  25.6 0.01970 0.01973 0.01628   3166     194420.7 0.0178
3  0  25.6 0.01990 0.01992 0.01628   3062     188034.2 0.0181
3  0  25.6 0.02010 0.02012 0.01628   2948     181033.6 0.0184
3  0  25.6 0.02030 0.02031 0.01628   2854     175261.1 0.0187
3  0  25.6 0.02050 0.02051 0.01628   2876     176612.1 0.0186
3  0  25.6 0.02070 0.02070 0.01628   2786     171085.3 0.0189
3  0  25.6 0.02090 0.02090 0.01628   2848     174892.7 0.0187
3  0  25.6 0.02110 0.02109 0.01628   2648     162610.9 0.0194
3  0  25.6 0.02130 0.02129 0.01628   2566     157575.3 0.0197
3  0  25.6 0.02150 0.02148 0.01628   2434     149469.4 0.0203
3  0  25.6 0.02170 0.02168 0.01628   2512     154259.3 0.0200
3  0  25.6 0.02190 0.02188 0.01628   2336     143451.3 0.0207
3  0  25.6 0.02210 0.02207 0.01628   2300     141240.6 0.0209
3  0  25.6 0.02230 0.02227 0.01669   2342     140324.6 0.0207
3  0  25.6 0.02250 0.02246 0.01728   2372     137304.6 0.0205
3  0  25.6 0.02270 0.02266 0.01772   2272     128213.8 0.0210
3  0  25.6 0.02290 0.02285 0.01874   2286     122010.5 0.0209
3  0  25.6 0.02310 0.02314 0.02001   2366     118269.5 0.0206
3  0  25.6 0.02330 0.02334 0.02133   2290     107361.2 0.0209
3  0  25.6 0.02350 0.02354 0.02133   2228     104454.5 0.0212
3  0  25.6 0.02370 0.02373 0.02270   2382     104939.7 0.0205
3  0  25.6 0.02390 0.02393 0.02420   2346      96934.8 0.0206
3  0  25.6 0.02410 0.02412 0.02563   2228      86928.0 0.0212
3  0  25.6 0.02430 0.02432 0.02681   2296      85630.1 0.0209
3  0  25.6 0.02450 0.02451 0.02906   2224      76524.3 0.0212
3  0  25.6 0.02470 0.02471 0.03221   2262      70225.4 0.0210
3  0  25.6 0.02490 0.02490 0.03463   2234      64507.3 0.0212
3  0  25.6 0.02510 0.02510 0.03942   2242      56871.8 0.0211
3  0  25.6 0.02530 0.02529 0.04378   2294      52398.3 0.0209
3  0  25.6 0.02550 0.02549 0.04910   2256      45943.0 0.0211
3  0  25.6 0.02570 0.02568 0.05561   2296      41288.7 0.0209
3  0  25.6 0.02590 0.02588 0.06335   2282      36021.9 0.0209
3  0  25.6 0.02610 0.02607 0.06829   2222      32539.5 0.0212
3  0  25.6 0.02630 0.02627 0.07726   2248      29097.8 0.0211
3  0  25.6 0.02650 0.02646 0.08358   2230      26682.4 0.0212
3  0  25.6 0.02670 0.02666 0.09231   2258      24460.3 0.0210
3  0  25.6 0.02690 0.02686 0.10082   2338      23188.7 0.0207
3  0  25.6 0.02710 0.02715 0.10785   2280      21141.0 0.0209
3  0  25.6 0.02730 0.02734 0.11336   2234      19707.7 0.0212
3  0  25.6 0.02750 0.02754 0.12267   2278      18570.4 0.0210
3  0  25.6 0.02770 0.02773 0.12845   2342      18232.9 0.0207
3  0  25.6 0.02790 0.02793 0.12845   2246      17485.5 0.0211
3  0  25.6 0.02810 0.02813 0.13429   2248      16739.8 0.0211
3  0  25.6 0.02830 0.02832 0.13801   2234      16187.5 0.0212
3  0  25.6 0.02850 0.02852 0.14701   2270      15441.6 0.0210
3  0  25.6 0.02870 0.02871 0.14701   2244      15264.7 0.0211
3  0  25.6 0.02890 0.02891 0.16203   2284      14096.4 0.0209
3  0  25.6 0.02910 0.02910 0.16203   2316      14293.9 0.0208
3  0  25.6 0.02930 0.02930 0.16792   2324      13840.2 0.0207
3  0  25.6 0.02950 0.02949 0.17338   2256      13012.0 0.0211
3  0  25.6 0.02970 0.02969 0.18283   2352      12864.3 0.0206
3  0  25.6 0.02990 0.02988 0.18283   2230      12197.0 0.0212
3  0  25.6 0.03010 0.03008 0.19309   2234      11570.0 0.0212
3  0  25.6 0.03030 0.03027 0.21093   2244      10638.5 0.0211
3  0  25.6 0.03050 0.03047 0.21093   2340      11093.6 0.0207
3  0  25.6 0.03070 0.03066 0.23017   2238       9723.2 0.0211
3  0  25.6 0.03090 0.03086 0.23766   2260       9509.4 0.0210
3  0  25.6 0.03110 0.03105 0.24313   2222       9139.1 0.0212
3  0  25.6 0.03130 0.03135 0.27368   2342       8557.6 0.0207
3  0  25.6 0.03150 0.03154 0.28023   2260       8064.7 0.0210
3  0  25.6 0.03170 0.03174 0.29206   2246       7690.1 0.0211
3  0  25.6 0.03190 0.03193 0.32351   2308       7134.2 0.0208
3  0  25.6 0.03210 0.03213 0.33280   2290       6881.1 0.0209
3  0  25.6 0.03230 0.03232 0.35757   2234       6247.8 0.0212
3  0  25.6 0.03250 0.03252 0.38345   2246       5857.3 0.0211
3  0  25.6 0.03270 0.03271 0.41161   2298       5583.0 0.0209
3  0  25.6 0.03290 0.03291 0.43134   2224       5156.0 0.0212
3  0  25.6 0.03310 0.03311 0.47466   2320       4887.7 0.0208
3  0  25.6 0.03330 0.03330 0.50804   2244       4416.9 0.0211
3  0  25.6 0.03350 0.03350 0.54117   2330       4305.5 0.0207
3  0  25.6 0.03370 0.03369 0.62759   2324       3703.0 0.0207
3  0  25.6 0.03390 0.03389 0.64922   2320       3573.5 0.0208
3  0  25.6 0.03410 0.03408 0.73085   2224       3043.0 0.0212
3  0  25.6 0.03430 0.03428 0.78680   2242       2849.5 0.0211
3  0  25.6 0.03450 0.03447 0.85681   2250       2626.0 0.0211
3  0  25.6 0.03470 0.03467 0.92573   2320       2506.1 0.0208
3  0  25.6 0.03490 0.03486 0.99756   2236       2241.5 0.0211
3  0  25.6 0.03510 0.03506 1.08443   2294       2115.4 0.0209
3  0  25.7 0.03530 0.03525 1.14464   2242       1958.7 0.0211
3  0  25.7 0.03550 0.03555 1.21000   2074       1714.0 0.0220
3  0  25.7 0.03570 0.03574 1.21000   1934       1598.3 0.0227
3  0  25.7 0.03590 0.03594 1.21000   1822       1505.8 0.0234
3  0  25.7 0.03610 0.03613 1.21000   1838       1519.0 0.0233
3  0  25.7 0.03630 0.03633 1.21000   1750       1446.3 0.0239
3  0  25.7 0.03650 0.03652 1.21000   1688       1395.0 0.0243
3  0  25.7 0.03670 0.03672 1.21000   1566       1294.2 0.0253
3  0  25.7 0.03690 0.03691 1.21000   1546       1277.7 0.0254
3  0  25.7 0.03710 0.03711 1.21000   1484       1226.4 0.0260
3  0  25.7 0.03730 0.03730 1.21000   1450       1198.3 0.0263
3  0  25.7 0.03750 0.03750 1.21000   1378       1138.8 0.0269
3  0  25.7 0.03770 0.03770 1.21000   1322       1092.6 0.0275
3  0  25.7 0.03790 0.03789 1.21000   1288       1064.5 0.0279
3  0  25.7 0.03810 0.03809 1.21000   1210       1000.0 0.0287
3  0  25.7 0.03830 0.03828 1.21000   1152        952.1 0.0295
3  0  25.7 0.03850 0.03848 1.21000   1130        933.9 0.0297
3  0  25.7 0.03870 0.03867 1.21000   1068        882.6 0.0306
3  0  25.7 0.03890 0.03887 1.21000   1074        887.6 0.0305
3  0  25.7 0.03910 0.03906 1.21000    964        796.7 0.0322
3  0  25.7 0.03930 0.03926 1.21000    988        816.5 0.0318
3  0  25.7 0.03950 0.03945 1.21000    908        750.4 0.0332
3  0  25.7 0.03970 0.03975 1.21000    910        752.1 0.0331
3  0  25.7 0.03990 0.03994 1.21000    796        657.9 0.0354
3  1  25.7 0.00010 0.00010 1.21000     26         21.5 0.1961
3  1  25.7 0.00030 0.00029 1.21000     38         31.4 0.1622
3  1  25.7 0.00050 0.00049 1.21000     50         41.3 0.1414
3  1  25.7 0.00070 0.00068 1.21000     48         39.7 0.1443
3  1  25.7 0.00090 0.00088 1.21000     48         39.7 0.1443
3  1  25.7 0.00110 0.00107 1.21000     54         44.6 0.1361
3  1  25.7 0.00130 0.00127 1.21000     54         44.6 0.1361
3  1  25.7 0.00150 0.00146 1.21000     46         38.0 0.1474
3  1  25.7 0.00170 0.00166 1.21000     50         41.3 0.1414
3  1  25.7 0.00190 0.00186 1.21000     54         44.6 0.1361
3  1  25.7 0.00210 0.00215 1.21000     60         49.6 0.1291
3  1  25.7 0.00230 0.00234 1.21000     74         61.2 0.1162
3  1  25.7 0.00250 0.00254 1.21000     92         76.0 0.1043
3  1  25.7 0.00270 0.00273 1.21000    106         87.6 0.0971
3  1  25.7 0.00290 0.00293 1.21000    138        114.0 0.0851
3  1  25.7 0.00310 0.00313 1.21000    246        203.3 0.0638
3  1  25.7 0.00330 0.00332 1.21000    578        477.7 0.0416
3  1  25.7 0.00350 0.00352 1.21000   1306       1079.3 0.0277
3  1  25.7 0.00370 0.00371 1.21000   3334       2755.4 0.0173
3  1  25.7 0.00390 0.00391 1.21000   8034       6639.7 0.0112
3  1  25.7 0.00410 0.00410 1.21000  19238      15899.2 0.0072
3  1  25.7 0.00430 0.00430 1.21000  44960      37157.0 0.0047
3  1  25.7 0.00450 0.00449 0.74594  71352      95653.4 0.0037
3  1  25.7 0.00470 0.00469 0.40977  75586     184461.8 0.0036
3  1  25.7 0.00490 0.00488 0.20143  72238     358632.0 0.0037
3  1  25.7 0.00510 0.00508 0.11065  74760     675652.5 0.0037
3  1  25.7 0.00530 0.00527 0.06470  72280    1117202.4 0.0037
3  1  25.7 0.00550 0.00547 0.04186  71886    1717193.5 0.0037
3  1  25.7 0.00570 0.00566 0.03037  71454    2352878.4 0.0037
3  1  25.7 0.00590 0.00586 0.02423  71888    2966392.0 0.0037
3  1  25.7 0.00610 0.00605 0.02084  71282    3420096.5 0.0037
3  1  25.7 0.00630 0.00635 0.01839  72318    3932829.6 0.0037
3  1  25.7 0.00650 0.00654 0.01839  76092    4138069.0 0.0036
3  1  25.7 0.00670 0.00674 0.01839  78652    4277288.0 0.0036
3  1  25.7 0.00690 0.00693 0.01649  72360    4389072.8 0.0037
3  1  25.7 0.00710 0.00713 0.01649  73380    4450941.9 0.0037
3  1  25.7 0.00730 0.00732 0.01649  74056    4491945.4 0.0037
3  1  25.7 0.00750 0.00752 0.01649  74542    4521424.3 0.0037
3  1  25.7 0.00770 0.00771 0.01649  74830    4538893.2 0.0037
3  1  25.7 0.00790 0.00791 0.01649  75006    4549568.7 0.0037
3  1  25.7 0.00810 0.00811 0.01649  75090    4554663.8 0.0036
3  1  25.7 0.00830 0.00830 0.01649  75090    4554663.8 0.0036
3  1  25.7 0.00850 0.00850 0.01649  74970    4547385.1 0.0037
3  1  25.7 0.00870 0.00869 0.01649  74732    4532948.9 0.0037
3  1  25.7 0.00890 0.00889 0.01649  74374    4511234.1 0.0037
3  1  25.7 0.00910 0.00908 0.01649  73738    4472656.8 0.0037
3  1  25.7 0.00930 0.00928 0.01649  72872    4420128.7 0.0037
3  1  25.7 0.00950 0.00947 0.01649  71742    4351587.3 0.0037
3  1  25.7 0.00970 0.00967 0.01649  69954    4243134.3 0.0038
3  1  25.7 0.00990 0.00986 0.01649  67084    4069051.4 0.0039
3  1  25.7 0.01010 0.01006 0.01649  63172    3831764.9 0.0040
3  1  25.7 0.01030 0.01025 0.01649  57438    3483963.0 0.0042
3  1  25.7 0.01050 0.01055 0.01649  46794    2838339.8 0.0046
3  1  25.7 0.01070 0.01074 0.01649  39308    2384268.5 0.0050
3  1  25.7 0.01090 0.01094 0.01649  33752    2047263.5 0.0054
3  1  25.7 0.01110 0.01113 0.01649  30144    1828416.4 0.0058
3  1  25.7 0.01130 0.01133 0.01649  27020    1638926.8 0.0061
3  1  25.7 0.01150 0.01152 0.01649  25370    1538844.3 0.0063
3  1  25.7 0.01170 0.01172 0.01649  24602    1492260.5 0.0064
3  1  25.7 0.01190 0.01191 0.01649  24402    1480129.3 0.0064
3  1  25.7 0.01210 0.01211 0.01649  24202    1467998.1 0.0064
3  1  25.7 0.01230 0.01230 0.01649  24186    1467027.6 0.0064
3  1  25.7 0.01250 0.01250 0.01649  23994    1455381.6 0.0065
3  1  25.7 0.01270 0.01270 0.01649  24418    1481099.8 0.0064
3  1  25.7 0.01290 0.01289 0.01649  24094    1461447.2 0.0064
3  1  25.7 0.01310 0.01309 0.01649  24066    1459748.8 0.0064
3  1  25.7 0.01330 0.01328 0.01649  24282    1472850.5 0.0064
3  1  25.7 0.01350 0.01348 0.01649  24254    1471152.2 0.0064
3  1  25.7 0.01370 0.01367 0.01649  24056    1459142.3 0.0064
3  1  25.7 0.01390 0.01387 0.01649  23918    1450771.7 0.0065
3  1  25.7 0.01410 0.01406 0.01649  23964    1453561.9 0.0065
3  1  25.7 0.01430 0.01426 0.01649  24000    1455745.5 0.0065
3  1  25.7 0.01450 0.01445 0.01649  24026    1457322.6 0.0065
3  1  25.7 0.01470 0.01475 0.01649  24088    1461083.3 0.0064
3  1  25.7 0.01490 0.01494 0.01649  24026    1457322.6 0.0065
3  1  25.7 0.01510 0.01514 0.01649  23792    1443129.1 0.0065
3  1  25.7 0.01530 0.01533 0.01649  23370    1417532.2 0.0065
3  1  25.7 0.01550 0.01553 0.01649  22790    1382351.7 0.0066
3  1  25.7 0.01570 0.01572 0.01649  22256    1349961.4 0.0067
3  1  25.7 0.01590 0.01592 0.01649  21322    1293308.6 0.0068
3  1  25.8 0.01610 0.01611 0.01649  20018    1214213.1 0.0071
3  1  25.8 0.01630 0.01631 0.01649  18390    1115465.0 0.0074
3  1  25.8 0.01650 0.01650 0.01649  17024    1032608.8 0.0077
3  1  25.8 0.01670 0.01670 0.01649  14746     894434.3 0.0082
3  1  25.8 0.01690 0.01689 0.01649  12754     773607.4 0.0089
3  1  25.8 0.01710 0.01709 0.01649  10972     665518.3 0.0095
3  1  25.8 0.01730 0.01729 0.01649   9548     579144.1 0.0102
3  1  25.8 0.01750 0.01748 0.01649   7992     484763.3 0.0112
3  1  25.8 0.01770 0.01768 0.01649   6672     404697.3 0.0122
3  1  25.8 0.01790 0.01787 0.01649   5736     347923.2 0.0132
3  1  25.8 0.01810 0.01807 0.01649   4920     298427.8 0.0143
3  1  25.8 0.01830 0.01826 0.01649   4582     277926.1 0.0148
3  1  25.8 0.01850 0.01846 0.01649   4082     247598.1 0.0157
3  1  25.8 0.01870 0.01865 0.01649   3884     235588.2 0.0160
3  1  25.8 0.01890 0.01895 0.01649   3528     213994.6 0.0168
3  1  25.8 0.01910 0.01914 0.01649   3590     217755.3 0.0167
3  1  25.8 0.01930 0.01934 0.01649   3360     203804.4 0.0173
3  1  25.8 0.01950 0.01953 0.01649   3262     197860.1 0.0175
3  1  25.8 0.01970 0.01973 0.01649   3186     193250.2 0.0177
3  1  25.8 0.01990 0.01992 0.01649   3090     187427.2 0.0180
3  1  25.8 0.02010 0.02012 0.01649   3090     187427.2 0.0180
3  1  25.8 0.02030 0.02031 0.01649   3052     185122.3 0.0181
3  1  25.8 0.02050 0.02051 0.01649   2956     179299.3 0.0184
3  1  25.8 0.02070 0.02070 0.01649   2884     174932.1 0.0186
3  1  25.8 0.02090 0.02090 0.01649   2840     172263.2 0.0188
3  1  25.8 0.02110 0.02109 0.01649   2678     162436.9 0.0193
3  1  25.8 0.02130 0.02129 0.01649   2674     162194.3 0.0193
3  1  25.8 0.02150 0.02148 0.01649   2606     158069.7 0.0196
3  1  25.8 0.02170 0.02168 0.01649   2492     151154.9 0.0200
3  1  25.8 0.02190 0.02188 0.01649   2422     146909.0 0.0203
3  1  25.8 0.02210 0.02207 0.01649   2330     141328.6 0.0207
3  1  25.8 0.02230 0.02227 0.01649   2332     141449.9 0.0207
3  1  25.8 0.02250 0.02246 0.01653   2224     134534.8 0.0212
3  1  25.8 0.02270 0.02266 0.01746   2244     128510.9 0.0211
3  1  25.8 0.02290 0.02285 0.01805   2252     124790.1 0.0211
3  1  25.8 0.02310 0.02314 0.01939   2264     116760.1 0.0210
3  1  25.8 0.02330 0.02334 0.02094   2286     109193.2 0.0209
3  1  25.8 0.02350 0.02354 0.02162   2336     108066.4 0.0207
3  1  25.8 0.02370 0.02373 0.02309   2274      98475.3 0.0210
3  1  25.8 0.02390 0.02393 0.02623   2344      89355.8 0.0207
3  1  25.8 0.02410 0.02412 0.02758   2256      81791.3 0.0211
3  1  25.8 0.02430 0.02432 0.03071   2252      73342.0 0.0211
3  1  25.8 0.02450 0.02451 0.03435   2298      66891.3 0.0209
3  1  25.8 0.02470 0.02471 0.03907   2270      58106.7 0.0210
3  1  25.8 0.02490 0.02490 0.04502   2256      50107.4 0.0211
3  1  25.8 0.02510 0.02510 0.04943   2256      45642.4 0.0211
3  1  25.8 0.02530 0.02529 0.05842   2290      39200.1 0.0209
3  1  25.8 0.02550 0.02549 0.06869   2294      33396.6 0.0209
3  1  25.8 0.02570 0.02568 0.07809   2272      29093.7 0.0210
3  1  25.8 0.02590 0.02588 0.08702   2310      26545.1 0.0208
3  1  25.8 0.02610 0.02607 0.09359   2222      23741.8 0.0212
3  1  25.8 0.02630 0.02627 0.10652   2314      21724.1 0.0208
3  1  25.8 0.02650 0.02646 0.11296   2244      19865.3 0.0211
3  1  25.8 0.02670 0.02666 0.11941   2288      19161.4 0.0209
3  1  25.8 0.02690 0.02686 0.12780   2260      17683.3 0.0210
3  1  25.8 0.02710 0.02715 0.13433   2318      17255.5 0.0208
3  1  25.8 0.02730 0.02734 0.14120   2302      16303.5 0.0208
3  1  25.8 0.02750 0.02754 0.14641   2322      15859.9 0.0208
3  1  25.8 0.02770 0.02773 0.14774   2282      15446.5 0.0209
3  1  25.8 0.02790 0.02793 0.15226   2244      14738.1 0.0211
3  1  25.8 0.02810 0.02813 0.15958   2238      14024.0 0.0211
3  1  25.8 0.02830 0.02832 0.16089   2224      13823.5 0.0212
3  1  25.8 0.02850 0.02852 0.17105   2268      13259.5 0.0210
3  1  25.8 0.02870 0.02871 0.17105   2222      12990.6 0.0212
3  1  25.8 0.02890 0.02891 0.18128   2244      12378.3 0.0211
3  1  25.8 0.02910 0.02910 0.18632   2230      11969.0 0.0212
3  1  25.8 0.02930 0.02930 0.19436   2296      11813.0 0.0209
3  1  25.8 0.02950 0.02949 0.20391   2302      11289.5 0.0208
3  1  25.8 0.02970 0.02969 0.20918   2244      10727.7 0.0211
3  1  25.8 0.02990 0.02988 0.22198   2262      10190.1 0.0210
3  1  25.8 0.03010 0.03008 0.22768   2268       9961.3 0.0210
3  1  25.8 0.03030 0.03027 0.24228   2286       9435.4 0.0209
3  1  25.8 0.03050 0.03047 0.25587   2228       8707.6 0.0212
3  1  25.8 0.03070 0.03066 0.25587   2256       8817.1 0.0211
3  1  25.8 0.03090 0.03086 0.27859   2240       8040.5 0.0211
3  1  25.8 0.03110 0.03105 0.29778   2236       7509.0 0.0211
3  1  25.8 0.03130 0.03135 0.32022   2264       7070.2 0.0210
3  1  25.8 0.03150 0.03154 0.34913   2322       6650.8 0.0208
3  1  25.8 0.03170 0.03174 0.36871   2240       6075.3 0.0211
3  1  25.8 0.03190 0.03193 0.39964   2264       5665.1 0.0210
3  1  25.8 0.03210 0.03213 0.42050   2284       5431.6 0.0209
3  1  25.8 0.03230 0.03232 0.46347   2366       5105.0 0.0206
3  1  25.8 0.03250 0.03252 0.49369   2240       4537.3 0.0211
3  1  25.8 0.03270 0.03271 0.54306   2246       4135.8 0.0211
3  1  25.8 0.03290 0.03291 0.60349   2250       3728.3 0.0211
3  1  25.8 0.03310 0.03311 0.66450   2264       3407.1 0.0210
3  1  25.8 0.03330 0.03330 0.73972   2262       3057.9 0.0210
3  1  25.8 0.03350 0.03350 0.81612   2226       2727.6 0.0212
3  1  25.8 0.03370 0.03369 0.93571   2286       2443.1 0.0209
3  1  25.8 0.03390 0.03389 1.00637   2268       2253.7 0.0210
3  1  25.8 0.03410 0.03408 1.13353   2294       2023.8 0.0209
3  1  25.8 0.03430 0.03428 1.21000   2074       1714.0 0.0220
3  1  25.8 0.03450 0.03447 1.21000   2058       1700.8 0.0220
3  1  25.8 0.03470 0.03467 1.21000   1932       1596.7 0.0228
3  1  25.8 0.03490 0.03486 1.21000   1826       1509.1 0.0234
3  1  25.8 0.03510 0.03506 1.21000   1748       1444.6 0.0239
3  1  25.8 0.03530 0.03525 1.21000   1672       1381.8 0.0245
3  1  25.8 0.03550 0.03555 1.21000   1602       1324.0 0.0250
3  1  25.8 0.03570 0.03574 1.21000   1582       1307.4 0.0251
3  1  25.8 0.03590 0.03594 1.21000   1510       1247.9 0.0257
3  1  25.8 0.03610 0.03613 1.21000   1422       1175.2 0.0265
3  1  25.8 0.03630 0.03633 1.21000   1430       1181.8 0.0264
3  1  25.8 0.03650 0.03652 1.21000   1344       1110.7 0.0273
3  1  25.8 0.03670 0.03672 1.21000   1296       1071.1 0.0278
3  1  25.8 0.03690 0.03691 1.21000   1300       1074.4 0.0277
3  1  25.8 0.03710 0.03711 1.21000   1202        993.4 0.0288
3  1  25.8 0.03730 0.03730 1.21000   1168        965.3 0.0293
3  1  25.8 0.03750 0.03750 1.21000   1186        980.2 0.0290
3  1  25.8 0.03770 0.03770 1.21000   1096        905.8 0.0302
3  1  25.8 0.03790 0.03789 1.21000   1106        914.0 0.0301
3  1  25.8 0.03810 0.03809 1.21000   1070        884.3 0.0306
3  1  25.8 0.03830 0.03828 1.21000    952        786.8 0.0324
3  1  25.8 0.03850 0.03848 1.21000    950        785.1 0.0324
3  1  25.8 0.03870 0.03867 1.21000    938        775.2 0.0327
3  1  25.8 0.03890 0.03887 1.21000    856        707.4 0.0342
3  1  25.8 0.03910 0.03906 1.21000    838        692.6 0.0345
3  1  25.8 0.03930 0.03926 1.21000    780        644.6 0.0358
3  1  25.8 0.03950 0.03945 1.21000    774        639.7 0.0359
3  1  25.9 0.03970 0.03975 1.21000    694        573.6 0.0380
3  1  25.9 0.03990 0.03994 1.21000    700        578.5 0.0378
3  2  25.9 0.00010 0.00010 1.21000     58         47.9 0.1313
3  2  25.9 0.00030 0.00029 1.21000     56         46.3 0.1336
3  2  25.9 0.00050 0.00049 1.21000     60         49.6 0.1291
3  2  25.9 0.00070 0.00068 1.21000     64         52.9 0.1250
3  2  25.9 0.00090 0.00088 1.21000     66         54.5 0.1231
3  2  25.9 0.00110 0.00107 1.21000     80         66.1 0.1118
3  2  25.9 0.00130 0.00127 1.21000     74         61.2 0.1162
3  2  25.9 0.00150 0.00146 1.21000     76         62.8 0.1147
3  2  25.9 0.00170 0.00166 1.21000     80         66.1 0.1118
3  2  25.9 0.00190 0.00186 1.21000     88         72.7 0.1066
3  2  25.9 0.00210 0.00215 1.21000     96         79.3 0.1021
3  2  25.9 0.00230 0.00234 1.21000     82         67.8 0.1104
3  2  25.9 0.00250 0.00254 1.21000     76         62.8 0.1147
3  2  25.9 0.00270 0.00273 1.21000    154        127.3 0.0806
3  2  25.9 0.00290 0.00293 1.21000    178        147.1 0.0750
3  2  25.9 0.00310 0.00313 1.21000    290        239.7 0.0587
3  2  25.9 0.00330 0.00332 1.21000    618        510.7 0.0402
3  2  25.9 0.00350 0.00352 1.21000   1428       1180.2 0.0265
3  2  25.9 0.00370 0.00371 1.21000   3690       3049.6 0.0165
3  2  25.9 0.00390 0.00391 1.21000   8808       7279.3 0.0107
3  2  25.9 0.00410 0.00410 1.21000  20348      16816.5 0.0070
3  2  25.9 0.00430 0.00430 1.21000  47298      39089.3 0.0046
3  2  25.9 0.00450 0.00449 0.71210  71576     100513.4 0.0037
3  2  25.9 0.00470 0.00469 0.39118  74486     190415.3 0.0037
3  2  25.9 0.00490 0.00488 0.21488  78740     366432.0 0.0036
3  2  25.9 0.00510 0.00508 0.10449  72050     689529.9 0.0037
3  2  25.9 0.00530 0.00527 0.06298  72462    1150548.4 0.0037
3  2  25.9 0.00550 0.00547 0.04116  72294    1756417.2 0.0037
3  2  25.9 0.00570 0.00566 0.03022  72464    2397523.3 0.0037
3  2  25.9 0.00590 0.00586 0.02393  72108    3013792.1 0.0037
3  2  25.9 0.00610 0.00605 0.02065  71898    3481143.0 0.0037
3  2  25.9 0.00630 0.00635 0.01814  72212    3980881.5 0.0037
3  2  25.9 0.00650 0.00654 0.01814  75776    4177356.6 0.0036
3  2  25.9 0.00670 0.00674 0.01814  78278    4315286.1 0.0036
3  2  25.9 0.00690 0.00693 0.01814  79822    4400403.3 0.0035
3  2  25.9 0.00710 0.00713 0.01614  72164    4470321.0 0.0037
3  2  25.9 0.00730 0.00732 0.01614  72784    4508727.9 0.0037
3  2  25.9 0.00750 0.00752 0.01614  73236    4536727.8 0.0037
3  2  25.9 0.00770 0.00771 0.01614  73496    4552834.0 0.0037
3  2  25.9 0.00790 0.00791 0.01614  73642    4561878.2 0.0037
3  2  25.9 0.00810 0.00811 0.01614  73712    4566214.5 0.0037
3  2  25.9 0.00830 0.00830 0.01614  73686    4564603.9 0.0037
3  2  25.9 0.00850 0.00850 0.01614  73560    4556798.6 0.0037
3  2  25.9 0.00870 0.00869 0.01614  73318    4541807.5 0.0037
3  2  25.9 0.00890 0.00889 0.01614  72928    4517648.3 0.0037
3  2  25.9 0.00910 0.00908 0.01614  72272    4477011.2 0.0037
3  2  25.9 0.00930 0.00928 0.01614  71364    4420763.6 0.0037
3  2  25.9 0.00950 0.00947 0.01614  70142    4345064.8 0.0038
3  2  25.9 0.00970 0.00967 0.01614  68174    4223153.7 0.0038
3  2  25.9 0.00990 0.00986 0.01614  64926    4021950.8 0.0039
3  2  25.9 0.01010 0.01006 0.01614  60682    3759049.1 0.0041
3  2  25.9 0.01030 0.01025 0.01614  54612    3383032.7 0.0043
3  2  25.9 0.01050 0.01055 0.01614  42904    2657760.8 0.0048
3  2  25.9 0.01070 0.01074 0.01614  34704    2149798.0 0.0054
3  2  25.9 0.01090 0.01094 0.01614  28574    1770064.7 0.0059
3  2  25.9 0.01110 0.01113 0.01614  23650    1465039.2 0.0065
3  2  25.9 0.01130 0.01133 0.01614  20344    1260243.5 0.0070
3  2  25.9 0.01150 0.01152 0.01614  18558    1149606.7 0.0073
3  2  25.9 0.01170 0.01172 0.01614  17852    1105872.3 0.0075
3  2  25.9 0.01190 0.01191 0.01614  17006    1053465.4 0.0077
3  2  25.9 0.01210 0.01211 0.01614  16940    1049376.9 0.0077
3  2  25.9 0.01230 0.01230 0.01614  16856    1044173.4 0.0077
3  2  25.9 0.01250 0.01250 0.01614  16832    1042686.7 0.0077
3  2  25.9 0.01270 0.01270 0.01614  16914    1047766.3 0.0077
3  2  25.9 0.01290 0.01289 0.01614  16820    1041943.3 0.0077
3  2  25.9 0.01310 0.01309 0.01614  16630    1030173.5 0.0078
3  2  25.9 0.01330 0.01328 0.01614  16894    1046527.4 0.0077
3  2  25.9 0.01350 0.01348 0.01614  16760    1038226.5 0.0077
3  2  25.9 0.01370 0.01367 0.01614  16608    1028810.6 0.0078
3  2  25.9 0.01390 0.01387 0.01614  16578    1026952.2 0.0078
3  2  25.9 0.01410 0.01406 0.01614  16718    1035624.8 0.0077
3  2  25.9 0.01430 0.01426 0.01614  16928    1048633.6 0.0077
3  2  25.9 0.01450 0.01445 0.01614  16788    1039961.0 0.0077
3  2  25.9 0.01470 0.01475 0.01614  16648    1031288.5 0.0078
3  2  25.9 0.01490 0.01494 0.01614  16630    1030173.5 0.0078
3  2  25.9 0.01510 0.01514 0.01614  16260    1007253.2 0.0078
3  2  25.9 0.01530 0.01533 0.01614  16116     998332.9 0.0079
3  2  25.9 0.01550 0.01553 0.01614  15314     948651.6 0.0081
3  2  25.9 0.01570 0.01572 0.01614  14856     920280.0 0.0082
3  2  25.9 0.01590 0.01592 0.01614  13838     857218.3 0.0085
3  2  25.9 0.01610 0.01611 0.01614  12438     770492.9 0.0090
3  2  25.9 0.01630 0.01631 0.01614  11658     722174.5 0.0093
3  2  25.9 0.01650 0.01650 0.01614   9910     613891.7 0.0100
3  2  25.9 0.01670 0.01670 0.01614   8468     524564.6 0.0109
3  2  25.9 0.01690 0.01689 0.01614   7146     442671.1 0.0118
3  2  25.9 0.01710 0.01709 0.01614   5780     358051.9 0.0132
3  2  25.9 0.01730 0.01729 0.01614   5020     310972.4 0.0141
3  2  25.9 0.01750 0.01748 0.01614   4044     250512.4 0.0157
3  2  25.9 0.01770 0.01768 0.01614   3392     210123.2 0.0172
3  2  25.9 0.01790 0.01787 0.01614   2860     177167.5 0.0187
3  2  25.9 0.01810 0.01807 0.01614   2604     161309.2 0.0196
3  2  25.9 0.01830 0.01826 0.01614   2266     140371.2 0.0210
3  2  25.9 0.01850 0.01846 0.01751   2298     131206.1 0.0209
3  2  25.9 0.01870 0.01865 0.01859   2228     119864.4 0.0212
3  2  25.9 0.01890 0.01895 0.01959   2284     116572.9 0.0209
3  2  25.9 0.01910 0.01914 0.01972   2230     113099.7 0.0212
3  2  25.9 0.01930 0.01934 0.02054   2272     110622.2 0.0210
3  2  25.9 0.01950 0.01953 0.02054   2234     108772.0 0.0212
3  2  25.9 0.01970 0.01973 0.02155   2278     105723.0 0.0210
3  2  25.9 0.01990 0.01992 0.02176   2248     103297.8 0.0211
3  2  25.9 0.02010 0.02012 0.02176   2262     103941.1 0.0210
3  2  25.9 0.02030 0.02031 0.02277   2274      99883.9 0.0210
3  2  25.9 0.02050 0.02051 0.02291   2250      98207.0 0.0211
3  2  25.9 0.02070 0.02070 0.02374   2266      95433.5 0.0210
3  2  25.9 0.02090 0.02090 0.02374   2290      96444.2 0.0209
3  2  25.9 0.02110 0.02109 0.02471   2238      90558.8 0.0211
3  2  25.9 0.02130 0.02129 0.02482   2228      89748.4 0.0212
3  2  25.9 0.02150 0.02148 0.02717   2300      84658.1 0.0209
3  2  25.9 0.02170 0.02168 0.02717   2236      82302.4 0.0211
3  2  25.9 0.02190 0.02188 0.02854   2406      84310.6 0.0204
3  2  25.9 0.02210 0.02207 0.02854   2262      79264.6 0.0210
3  2  25.9 0.02230 0.02227 0.02854   2248      78774.0 0.0211
3  2  25.9 0.02250 0.02246 0.03112   2240      71977.2 0.0211
3  2  25.9 0.02270 0.02266 0.03175   2270      71499.2 0.0210
3  2  25.9 0.02290 0.02285 0.03372   2232      66185.9 0.0212
3  2  25.9 0.02310 0.02314 0.03646   2226      61060.2 0.0212
3  2  25.9 0.02330 0.02334 0.03992   2304      57709.9 0.0208
3  2  25.9 0.02350 0.02354 0.04366   2308      52866.8 0.0208
3  2  25.9 0.02370 0.02373 0.04833   2278      47132.6 0.0210
3  2  25.9 0.02390 0.02393 0.05524   2280      41276.0 0.0209
3  2  25.9 0.02410 0.02412 0.06093   2324      38140.5 0.0207
3  2  25.9 0.02430 0.02432 0.06736   2340      34739.1 0.0207
3  2  25.9 0.02450 0.02451 0.08257   2312      28002.2 0.0208
3  2  25.9 0.02470 0.02471 0.09341   2246      24044.2 0.0211
3  2  25.9 0.02490 0.02490 0.11037   2326      21075.4 0.0207
3  2  25.9 0.02510 0.02510 0.12693   2340      18434.8 0.0207
3  2  25.9 0.02530 0.02529 0.14555   2226      15294.2 0.0212
3  2  25.9 0.02550 0.02549 0.16534   2250      13608.5 0.0211
3  2  25.9 0.02570 0.02568 0.18802   2266      12052.2 0.0210
3  2  25.9 0.02590 0.02588 0.20399   2256      11059.4 0.0211
3  2  25.9 0.02610 0.02607 0.23197   2372      10225.6 0.0205
3  2  25.9 0.02630 0.02627 0.23197   2222       9579.0 0.0212
3  2  25.9 0.02650 0.02646 0.25256   2338       9257.1 0.0207
3  2  25.9 0.02670 0.02666 0.26323   2344       8904.9 0.0207
3  2  25.9 0.02690 0.02686 0.26323   2310       8775.7 0.0208
3  2  25.9 0.02710 0.02715 0.29012   2346       8086.2 0.0206
3  2  25.9 0.02730 0.02734 0.29653   2340       7891.3 0.0207
3  2  25.9 0.02750 0.02754 0.29653   2226       7506.9 0.0212
3  2  25.9 0.02770 0.02773 0.30419   2230       7330.8 0.0212
3  2  25.9 0.02790 0.02793 0.32131   2314       7201.8 0.0208
3  2  25.9 0.02810 0.02813 0.32131   2234       6952.8 0.0212
3  2  25.9 0.02830 0.02832 0.34226   2268       6626.6 0.0210
3  2  25.9 0.02850 0.02852 0.34536   2280       6601.7 0.0209
3  2  25.9 0.02870 0.02871 0.36508   2356       6453.4 0.0206
3  2  25.9 0.02890 0.02891 0.37614   2260       6008.4 0.0210
3  2  25.9 0.02910 0.02910 0.39477   2302       5831.2 0.0208
3  2  25.9 0.02930 0.02930 0.39477   2226       5638.7 0.0212
3  2  25.9 0.02950 0.02949 0.40914   2234       5460.3 0.0212
3  2  25.9 0.02970 0.02969 0.44651   2228       4989.8 0.0212
3  2  25.9 0.02990 0.02988 0.45763   2300       5025.8 0.0209
3  2  25.9 0.03010 0.03008 0.47473   2226       4689.0 0.0212
3  2  25.9 0.03030 0.03027 0.50335   2228       4426.3 0.0212
3  2  25.9 0.03050 0.03047 0.53720   2288       4259.1 0.0209
3  2  25.9 0.03070 0.03066 0.55313   2244       4056.9 0.0211
3  2  25.9 0.03090 0.03086 0.60402   2226       3685.3 0.0212
3  2  25.9 0.03110 0.03105 0.65727   2244       3414.1 0.0211
3  2  25.9 0.03130 0.03135 0.71380   2230       3124.1 0.0212
3  2  25.9 0.03150 0.03154 0.78596   2232       2839.8 0.0212
3  2  25.9 0.03170 0.03174 0.85809   2224       2591.8 0.0212
3  2  25.9 0.03190 0.03193 0.95838   2222       2318.5 0.0212
3  2  25.9 0.03210 0.03213 1.04491   2320       2220.3 0.0208
3  2  25.9 0.03230 0.03232 1.16910   2222       1900.6 0.0212
3  2  25.9 0.03250 0.03252 1.21000   2070       1710.7 0.0220
3  2  25.9 0.03270 0.03271 1.21000   1752       1447.9 0.0239
3  2  25.9 0.03290 0.03291 1.21000   1590       1314.0 0.0251
3  2  25.9 0.03310 0.03311 1.21000   1500       1239.7 0.0258
3  2  25.9 0.03330 0.03330 1.21000   1346       1112.4 0.0273
3  2  25.9 0.03350 0.03350 1.21000   1266       1046.3 0.0281
3  2  25.9 0.03370 0.03369 1.21000   1092        902.5 0.0303
3  2  25.9 0.03390 0.03389 1.21000   1118        924.0 0.0299
3  2  25.9 0.03410 0.03408 1.21000   1056        872.7 0.0308
3  2  25.9 0.03430 0.03428 1.21000    982        811.6 0.0319
3  2  25.9 0.03450 0.03447 1.21000    982        811.6 0.0319
3  2  25.9 0.03470 0.03467 1.21000    922        762.0 0.0329
3  2  25.9 0.03490 0.03486 1.21000    856        707.4 0.0342
3  2  25.9 0.03510 0.03506 1.21000    882        728.9 0.0337
3  2  25.9 0.03530 0.03525 1.21000    824        681.0 0.0348
3  2  25.9 0.03550 0.03555 1.21000    744        614.9 0.0367
3  2  25.9 0.03570 0.03574 1.21000    720        595.0 0.0373
3  2  25.9 0.03590 0.03594 1.21000    692        571.9 0.0380
3  2  25.9 0.03610 0.03613 1.21000    672        555.4 0.0386
3  2  25.9 0.03630 0.03633 1.21000    694        573.6 0.0380
3  2  25.9 0.03650 0.03652 1.21000    724        598.3 0.0372
3  2  25.9 0.03670 0.03672 1.21000    632        522.3 0.0398
3  2  25.9 0.03690 0.03691 1.21000    670        553.7 0.0386
3  2  25.9 0.03710 0.03711 1.21000    630        520.7 0.0398
3  2  25.9 0.03730 0.03730 1.21000    594        490.9 0.0410
3  2  25.9 0.03750 0.03750 1.21000    614        507.4 0.0404
3  2  25.9 0.03770 0.03770 1.21000    566        467.8 0.0420
3  2  25.9 0.03790 0.03789 1.21000    528        436.4 0.0435
3  2  25.9 0.03810 0.03809 1.21000    562        464.5 0.0422
3  2  25.9 0.03830 0.03828 1.21000    498        411.6 0.0448
3  2  25.9 0.03850 0.03848 1.21000    502        414.9 0.0446
3  2  25.9 0.03870 0.03867 1.21000    468        386.8 0.0462
3  2  25.9 0.03890 0.03887 1.21000    494        408.3 0.0450
3  2  25.9 0.03910 0.03906 1.21000    466        385.1 0.0463
3  2  25.9 0.03930 0.03926 1.21000    410        338.8 0.0494
3  2  25.9 0.03950 0.03945 1.21000    402        332.2 0.0499
3  2  25.9 0.03970 0.03975 1.21000    378        312.4 0.0514
3  2  25.9 0.03990 0.03994 1.21000    370        305.8 0.0520
3  3  25.9 0.00010 0.00010 1.21000     34         28.1 0.1715
3  3  25.9 0.00030 0.00029 1.21000     16         13.2 0.2500
3  3  25.9 0.00050 0.00049 1.21000     28         23.1 0.1890
3  3  25.9 0.00070 0.00068 1.21000     24         19.8 0.2041
3  3  25.9 0.00090 0.00088 1.21000     42         34.7 0.1543
3  3  25.9 0.00110 0.00107 1.21000     22         18.2 0.2132
3  3  25.9 0.00130 0.00127 1.21000     34         28.1 0.1715
3  3  25.9 0.00150 0.00146 1.21000     54         44.6 0.1361
3  3  25.9 0.00170 0.00166 1.21000     42         34.7 0.1543
3  3  25.9 0.00190 0.00186 1.21000     30         24.8 0.1826
3  3  25.9 0.00210 0.00215 1.21000     44         36.4 0.1508
3  3  25.9 0.00230 0.00234 1.21000     60         49.6 0.1291
3  3  25.9 0.00250 0.00254 1.21000     58         47.9 0.1313
3  3  25.9 0.00270 0.00273 1.21000     88         72.7 0.1066
3  3  25.9 0.00290 0.00293 1.21000    112         92.6 0.0945
3  3  25.9 0.00310 0.00313 1.21000    216        178.5 0.0680
3  3  25.9 0.00330 0.00332 1.21000    510        421.5 0.0443
3  3  25.9 0.00350 0.00352 1.21000   1290       1066.1 0.0278
3  3  25.9 0.00370 0.00371 1.21000   3146       2600.0 0.0178
3  3  25.9 0.00390 0.00391 1.21000   7688       6353.7 0.0114
3  3  25.9 0.00410 0.00410 1.21000  18004      14879.3 0.0075
3  3  25.9 0.00430 0.00430 1.21000  42280      34942.1 0.0049
3  3  25.9 0.00450 0.00449 0.79419  72634      91456.5 0.0037
3  3  25.9 0.00470 0.00469 0.43627  76228     174727.0 0.0036
3  3  25.9 0.00490 0.00488 0.20780  71412     343654.0 0.0037
3  3  25.9 0.00510 0.00508 0.11415  73858     647021.2 0.0037
3  3  25.9 0.00530 0.00527 0.06541  71494    1093053.2 0.0037
3  3  25.9 0.00550 0.00547 0.04245  72088    1698144.7 0.0037
3  3  25.9 0.00570 0.00566 0.03081  72034    2338337.6 0.0037
3  3  25.9 0.00590 0.00586 0.02424  71604    2953382.0 0.0037
3  3  25.9 0.00610 0.00605 0.02090  72322    3460110.4 0.0037
3  3  25.9 0.00630 0.00635 0.01818  71738    3946423.5 0.0037
3  3  25.9 0.00650 0.00654 0.01818  75458    4151066.7 0.0036
3  3  25.9 0.00670 0.00674 0.01818  78106    4296737.5 0.0036
3  3  25.9 0.00690 0.00693 0.01818  79684    4383545.8 0.0035
3  3  25.9 0.00710 0.00713 0.01619  72056    4449497.0 0.0037
3  3  25.9 0.00730 0.00732 0.01619  72716    4490252.4 0.0037
3  3  25.9 0.00750 0.00752 0.01619  73182    4519028.1 0.0037
3  3  25.9 0.00770 0.00771 0.01619  73456    4535947.8 0.0037
3  3  25.9 0.00790 0.00791 0.01619  73624    4546321.9 0.0037
3  3  25.9 0.00810 0.00811 0.01619  73710    4551632.4 0.0037
3  3  25.9 0.00830 0.00830 0.01619  73676    4549532.9 0.0037
3  3  25.9 0.00850 0.00850 0.01619  73564    4542616.8 0.0037
3  3  25.9 0.00870 0.00869 0.01619  73342    4528908.2 0.0037
3  3  25.9 0.00890 0.00889 0.01619  72970    4505937.0 0.0037
3  3  25.9 0.00910 0.00908 0.01619  72352    4467775.2 0.0037
3  3  25.9 0.00930 0.00928 0.01619  71468    4413187.7 0.0037
3  3  25.9 0.00950 0.00947 0.01619  70306    4341433.6 0.0038
3  3  25.9 0.00970 0.00967 0.01619  68372    4222008.0 0.0038
3  3  25.9 0.00990 0.00986 0.01619  65388    4037744.4 0.0039
3  3  25.9 0.01010 0.01006 0.01619  61024    3768265.1 0.0040
3  3  25.9 0.01030 0.01025 0.01619  55000    3396279.8 0.0043
3  3  25.9 0.01050 0.01055 0.01619  43478    2684790.0 0.0048
3  3  25.9 0.01070 0.01074 0.01619  35798    2210545.9 0.0053
3  3  25.9 0.01090 0.01094 0.01619  29560    1825346.0 0.0058
3  3  25.9 0.01110 0.01113 0.01619  24820    1532648.4 0.0063
3  3  25.9 0.01130 0.01133 0.01619  21728    1341715.8 0.0068
3  3  25.9 0.01150 0.01152 0.01619  19936    1231058.8 0.0071
3  3  25.9 0.01170 0.01172 0.01619  19250    1188697.9 0.0072
3  3  25.9 0.01190 0.01191 0.01619  18548    1145349.0 0.0073
3  3  25.9 0.01210 0.01211 0.01619  18468    1140409.0 0.0074
3  3  25.9 0.01230 0.01230 0.01619  18304    1130281.9 0.0074
3  3  25.9 0.01250 0.01250 0.01619  18342    1132628.4 0.0074
3  3  25.9 0.01270 0.01270 0.01619  18054    1114844.3 0.0074
3  3  25.9 0.01290 0.01289 0.01619  18420    1137445.0 0.0074
3  3  25.9 0.01310 0.01309 0.01619  18216    1124847.9 0.0074
3  3  25.9 0.01330 0.01328 0.01619  18280    1128799.9 0.0074
3  3  25.9 0.01350 0.01348 0.01619  18202    1123983.4 0.0074
3  3  25.9 0.01370 0.01367 0.01619  18154    1121019.3 0.0074
3  3  25.9 0.01390 0.01387 0.01619  18056    1114967.8 0.0074
3  3  25.9 0.01410 0.01406 0.01619  18078    1116326.3 0.0074
3  3  25.9 0.01430 0.01426 0.01619  18064    1115461.8 0.0074
3  3  25.9 0.01450 0.01445 0.01619  18258    1127441.4 0.0074
3  3  25.9 0.01470 0.01475 0.01619  18140    1120154.8 0.0074
3  3  25.9 0.01490 0.01494 0.01619  17796    1098912.6 0.0075
3  3  25.9 0.01510 0.01514 0.01619  17804    1099406.6 0.0075
3  3  25.9 0.01530 0.01533 0.01619  17506    1081005.0 0.0076
3  3  25.9 0.01550 0.01553 0.01619  17336    1070507.4 0.0076
3  3  25.9 0.01570 0.01572 0.01619  16754    1034568.6 0.0077
3  3  25.9 0.01590 0.01592 0.01619  15710     970101.0 0.0080
3  3  25.9 0.01610 0.01611 0.01619  14882     918971.6 0.0082
3  3  25.9 0.01630 0.01631 0.01619  13676     844500.4 0.0086
3  3  25.9 0.01650 0.01650 0.01619  12158     750763.1 0.0091
3  3  25.9 0.01670 0.01670 0.01619  10682     659619.3 0.0097
3  3  25.9 0.01690 0.01689 0.01619   9060     559459.9 0.0105
3  3  25.9 0.01710 0.01709 0.01619   7662     473132.7 0.0114
3  3  25.9 0.01730 0.01729 0.01619   6438     397550.0 0.0125
3  3  25.9 0.01750 0.01748 0.01619   5528     341357.0 0.0134
3  3  25.9 0.01770 0.01768 0.01619   4516     278865.4 0.0149
3  3  25.9 0.01790 0.01787 0.01619   3740     230947.0 0.0164
3  3  25.9 0.01810 0.01807 0.01619   3222     198960.2 0.0176
3  3  25.9 0.01830 0.01826 0.01619   2834     175001.0 0.0188
3  3  25.9 0.01850 0.01846 0.01619   2572     158822.4 0.0197
3  3  25.9 0.01870 0.01865 0.01619   2344     144743.3 0.0207
3  3  25.9 0.01890 0.01895 0.01619   2238     138197.7 0.0211
3  3  25.9 0.01910 0.01914 0.01726   2244     129979.9 0.0211
3  3  25.9 0.01930 0.01934 0.01800   2330     129412.7 0.0207
3  3  25.9 0.01950 0.01953 0.01840   2244     121943.7 0.0211
3  3  25.9 0.01970 0.01973 0.01900   2264     119154.7 0.0210
3  3  25.9 0.01990 0.01992 0.01900   2240     117891.6 0.0211
3  3  25.9 0.02010 0.02012 0.01900   2242     117996.9 0.0211
3  3  25.9 0.02030 0.02031 0.01902   2226     117049.3 0.0212
3  3  25.9 0.02050 0.02051 0.01989   2264     113850.8 0.0210
3  3  25.9 0.02070 0.02070 0.02051   2272     110756.6 0.0210
3  3  25.9 0.02090 0.02090 0.02085   2264     108578.5 0.0210
3  3  25.9 0.02110 0.02109 0.02181   2280     104523.2 0.0209
3  3  25.9 0.02130 0.02129 0.02195   2226     101404.7 0.0212
3  3  25.9 0.02150 0.02148 0.02264   2250      99381.9 0.0211
3  3  25.9 0.02170 0.02168 0.02357   2324      98585.1 0.0207
3  3  25.9 0.02190 0.02188 0.02441   2292      93902.1 0.0209
3  3  25.9 0.02210 0.02207 0.02441   2248      92099.5 0.0211
3  3  25.9 0.02230 0.02227 0.02515   2254      89621.8 0.0211
3  3  25.9 0.02250 0.02246 0.02715   2370      87278.9 0.0205
3  3  25.9 0.02270 0.02266 0.02715   2260      83228.0 0.0210
3  3  25.9 0.02290 0.02285 0.02870   2242      78106.2 0.0211
3  3  25.9 0.02310 0.02314 0.02996   2230      74435.9 0.0212
3  3  25.9 0.02330 0.02334 0.03352   2402      71661.5 0.0204
3  3  25.9 0.02350 0.02354 0.03544   2302      64958.9 0.0208
3  3  25.9 0.02370 0.02373 0.03659   2226      60835.5 0.0212
3  3  25.9 0.02390 0.02393 0.04080   2340      57350.2 0.0207
3  3  25.9 0.02410 0.02412 0.04285   2256      52653.8 0.0211
3  3  25.9 0.02430 0.02432 0.04812   2230      46343.9 0.0212
3  3  25.9 0.02450 0.02451 0.05387   2294      42585.5 0.0209
3  3  25.9 0.02470 0.02471 0.06264   2284      36460.7 0.0209
3  3  25.9 0.02490 0.02490 0.06904   2228      32269.4 0.0212
3  3  25.9 0.02510 0.02510 0.08561   2276      26585.3 0.0210
3  3  25.9 0.02530 0.02529 0.09425   2244      23809.3 0.0211
3  3  25.9 0.02550 0.02549 0.10793   2304      21347.7 0.0208
3  3  25.9 0.02570 0.02568 0.12811   2300      17953.8 0.0209
3  3  25.9 0.02590 0.02588 0.14841   2270      15295.4 0.0210
3  3  25.9 0.02610 0.02607 0.16328   2280      13963.4 0.0209
3  3  25.9 0.02630 0.02627 0.18250   2354      12898.4 0.0206
3  3  25.9 0.02650 0.02646 0.19039   2270      11923.1 0.0210
3  3  25.9 0.02670 0.02666 0.20437   2260      11058.6 0.0210
3  3  25.9 0.02690 0.02686 0.21916   2264      10330.3 0.0210
3  3  25.9 0.02710 0.02715 0.23412   2250       9610.3 0.0211
3  3  25.9 0.02730 0.02734 0.25076   2278       9084.6 0.0210
3  3  25.9 0.02750 0.02754 0.25076   2282       9100.5 0.0209
3  3  25.9 0.02770 0.02773 0.26432   2342       8860.6 0.0207
3  3  25.9 0.02790 0.02793 0.26432   2332       8822.8 0.0207
3  3  25.9 0.02810 0.02813 0.28313   2320       8194.3 0.0208
3  3  25.9 0.02830 0.02832 0.28313   2242       7918.8 0.0211
3  3  25.9 0.02850 0.02852 0.28938   2256       7796.1 0.0211
3  3  25.9 0.02870 0.02871 0.30911   2354       7615.3 0.0206
3  3  25.9 0.02890 0.02891 0.31946   2262       7080.6 0.0210
3  3  25.9 0.02910 0.02910 0.31946   2318       7255.9 0.0208
3  3  25.9 0.02930 0.02930 0.33579   2242       6676.9 0.0211
3  3  25.9 0.02950 0.02949 0.35339   2268       6417.9 0.0210
3  3  25.9 0.02970 0.02969 0.36286   2270       6255.9 0.0210
3  3  25.9 0.02990 0.02988 0.37117   2294       6180.5 0.0209
3  3  25.9 0.03010 0.03008 0.40113   2278       5678.9 0.0210
3  3  25.9 0.03030 0.03027 0.41037   2248       5478.0 0.0211
3  3  25.9 0.03050 0.03047 0.43965   2234       5081.3 0.0212
3  3  25.9 0.03070 0.03066 0.44244   2266       5121.6 0.0210
3  3  25.9 0.03090 0.03086 0.46451   2280       4908.4 0.0209
3  3  25.9 0.03110 0.03105 0.49711   2228       4481.9 0.0212
3  3  25.9 0.03130 0.03135 0.53830   2224       4131.5 0.0212
3  3  25.9 0.03150 0.03154 0.55930   2234       3994.3 0.0212
3  3  25.9 0.03170 0.03174 0.58455   2222       3801.2 0.0212
3  3  25.9 0.03190 0.03193 0.63298   2260       3570.4 0.0210
3  3  25.9 0.03210 0.03213 0.71686   2224       3102.4 0.0212
3  3  25.9 0.03230 0.03232 0.79643   2276       2857.7 0.0210
3  3  25.9 0.03250 0.03252 0.88118   2394       2716.8 0.0204
3  3  25.9 0.03270 0.03271 0.93685   2282       2435.8 0.0209
3  3  25.9 0.03290 0.03291 1.02850   2260       2197.4 0.0210
3  3  25.9 0.03310 0.03311 1.18288   2388       2018.8 0.0205
3  3  25.9 0.03330 0.03330 1.21000   2054       1697.5 0.0221
3  3  25.9 0.03350 0.03350 1.21000   1838       1519.0 0.0233
3  3  25.9 0.03370 0.03369 1.21000   1682       1390.1 0.0244
3  3  25.9 0.03390 0.03389 1.21000   1550       1281.0 0.0254
3  3  25.9 0.03410 0.03408 1.21000   1392       1150.4 0.0268
3  3  25.9 0.03430 0.03428 1.21000   1292       1067.8 0.0278
3  3  25.9 0.03450 0.03447 1.21000   1178        973.6 0.0291
3  3  25.9 0.03470 0.03467 1.21000   1116        922.3 0.0299
3  3  25.9 0.03490 0.03486 1.21000   1044        862.8 0.0309
3  3  25.9 0.03510 0.03506 1.21000   1100        909.1 0.0302
3  3  25.9 0.03530 0.03525 1.21000   1014        838.0 0.0314
3  3  25.9 0.03550 0.03555 1.21000    960        793.4 0.0323
3  3  25.9 0.03570 0.03574 1.21000    858        709.1 0.0341
3  3  25.9 0.03590 0.03594 1.21000    874        722.3 0.0338
3  3  25.9 0.03610 0.03613 1.21000    898        742.1 0.0334
3  3  25.9 0.03630 0.03633 1.21000    840        694.2 0.0345
3  3  25.9 0.03650 0.03652 1.21000    794        656.2 0.0355
3  3  25.9 0.03670 0.03672 1.21000    798        659.5 0.0354
3  3  25.9 0.03690 0.03691 1.21000    828        684.3 0.0348
3  3  25.9 0.03710 0.03711 1.21000    730        603.3 0.0370
3  3  25.9 0.03730 0.03730 1.21000    702        580.2 0.0377
3  3  25.9 0.03750 0.03750 1.21000    702        580.2 0.0377
3  3  25.9 0.03770 0.03770 1.21000    730        603.3 0.0370
3  3  25.9 0.03790 0.03789 1.21000    668        552.1 0.0387
3  3  25.9 0.03810 0.03809 1.21000    648        535.5 0.0393
3  3  25.9 0.03830 0.03828 1.21000    612        505.8 0.0404
3  3  25.9 0.03850 0.03848 1.21000    608        502.5 0.0406
3  3  25.9 0.03870 0.03867 1.21000    604        499.2 0.0407
3  3  25.9 0.03890 0.03887 1.21000    612        505.8 0.0404
3  3  25.9 0.03910 0.03906 1.21000    562        464.5 0.0422
3  3  25.9 0.03930 0.03926 1.21000    526        434.7 0.0436
3  3  25.9 0.03950 0.03945 1.21000    492        406.6 0.0451
3  3  25.9 0.03970 0.03975 1.21000    450        371.9 0.0471
3  3  25.9 0.03990 0.03994 1.21000    470        388.4 0.0461
