# Scan Time    : Fri, 18 Mar 2022 06:51:28 +0000 (GMT) +414097000 nsec
# Board Lane   : 5
# Board Loc    : BTOF - Southeast
# SiPM Biases  :  57.134  57.752  57.081  56.685
# SiPM Currents:   1.327   1.915   1.265   0.994
#
6 -1  25.4 0.00010 0.00010 1.21000     36         29.8 0.1667
6 -1  25.4 0.00030 0.00029 1.21000     48         39.7 0.1443
6 -1  25.4 0.00050 0.00049 1.21000     76         62.8 0.1147
6 -1  25.4 0.00070 0.00068 1.21000    182        150.4 0.0741
6 -1  25.4 0.00090 0.00088 1.21000    446        368.6 0.0474
6 -1  25.4 0.00110 0.00107 1.21000   1180        975.2 0.0291
6 -1  25.4 0.00130 0.00127 1.21000   2966       2451.2 0.0184
6 -1  25.4 0.00150 0.00146 1.21000   7206       5955.4 0.0118
6 -1  25.4 0.00170 0.00166 1.21000  17490      14454.5 0.0076
6 -1  25.4 0.00190 0.00186 1.21000  40634      33581.8 0.0050
6 -1  25.4 0.00210 0.00215 0.66468  73604     110735.5 0.0037
6 -1  25.3 0.00230 0.00234 0.30915  71242     230448.0 0.0037
6 -1  25.3 0.00250 0.00254 0.16982  79700     469316.6 0.0035
6 -1  25.3 0.00270 0.00273 0.08379  72448     864672.5 0.0037
6 -1  25.3 0.00290 0.00293 0.04603  71188    1546688.5 0.0037
6 -1  25.3 0.00310 0.00313 0.02726  71978    2640130.9 0.0037
6 -1  25.3 0.00330 0.00332 0.01784  72804    4080785.3 0.0037
6 -1  25.3 0.00350 0.00352 0.01277  72844    5704556.4 0.0037
6 -1  25.3 0.00370 0.00371 0.00979  71698    7326236.4 0.0037
6 -1  25.3 0.00390 0.00391 0.00813  72550    8925401.7 0.0037
6 -1  25.3 0.00410 0.00410 0.00711  70768    9957685.0 0.0038
6 -1  25.3 0.00430 0.00430 0.00711  77082   10846120.8 0.0036
6 -1  25.3 0.00450 0.00449 0.00622  72552   11661465.7 0.0037
6 -1  25.3 0.00470 0.00469 0.00622  76092   12230458.8 0.0036
6 -1  25.3 0.00490 0.00488 0.00622  78734   12655114.1 0.0036
6 -1  25.3 0.00510 0.00508 0.00556  72090   12957394.6 0.0037
6 -1  25.3 0.00530 0.00527 0.00556  73328   13179911.6 0.0037
6 -1  25.3 0.00550 0.00547 0.00556  74244   13344552.7 0.0037
6 -1  25.3 0.00570 0.00566 0.00556  74854   13454193.5 0.0037
6 -1  25.3 0.00590 0.00586 0.00556  75238   13523213.4 0.0036
6 -1  25.3 0.00610 0.00605 0.00556  75184   13513507.5 0.0036
6 -1  25.3 0.00630 0.00635 0.00556  74578   13404585.5 0.0037
6 -1  25.3 0.00650 0.00654 0.00556  73818   13267983.8 0.0037
6 -1  25.3 0.00670 0.00674 0.00556  72348   13003767.3 0.0037
6 -1  25.3 0.00690 0.00693 0.00556  70328   12640694.2 0.0038
6 -1  25.3 0.00710 0.00713 0.00556  67224   12082783.9 0.0039
6 -1  25.3 0.00730 0.00732 0.00556  63134   11347650.8 0.0040
6 -1  25.3 0.00750 0.00752 0.00556  57774   10384249.0 0.0042
6 -1  25.3 0.00770 0.00771 0.00556  51438    9245421.8 0.0044
6 -1  25.3 0.00790 0.00791 0.00556  44228    7949502.7 0.0048
6 -1  25.3 0.00810 0.00811 0.00556  38226    6870708.3 0.0051
6 -1  25.3 0.00830 0.00830 0.00556  33524    6025574.9 0.0055
6 -1  25.3 0.00850 0.00850 0.00556  30360    5456880.3 0.0057
6 -1  25.3 0.00870 0.00869 0.00556  28158    5061094.7 0.0060
6 -1  25.3 0.00890 0.00889 0.00556  27118    4874166.0 0.0061
6 -1  25.3 0.00910 0.00908 0.00556  26342    4734688.4 0.0062
6 -1  25.3 0.00930 0.00928 0.00556  25938    4662073.8 0.0062
6 -1  25.3 0.00950 0.00947 0.00556  25816    4640145.6 0.0062
6 -1  25.3 0.00970 0.00967 0.00556  25680    4615701.1 0.0062
6 -1  25.3 0.00990 0.00986 0.00556  25246    4537694.3 0.0063
6 -1  25.3 0.01010 0.01006 0.00556  25640    4608511.5 0.0062
6 -1  25.3 0.01030 0.01025 0.00556  25268    4541648.6 0.0063
6 -1  25.3 0.01050 0.01055 0.00556  25076    4507138.7 0.0063
6 -1  25.3 0.01070 0.01074 0.00556  25106    4512530.8 0.0063
6 -1  25.3 0.01090 0.01094 0.00556  25212    4531583.2 0.0063
6 -1  25.3 0.01110 0.01113 0.00556  25082    4508217.1 0.0063
6 -1  25.3 0.01130 0.01133 0.00556  24862    4468674.5 0.0063
6 -1  25.3 0.01150 0.01152 0.00556  25006    4494556.9 0.0063
6 -1  25.3 0.01170 0.01172 0.00556  24788    4455373.8 0.0064
6 -1  25.3 0.01190 0.01191 0.00556  24722    4443511.0 0.0064
6 -1  25.3 0.01210 0.01211 0.00556  24932    4481256.2 0.0063
6 -1  25.3 0.01230 0.01230 0.00556  24664    4433086.1 0.0064
6 -1  25.3 0.01250 0.01250 0.00556  24602    4421942.3 0.0064
6 -1  25.3 0.01270 0.01270 0.00556  24512    4405765.8 0.0064
6 -1  25.3 0.01290 0.01289 0.00556  24274    4362987.9 0.0064
6 -1  25.3 0.01310 0.01309 0.00556  23386    4203379.5 0.0065
6 -1  25.3 0.01330 0.01328 0.00556  22748    4088705.9 0.0066
6 -1  25.3 0.01350 0.01348 0.00556  21932    3942038.8 0.0068
6 -1  25.3 0.01370 0.01367 0.00556  20730    3725992.4 0.0069
6 -1  25.3 0.01390 0.01387 0.00556  19546    3513181.2 0.0072
6 -1  25.3 0.01410 0.01406 0.00556  17806    3200435.1 0.0075
6 -1  25.3 0.01430 0.01426 0.00556  16410    2949519.3 0.0078
6 -1  25.3 0.01450 0.01445 0.00556  14880    2674518.4 0.0082
6 -1  25.3 0.01470 0.01475 0.00556  12710    2284484.5 0.0089
6 -1  25.3 0.01490 0.01494 0.00556  11176    2008764.6 0.0095
6 -1  25.3 0.01510 0.01514 0.00556   9908    1780855.4 0.0100
6 -1  25.3 0.01530 0.01533 0.00556   9034    1623763.4 0.0105
6 -1  25.3 0.01550 0.01553 0.00556   8032    1443664.8 0.0112
6 -1  25.3 0.01570 0.01572 0.00556   7278    1308141.5 0.0117
6 -1  25.3 0.01590 0.01592 0.00556   6698    1203892.8 0.0122
6 -1  25.3 0.01610 0.01611 0.00556   6510    1170101.8 0.0124
6 -1  25.3 0.01630 0.01631 0.00556   6140    1103598.3 0.0128
6 -1  25.3 0.01650 0.01650 0.00556   5872    1055428.2 0.0130
6 -1  25.3 0.01670 0.01670 0.00556   5518     991800.6 0.0135
6 -1  25.3 0.01690 0.01689 0.00556   5358     963042.3 0.0137
6 -1  25.3 0.01710 0.01709 0.00556   5240     941833.1 0.0138
6 -1  25.3 0.01730 0.01729 0.00556   5158     927094.5 0.0139
6 -1  25.3 0.01750 0.01748 0.00556   4868     874970.1 0.0143
6 -1  25.3 0.01770 0.01768 0.00556   4804     863466.8 0.0144
6 -1  25.3 0.01790 0.01787 0.00556   4596     826081.1 0.0148
6 -1  25.3 0.01810 0.01807 0.00556   4570     821407.9 0.0148
6 -1  25.3 0.01830 0.01826 0.00556   4398     790492.7 0.0151
6 -1  25.3 0.01850 0.01846 0.00556   4414     793368.6 0.0151
6 -1  25.3 0.01870 0.01865 0.00556   4166     748793.3 0.0155
6 -1  25.3 0.01890 0.01895 0.00556   4088     734773.6 0.0156
6 -1  25.3 0.01910 0.01914 0.00556   3870     695590.5 0.0161
6 -1  25.3 0.01930 0.01934 0.00556   3790     681211.3 0.0162
6 -1  25.2 0.01950 0.01953 0.00556   3648     655688.4 0.0166
6 -1  25.2 0.01970 0.01973 0.00556   3498     628727.5 0.0169
6 -1  25.2 0.01990 0.01992 0.00556   3392     609675.2 0.0172
6 -1  25.2 0.02010 0.02012 0.00556   3230     580557.4 0.0176
6 -1  25.2 0.02030 0.02031 0.00556   3174     570492.0 0.0177
6 -1  25.2 0.02050 0.02051 0.00556   2942     528792.5 0.0184
6 -1  25.2 0.02070 0.02070 0.00556   2896     520524.5 0.0186
6 -1  25.2 0.02090 0.02090 0.00556   2736     491766.3 0.0191
6 -1  25.2 0.02110 0.02109 0.00556   2656     477387.2 0.0194
6 -1  25.2 0.02130 0.02129 0.00556   2444     439282.5 0.0202
6 -1  25.2 0.02150 0.02148 0.00561   2238     398997.6 0.0211
6 -1  25.2 0.02170 0.02168 0.00607   2254     371582.1 0.0211
6 -1  25.2 0.02190 0.02188 0.00632   2238     354089.2 0.0211
6 -1  25.2 0.02210 0.02207 0.00730   2390     327619.1 0.0205
6 -1  25.2 0.02230 0.02227 0.00730   2258     309524.6 0.0210
6 -1  25.2 0.02250 0.02246 0.00851   2282     268306.6 0.0209
6 -1  25.2 0.02270 0.02266 0.00877   2272     258969.7 0.0210
6 -1  25.2 0.02290 0.02285 0.00977   2266     231968.4 0.0210
6 -1  25.2 0.02310 0.02314 0.01128   2266     200936.9 0.0210
6 -1  25.2 0.02330 0.02334 0.01201   2368     197142.7 0.0205
6 -1  25.2 0.02350 0.02354 0.01317   2310     175350.2 0.0208
6 -1  25.2 0.02370 0.02373 0.01407   2324     165139.0 0.0207
6 -1  25.2 0.02390 0.02393 0.01499   2272     151562.6 0.0210
6 -1  25.2 0.02410 0.02412 0.01594   2232     140049.1 0.0212
6 -1  25.2 0.02430 0.02432 0.01694   2252     132909.7 0.0211
6 -1  25.2 0.02450 0.02451 0.01792   2286     127587.4 0.0209
6 -1  25.2 0.02470 0.02471 0.01866   2338     125321.7 0.0207
6 -1  25.2 0.02490 0.02490 0.01866   2222     119103.9 0.0212
6 -1  25.2 0.02510 0.02510 0.02064   2224     107729.9 0.0212
6 -1  25.2 0.02530 0.02529 0.02179   2376     109033.3 0.0205
6 -1  25.2 0.02550 0.02549 0.02199   2248     102230.9 0.0211
6 -1  25.2 0.02570 0.02568 0.02340   2278      97347.8 0.0210
6 -1  25.2 0.02590 0.02588 0.02488   2314      93011.8 0.0208
6 -1  25.2 0.02610 0.02607 0.02538   2238      88175.6 0.0211
6 -1  25.2 0.02630 0.02627 0.02633   2272      86292.3 0.0210
6 -1  25.2 0.02650 0.02646 0.02821   2262      80190.2 0.0210
6 -1  25.2 0.02670 0.02666 0.02821   2250      79764.8 0.0211
6 -1  25.2 0.02690 0.02686 0.03091   2294      74224.3 0.0209
6 -1  25.2 0.02710 0.02715 0.03307   2280      68936.6 0.0209
6 -1  25.2 0.02730 0.02734 0.03307   2266      68513.3 0.0210
6 -1  25.2 0.02750 0.02754 0.03462   2260      65285.7 0.0210
6 -1  25.2 0.02770 0.02773 0.03796   2272      59845.8 0.0210
6 -1  25.2 0.02790 0.02793 0.03796   2232      58792.2 0.0212
6 -1  25.2 0.02810 0.02813 0.04122   2290      55559.9 0.0209
6 -1  25.2 0.02830 0.02832 0.04290   2278      53099.3 0.0210
6 -1  25.2 0.02850 0.02852 0.04473   2280      50973.7 0.0209
6 -1  25.2 0.02870 0.02871 0.04864   2288      47035.9 0.0209
6 -1  25.2 0.02890 0.02891 0.05286   2370      44836.1 0.0205
6 -1  25.2 0.02910 0.02910 0.05353   2318      43299.8 0.0208
6 -1  25.2 0.02930 0.02930 0.05856   2274      38829.4 0.0210
6 -1  25.2 0.02950 0.02949 0.06061   2240      36954.9 0.0211
6 -1  25.2 0.02970 0.02969 0.06622   2258      34100.1 0.0210
6 -1  25.2 0.02990 0.02988 0.07271   2364      32513.9 0.0206
6 -1  25.2 0.03010 0.03008 0.07623   2320      30432.9 0.0208
6 -1  25.2 0.03030 0.03027 0.07849   2222      28309.9 0.0212
6 -1  25.2 0.03050 0.03047 0.08466   2248      26553.0 0.0211
6 -1  25.2 0.03070 0.03066 0.09227   2262      24514.5 0.0210
6 -1  25.2 0.03090 0.03086 0.09838   2304      23418.9 0.0208
6 -1  25.2 0.03110 0.03105 0.10528   2326      22094.0 0.0207
6 -1  25.2 0.03130 0.03135 0.11557   2226      19260.3 0.0212
6 -1  25.2 0.03150 0.03154 0.12616   2226      17643.9 0.0212
6 -1  25.2 0.03170 0.03174 0.13266   2304      17367.8 0.0208
6 -1  25.2 0.03190 0.03193 0.13710   2222      16206.9 0.0212
6 -1  25.2 0.03210 0.03213 0.15378   2338      15203.3 0.0207
6 -1  25.2 0.03230 0.03232 0.16365   2258      13797.6 0.0210
6 -1  25.2 0.03250 0.03252 0.17088   2280      13342.7 0.0209
6 -1  25.2 0.03270 0.03271 0.17843   2268      12711.0 0.0210
6 -1  25.2 0.03290 0.03291 0.18790   2258      12017.0 0.0210
6 -1  25.2 0.03310 0.03311 0.19602   2230      11376.6 0.0212
6 -1  25.2 0.03330 0.03330 0.20840   2322      11142.3 0.0208
6 -1  25.2 0.03350 0.03350 0.20840   2284      10959.9 0.0209
6 -1  25.2 0.03370 0.03369 0.23558   2290       9720.6 0.0209
6 -1  25.2 0.03390 0.03389 0.24056   2286       9502.7 0.0209
6 -1  25.2 0.03410 0.03408 0.24793   2256       9099.5 0.0211
6 -1  25.2 0.03430 0.03428 0.27294   2266       8302.3 0.0210
6 -1  25.2 0.03450 0.03447 0.27294   2226       8155.8 0.0212
6 -1  25.2 0.03470 0.03467 0.30127   2262       7508.2 0.0210
6 -1  25.2 0.03490 0.03486 0.30127   2242       7441.8 0.0211
6 -1  25.2 0.03510 0.03506 0.32623   2300       7050.3 0.0209
6 -1  25.2 0.03530 0.03525 0.33528   2322       6925.5 0.0208
6 -1  25.2 0.03550 0.03555 0.34237   2224       6495.9 0.0212
6 -1  25.2 0.03570 0.03574 0.37722   2324       6160.9 0.0207
6 -1  25.2 0.03590 0.03594 0.39800   2306       5794.0 0.0208
6 -1  25.2 0.03610 0.03613 0.41286   2246       5440.1 0.0211
6 -1  25.2 0.03630 0.03633 0.43755   2338       5343.4 0.0207
6 -1  25.2 0.03650 0.03652 0.46473   2254       4850.1 0.0211
6 -1  25.2 0.03670 0.03672 0.48526   2268       4673.8 0.0210
6 -1  25.2 0.03690 0.03691 0.49643   2272       4576.7 0.0210
6 -1  25.2 0.03710 0.03711 0.52829   2332       4414.3 0.0207
6 -1  25.2 0.03730 0.03730 0.56263   2236       3974.2 0.0211
6 -1  25.2 0.03750 0.03750 0.57876   2224       3842.7 0.0212
6 -1  25.2 0.03770 0.03770 0.63393   2256       3558.7 0.0211
6 -1  25.2 0.03790 0.03789 0.66925   2306       3445.6 0.0208
6 -1  25.2 0.03810 0.03809 0.70813   2224       3140.6 0.0212
6 -1  25.2 0.03830 0.03828 0.76308   2336       3061.3 0.0207
6 -1  25.2 0.03850 0.03848 0.77921   2232       2864.4 0.0212
6 -1  25.2 0.03870 0.03867 0.82527   2234       2707.0 0.0212
6 -1  25.2 0.03890 0.03887 0.87992   2310       2625.3 0.0208
6 -1  25.2 0.03910 0.03906 0.93902   2234       2379.1 0.0212
6 -1  25.2 0.03930 0.03926 0.97591   2286       2342.4 0.0209
6 -1  25.2 0.03950 0.03945 1.02094   2250       2203.8 0.0211
6 -1  25.2 0.03970 0.03975 1.12848   2266       2008.0 0.0210
6 -1  25.2 0.03990 0.03994 1.15659   2270       1962.7 0.0210
6  0  25.2 0.00010 0.00010 1.21000     84         69.4 0.1091
6  0  25.2 0.00030 0.00029 1.21000    118         97.5 0.0921
6  0  25.2 0.00050 0.00049 1.21000    136        112.4 0.0857
6  0  25.2 0.00070 0.00068 1.21000    268        221.5 0.0611
6  0  25.2 0.00090 0.00088 1.21000    586        484.3 0.0413
6  0  25.2 0.00110 0.00107 1.21000   1474       1218.2 0.0260
6  0  25.2 0.00130 0.00127 1.21000   3784       3127.3 0.0163
6  0  25.2 0.00150 0.00146 1.21000   8982       7423.1 0.0106
6  0  25.2 0.00170 0.00166 1.21000  21498      17766.9 0.0068
6  0  25.2 0.00190 0.00186 1.21000  47946      39624.8 0.0046
6  0  25.2 0.00210 0.00215 0.46614  71534     153461.9 0.0037
6  0  25.2 0.00230 0.00234 0.25606  78816     307803.3 0.0036
6  0  25.2 0.00250 0.00254 0.12262  71370     582065.5 0.0037
6  0  25.2 0.00270 0.00273 0.07269  72360     995499.9 0.0037
6  0  25.2 0.00290 0.00293 0.04574  72186    1578073.1 0.0037
6  0  25.2 0.00310 0.00313 0.03169  72330    2282273.0 0.0037
6  0  25.2 0.00330 0.00332 0.02488  72462    2912414.0 0.0037
6  0  25.2 0.00350 0.00352 0.02096  71208    3396891.3 0.0037
6  0  25.2 0.00370 0.00371 0.02096  79452    3790161.3 0.0035
6  0  25.2 0.00390 0.00391 0.01775  72038    4058202.9 0.0037
6  0  25.2 0.00410 0.00410 0.01775  75118    4231712.3 0.0036
6  0  25.2 0.00430 0.00430 0.01775  77052    4340662.6 0.0036
6  0  25.2 0.00450 0.00449 0.01775  78534    4424149.9 0.0036
6  0  25.2 0.00470 0.00469 0.01775  79468    4476766.0 0.0035
6  0  25.2 0.00490 0.00488 0.01596  71922    4506242.8 0.0037
6  0  25.2 0.00510 0.00508 0.01596  72314    4530803.4 0.0037
6  0  25.2 0.00530 0.00527 0.01596  72542    4545088.7 0.0037
6  0  25.2 0.00550 0.00547 0.01596  72686    4554110.9 0.0037
6  0  25.2 0.00570 0.00566 0.01596  72738    4557369.0 0.0037
6  0  25.2 0.00590 0.00586 0.01596  72700    4554988.1 0.0037
6  0  25.2 0.00610 0.00605 0.01596  72562    4546341.8 0.0037
6  0  25.2 0.00630 0.00635 0.01596  72158    4521029.3 0.0037
6  0  25.2 0.00650 0.00654 0.01596  71644    4488824.9 0.0037
6  0  25.2 0.00670 0.00674 0.01596  70930    4444089.5 0.0038
6  0  25.2 0.00690 0.00693 0.01596  69852    4376547.8 0.0038
6  0  25.2 0.00710 0.00713 0.01596  68190    4272415.9 0.0038
6  0  25.2 0.00730 0.00732 0.01596  65730    4118285.7 0.0039
6  0  25.2 0.00750 0.00752 0.01596  62368    3907641.0 0.0040
6  0  25.2 0.00770 0.00771 0.01596  57370    3594493.4 0.0042
6  0  25.2 0.00790 0.00791 0.01596  50372    3156036.6 0.0045
6  0  25.2 0.00810 0.00811 0.01596  42480    2661566.6 0.0049
6  0  25.2 0.00830 0.00830 0.01596  34298    2148926.8 0.0054
6  0  25.2 0.00850 0.00850 0.01596  27934    1750193.1 0.0060
6  0  25.2 0.00870 0.00869 0.01596  23754    1488296.9 0.0065
6  0  25.2 0.00890 0.00889 0.01596  20730    1298829.5 0.0069
6  0  25.2 0.00910 0.00908 0.01596  19356    1212742.1 0.0072
6  0  25.2 0.00930 0.00928 0.01596  18654    1168758.6 0.0073
6  0  25.2 0.00950 0.00947 0.01596  18284    1145576.4 0.0074
6  0  25.2 0.00970 0.00967 0.01596  18352    1149836.9 0.0074
6  0  25.2 0.00990 0.00986 0.01596  18014    1128659.6 0.0075
6  0  25.2 0.01010 0.01006 0.01596  18202    1140438.7 0.0074
6  0  25.2 0.01030 0.01025 0.01596  17852    1118509.6 0.0075
6  0  25.2 0.01050 0.01055 0.01596  18046    1130664.6 0.0074
6  0  25.2 0.01070 0.01074 0.01596  17926    1123146.0 0.0075
6  0  25.2 0.01090 0.01094 0.01596  18260    1144072.7 0.0074
6  0  25.2 0.01110 0.01113 0.01596  17990    1127155.9 0.0075
6  0  25.2 0.01130 0.01133 0.01596  18092    1133546.7 0.0074
6  0  25.2 0.01150 0.01152 0.01596  17942    1124148.5 0.0075
6  0  25.2 0.01170 0.01172 0.01596  17872    1119762.7 0.0075
6  0  25.2 0.01190 0.01191 0.01596  18042    1130414.0 0.0074
6  0  25.2 0.01210 0.01211 0.01596  17964    1125526.9 0.0075
6  0  25.2 0.01230 0.01230 0.01596  17746    1111868.2 0.0075
6  0  25.2 0.01250 0.01250 0.01596  17624    1104224.3 0.0075
6  0  25.2 0.01270 0.01270 0.01596  17636    1104976.2 0.0075
6  0  25.2 0.01290 0.01289 0.01596  17614    1103597.8 0.0075
6  0  25.2 0.01310 0.01309 0.01596  17132    1073398.3 0.0076
6  0  25.2 0.01330 0.01328 0.01596  16602    1040191.4 0.0078
6  0  25.2 0.01350 0.01348 0.01596  15994    1002097.4 0.0079
6  0  25.2 0.01370 0.01367 0.01596  15088     945332.3 0.0081
6  0  25.2 0.01390 0.01387 0.01596  13840     867139.4 0.0085
6  0  25.2 0.01410 0.01406 0.01596  12438     779297.7 0.0090
6  0  25.2 0.01430 0.01426 0.01596  10960     686694.2 0.0096
6  0  25.2 0.01450 0.01445 0.01596   9512     595970.4 0.0103
6  0  25.2 0.01470 0.01475 0.01596   7450     466776.6 0.0116
6  0  25.2 0.01490 0.01494 0.01596   6152     385451.0 0.0127
6  0  25.2 0.01510 0.01514 0.01596   5072     317784.0 0.0140
6  0  25.2 0.01530 0.01533 0.01596   4344     272171.5 0.0152
6  0  25.2 0.01550 0.01553 0.01596   3734     233952.2 0.0164
6  0  25.2 0.01570 0.01572 0.01596   3308     207261.4 0.0174
6  0  25.2 0.01590 0.01592 0.01596   2978     186585.3 0.0183
6  0  25.2 0.01610 0.01611 0.01596   2856     178941.5 0.0187
6  0  25.2 0.01630 0.01631 0.01596   2664     166911.8 0.0194
6  0  25.2 0.01650 0.01650 0.01596   2542     159267.9 0.0198
6  0  25.2 0.01670 0.01670 0.01596   2406     150746.9 0.0204
6  0  25.2 0.01690 0.01689 0.01596   2330     145985.2 0.0207
6  0  25.2 0.01710 0.01709 0.01596   2272     142351.2 0.0210
6  0  25.2 0.01730 0.01729 0.01596   2268     142100.6 0.0210
6  0  25.2 0.01750 0.01748 0.01648   2380     144420.2 0.0205
6  0  25.2 0.01770 0.01768 0.01648   2368     143692.1 0.0205
6  0  25.2 0.01790 0.01787 0.01705   2244     131632.8 0.0211
6  0  25.2 0.01810 0.01807 0.01705   2304     135152.4 0.0208
6  0  25.2 0.01830 0.01826 0.01746   2322     133020.7 0.0208
6  0  25.2 0.01850 0.01846 0.01746   2258     129354.3 0.0210
6  0  25.2 0.01870 0.01865 0.01884   2334     123912.0 0.0207
6  0  25.2 0.01890 0.01895 0.01884   2274     120726.6 0.0210
6  0  25.2 0.01910 0.01914 0.01937   2246     115929.2 0.0211
6  0  25.2 0.01930 0.01934 0.01982   2288     115439.6 0.0209
6  0  25.2 0.01950 0.01953 0.01982   2222     112109.6 0.0212
6  0  25.2 0.01970 0.01973 0.02105   2286     108578.4 0.0209
6  0  25.2 0.01990 0.01992 0.02188   2248     102737.1 0.0211
6  0  25.2 0.02010 0.02012 0.02269   2304     101522.7 0.0208
6  0  25.2 0.02030 0.02031 0.02339   2282      97566.6 0.0209
6  0  25.2 0.02050 0.02051 0.02463   2258      91672.2 0.0210
6  0  25.2 0.02070 0.02070 0.02617   2266      86588.9 0.0210
6  0  25.2 0.02090 0.02090 0.02726   2260      82904.8 0.0210
6  0  25.2 0.02110 0.02109 0.02924   2336      79898.2 0.0207
6  0  25.2 0.02130 0.02129 0.03091   2238      72412.4 0.0211
6  0  25.2 0.02150 0.02148 0.03451   2252      65255.5 0.0211
6  0  25.2 0.02170 0.02168 0.03624   2228      61480.2 0.0212
6  0  25.2 0.02190 0.02188 0.04220   2260      53550.5 0.0210
6  0  25.2 0.02210 0.02207 0.04829   2386      49411.8 0.0205
6  0  25.2 0.02230 0.02227 0.05447   2266      41604.7 0.0210
6  0  25.2 0.02250 0.02246 0.05971   2242      37545.5 0.0211
6  0  25.2 0.02270 0.02266 0.06896   2304      33410.5 0.0208
6  0  25.2 0.02290 0.02285 0.08048   2334      29001.8 0.0207
6  0  25.2 0.02310 0.02314 0.10116   2308      22816.4 0.0208
6  0  25.2 0.02330 0.02334 0.10900   2326      21338.6 0.0207
6  0  25.2 0.02350 0.02354 0.12475   2296      18404.3 0.0209
6  0  25.2 0.02370 0.02373 0.13507   2266      16776.9 0.0210
6  0  25.2 0.02390 0.02393 0.14346   2282      15906.9 0.0209
6  0  25.2 0.02410 0.02412 0.15223   2250      14780.4 0.0211
6  0  25.2 0.02430 0.02432 0.16445   2228      13547.8 0.0212
6  0  25.2 0.02450 0.02451 0.16445   2254      13705.9 0.0211
6  0  25.2 0.02470 0.02471 0.17670   2240      12676.8 0.0211
6  0  25.2 0.02490 0.02490 0.19398   2318      11949.9 0.0208
6  0  25.2 0.02510 0.02510 0.19992   2358      11795.0 0.0206
6  0  25.2 0.02530 0.02529 0.19992   2244      11224.8 0.0211
6  0  25.2 0.02550 0.02549 0.20137   2260      11223.4 0.0210
6  0  25.2 0.02570 0.02568 0.21110   2228      10554.3 0.0212
6  0  25.2 0.02590 0.02588 0.21110   2236      10592.2 0.0211
6  0  25.2 0.02610 0.02607 0.22660   2266      10000.0 0.0210
6  0  25.2 0.02630 0.02627 0.22991   2234       9716.8 0.0212
6  0  25.2 0.02650 0.02646 0.23778   2306       9698.0 0.0208
6  0  25.2 0.02670 0.02666 0.24899   2238       8988.4 0.0211
6  0  25.2 0.02690 0.02686 0.25780   2226       8634.4 0.0212
6  0  25.2 0.02710 0.02715 0.27021   2252       8334.3 0.0211
6  0  25.2 0.02730 0.02734 0.28410   2242       7891.5 0.0211
6  0  25.2 0.02750 0.02754 0.29833   2258       7568.7 0.0210
6  0  25.2 0.02770 0.02773 0.31530   2274       7212.1 0.0210
6  0  25.2 0.02790 0.02793 0.31530   2246       7123.3 0.0211
6  0  25.2 0.02810 0.02813 0.34411   2324       6753.7 0.0207
6  0  25.2 0.02830 0.02832 0.34411   2232       6486.3 0.0212
6  0  25.2 0.02850 0.02852 0.38101   2372       6225.6 0.0205
6  0  25.2 0.02870 0.02871 0.39080   2224       5691.0 0.0212
6  0  25.2 0.02890 0.02891 0.42776   2290       5353.5 0.0209
6  0  25.2 0.02910 0.02910 0.47348   2368       5001.3 0.0205
6  0  25.2 0.02930 0.02930 0.49346   2328       4717.7 0.0207
6  0  25.2 0.02950 0.02949 0.52210   2302       4409.1 0.0208
6  0  25.2 0.02970 0.02969 0.55614   2236       4020.5 0.0211
6  0  25.2 0.02990 0.02988 0.63372   2278       3594.7 0.0210
6  0  25.2 0.03010 0.03008 0.67142   2276       3389.8 0.0210
6  0  25.2 0.03030 0.03027 0.74224   2258       3042.2 0.0210
6  0  25.2 0.03050 0.03047 0.83531   2256       2700.8 0.0211
6  0  25.2 0.03070 0.03066 0.91733   2272       2476.7 0.0210
6  0  25.2 0.03090 0.03086 1.02531   2294       2237.4 0.0209
6  0  25.2 0.03110 0.03105 1.11351   2226       1999.1 0.0212
6  0  25.2 0.03130 0.03135 1.21000   1926       1591.7 0.0228
6  0  25.2 0.03150 0.03154 1.21000   1838       1519.0 0.0233
6  0  25.2 0.03170 0.03174 1.21000   1702       1406.6 0.0242
6  0  25.2 0.03190 0.03193 1.21000   1598       1320.7 0.0250
6  0  25.2 0.03210 0.03213 1.21000   1500       1239.7 0.0258
6  0  25.2 0.03230 0.03232 1.21000   1364       1127.3 0.0271
6  0  25.2 0.03250 0.03252 1.21000   1330       1099.2 0.0274
6  0  25.2 0.03270 0.03271 1.21000   1240       1024.8 0.0284
6  0  25.2 0.03290 0.03291 1.21000   1244       1028.1 0.0284
6  0  25.2 0.03310 0.03311 1.21000   1190        983.5 0.0290
6  0  25.2 0.03330 0.03330 1.21000   1146        947.1 0.0295
6  0  25.2 0.03350 0.03350 1.21000   1082        894.2 0.0304
6  0  25.2 0.03370 0.03369 1.21000   1040        859.5 0.0310
6  0  25.2 0.03390 0.03389 1.21000   1020        843.0 0.0313
6  0  25.2 0.03410 0.03408 1.21000    944        780.2 0.0325
6  0  25.2 0.03430 0.03428 1.21000    930        768.6 0.0328
6  0  25.2 0.03450 0.03447 1.21000    936        773.6 0.0327
6  0  25.3 0.03470 0.03467 1.21000    930        768.6 0.0328
6  0  25.3 0.03490 0.03486 1.21000    896        740.5 0.0334
6  0  25.3 0.03510 0.03506 1.21000    862        712.4 0.0341
6  0  25.3 0.03530 0.03525 1.21000    816        674.4 0.0350
6  0  25.3 0.03550 0.03555 1.21000    786        649.6 0.0357
6  0  25.3 0.03570 0.03574 1.21000    748        618.2 0.0366
6  0  25.3 0.03590 0.03594 1.21000    714        590.1 0.0374
6  0  25.3 0.03610 0.03613 1.21000    694        573.6 0.0380
6  0  25.3 0.03630 0.03633 1.21000    672        555.4 0.0386
6  0  25.3 0.03650 0.03652 1.21000    634        524.0 0.0397
6  0  25.3 0.03670 0.03672 1.21000    614        507.4 0.0404
6  0  25.3 0.03690 0.03691 1.21000    620        512.4 0.0402
6  0  25.3 0.03710 0.03711 1.21000    582        481.0 0.0415
6  0  25.3 0.03730 0.03730 1.21000    548        452.9 0.0427
6  0  25.3 0.03750 0.03750 1.21000    524        433.1 0.0437
6  0  25.3 0.03770 0.03770 1.21000    492        406.6 0.0451
6  0  25.3 0.03790 0.03789 1.21000    492        406.6 0.0451
6  0  25.3 0.03810 0.03809 1.21000    462        381.8 0.0465
6  0  25.3 0.03830 0.03828 1.21000    426        352.1 0.0485
6  0  25.3 0.03850 0.03848 1.21000    408        337.2 0.0495
6  0  25.3 0.03870 0.03867 1.21000    406        335.5 0.0496
6  0  25.3 0.03890 0.03887 1.21000    406        335.5 0.0496
6  0  25.3 0.03910 0.03906 1.21000    364        300.8 0.0524
6  0  25.3 0.03930 0.03926 1.21000    368        304.1 0.0521
6  0  25.3 0.03950 0.03945 1.21000    336        277.7 0.0546
6  0  25.3 0.03970 0.03975 1.21000    312        257.9 0.0566
6  0  25.3 0.03990 0.03994 1.21000    294        243.0 0.0583
6  1  25.3 0.00010 0.00010 1.21000     42         34.7 0.1543
6  1  25.3 0.00030 0.00029 1.21000     68         56.2 0.1213
6  1  25.3 0.00050 0.00049 1.21000     92         76.0 0.1043
6  1  25.3 0.00070 0.00068 1.21000    188        155.4 0.0729
6  1  25.3 0.00090 0.00088 1.21000    486        401.7 0.0454
6  1  25.3 0.00110 0.00107 1.21000   1238       1023.1 0.0284
6  1  25.3 0.00130 0.00127 1.21000   3106       2566.9 0.0179
6  1  25.3 0.00150 0.00146 1.21000   7212       5960.3 0.0118
6  1  25.3 0.00170 0.00166 1.21000  17964      14846.3 0.0075
6  1  25.3 0.00190 0.00186 1.21000  41458      34262.8 0.0049
6  1  25.3 0.00210 0.00215 0.54170  72260     133394.5 0.0037
6  1  25.3 0.00230 0.00234 0.26735  71852     268761.1 0.0037
6  1  25.3 0.00250 0.00254 0.14686  75660     515186.7 0.0036
6  1  25.3 0.00270 0.00273 0.08067  73098     906096.7 0.0037
6  1  25.3 0.00290 0.00293 0.04987  72448    1452628.9 0.0037
6  1  25.3 0.00310 0.00313 0.03362  71352    2122255.1 0.0037
6  1  25.3 0.00330 0.00332 0.02596  72208    2781530.2 0.0037
6  1  25.3 0.00350 0.00352 0.02171  71690    3302385.0 0.0037
6  1  25.3 0.00370 0.00371 0.01936  72230    3730413.0 0.0037
6  1  25.3 0.00390 0.00391 0.01936  77636    4009612.9 0.0036
6  1  25.3 0.00410 0.00410 0.01714  72390    4222938.8 0.0037
6  1  25.3 0.00430 0.00430 0.01714  74480    4344861.0 0.0037
6  1  25.3 0.00450 0.00449 0.01714  75950    4430614.8 0.0036
6  1  25.3 0.00470 0.00469 0.01714  76942    4488484.0 0.0036
6  1  25.3 0.00490 0.00488 0.01714  77612    4527569.1 0.0036
6  1  25.3 0.00510 0.00508 0.01714  78036    4552303.6 0.0036
6  1  25.3 0.00530 0.00527 0.01714  78348    4570504.4 0.0036
6  1  25.3 0.00550 0.00547 0.01714  78548    4582171.6 0.0036
6  1  25.3 0.00570 0.00566 0.01714  78600    4585205.0 0.0036
6  1  25.3 0.00590 0.00586 0.01714  78612    4585905.1 0.0036
6  1  25.3 0.00610 0.00605 0.01714  78476    4577971.4 0.0036
6  1  25.3 0.00630 0.00635 0.01714  78104    4556270.4 0.0036
6  1  25.3 0.00650 0.00654 0.01714  77646    4529552.6 0.0036
6  1  25.3 0.00670 0.00674 0.01714  76958    4489417.4 0.0036
6  1  25.3 0.00690 0.00693 0.01714  75900    4427698.0 0.0036
6  1  25.3 0.00710 0.00713 0.01714  74226    4330043.6 0.0037
6  1  25.3 0.00730 0.00732 0.01714  71772    4186887.2 0.0037
6  1  25.3 0.00750 0.00752 0.01714  68298    3984228.2 0.0038
6  1  25.3 0.00770 0.00771 0.01714  63210    3687414.9 0.0040
6  1  25.3 0.00790 0.00791 0.01714  56254    3281630.1 0.0042
6  1  25.3 0.00810 0.00811 0.01714  48480    2828126.5 0.0045
6  1  25.3 0.00830 0.00830 0.01714  40878    2384656.6 0.0049
6  1  25.3 0.00850 0.00850 0.01714  34114    1990072.3 0.0054
6  1  25.3 0.00870 0.00869 0.01714  29662    1730360.7 0.0058
6  1  25.3 0.00890 0.00889 0.01714  26820    1564570.0 0.0061
6  1  25.3 0.00910 0.00908 0.01714  25246    1472749.2 0.0063
6  1  25.3 0.00930 0.00928 0.01714  24220    1412896.5 0.0064
6  1  25.3 0.00950 0.00947 0.01714  23808    1388862.1 0.0065
6  1  25.3 0.00970 0.00967 0.01714  23864    1392128.9 0.0065
6  1  25.3 0.00990 0.00986 0.01714  23636    1378828.3 0.0065
6  1  25.3 0.01010 0.01006 0.01714  23678    1381278.4 0.0065
6  1  25.3 0.01030 0.01025 0.01714  23710    1383145.2 0.0065
6  1  25.3 0.01050 0.01055 0.01714  23682    1381511.8 0.0065
6  1  25.3 0.01070 0.01074 0.01714  23424    1366461.1 0.0065
6  1  25.3 0.01090 0.01094 0.01714  23610    1377311.6 0.0065
6  1  25.3 0.01110 0.01113 0.01714  23682    1381511.8 0.0065
6  1  25.3 0.01130 0.01133 0.01714  23664    1380461.7 0.0065
6  1  25.3 0.01150 0.01152 0.01714  23500    1370894.6 0.0065
6  1  25.3 0.01170 0.01172 0.01714  23596    1376494.9 0.0065
6  1  25.3 0.01190 0.01191 0.01714  23472    1369261.2 0.0065
6  1  25.3 0.01210 0.01211 0.01714  23562    1374511.5 0.0065
6  1  25.3 0.01230 0.01230 0.01714  23452    1368094.5 0.0065
6  1  25.3 0.01250 0.01250 0.01714  23522    1372178.0 0.0065
6  1  25.3 0.01270 0.01270 0.01714  23306    1359577.5 0.0066
6  1  25.3 0.01290 0.01289 0.01714  23482    1369844.6 0.0065
6  1  25.3 0.01310 0.01309 0.01714  23238    1355610.6 0.0066
6  1  25.3 0.01330 0.01328 0.01714  23202    1353510.5 0.0066
6  1  25.3 0.01350 0.01348 0.01714  22704    1324459.2 0.0066
6  1  25.3 0.01370 0.01367 0.01714  22198    1294941.2 0.0067
6  1  25.3 0.01390 0.01387 0.01714  21844    1274290.3 0.0068
6  1  25.3 0.01410 0.01406 0.01714  20640    1204053.8 0.0070
6  1  25.3 0.01430 0.01426 0.01714  19552    1140584.3 0.0072
6  1  25.3 0.01450 0.01445 0.01714  18054    1053197.1 0.0074
6  1  25.3 0.01470 0.01475 0.01714  15686     915057.6 0.0080
6  1  25.3 0.01490 0.01494 0.01714  13746     801885.9 0.0085
6  1  25.3 0.01510 0.01514 0.01714  12194     711348.5 0.0091
6  1  25.3 0.01530 0.01533 0.01714  10382     605643.7 0.0098
6  1  25.3 0.01550 0.01553 0.01714   8822     514639.7 0.0106
6  1  25.3 0.01570 0.01572 0.01714   7878     459570.6 0.0113
6  1  25.3 0.01590 0.01592 0.01714   6724     392250.9 0.0122
6  1  25.3 0.01610 0.01611 0.01714   6188     360982.8 0.0127
6  1  25.3 0.01630 0.01631 0.01714   5498     320731.0 0.0135
6  1  25.3 0.01650 0.01650 0.01714   5198     303230.2 0.0139
6  1  25.3 0.01670 0.01670 0.01714   4888     285146.1 0.0143
6  1  25.3 0.01690 0.01689 0.01714   4634     270328.8 0.0147
6  1  25.3 0.01710 0.01709 0.01714   4604     268578.7 0.0147
6  1  25.3 0.01730 0.01729 0.01714   4268     248977.8 0.0153
6  1  25.3 0.01750 0.01748 0.01714   4304     251077.9 0.0152
6  1  25.3 0.01770 0.01768 0.01714   4290     250261.2 0.0153
6  1  25.3 0.01790 0.01787 0.01714   4098     239060.7 0.0156
6  1  25.3 0.01810 0.01807 0.01714   4044     235910.5 0.0157
6  1  25.3 0.01830 0.01826 0.01714   3988     232643.7 0.0158
6  1  25.3 0.01850 0.01846 0.01714   3842     224126.7 0.0161
6  1  25.3 0.01870 0.01865 0.01714   3802     221793.3 0.0162
6  1  25.3 0.01890 0.01895 0.01714   3764     219576.5 0.0163
6  1  25.3 0.01910 0.01914 0.01714   3576     208609.3 0.0167
6  1  25.3 0.01930 0.01934 0.01714   3474     202659.1 0.0170
6  1  25.3 0.01950 0.01953 0.01714   3396     198108.9 0.0172
6  1  25.3 0.01970 0.01973 0.01714   3236     188775.1 0.0176
6  1  25.3 0.01990 0.01992 0.01714   3256     189941.8 0.0175
6  1  25.3 0.02010 0.02012 0.01714   3066     178858.0 0.0181
6  1  25.3 0.02030 0.02031 0.01714   2960     172674.4 0.0184
6  1  25.3 0.02050 0.02051 0.01714   2866     167190.8 0.0187
6  1  25.3 0.02070 0.02070 0.01714   2796     163107.3 0.0189
6  1  25.3 0.02090 0.02090 0.01714   2596     151440.1 0.0196
6  1  25.3 0.02110 0.02109 0.01714   2500     145839.9 0.0200
6  1  25.3 0.02130 0.02129 0.01714   2354     137322.8 0.0206
6  1  25.3 0.02150 0.02148 0.01714   2370     138256.2 0.0205
6  1  25.3 0.02170 0.02168 0.01797   2262     125898.5 0.0210
6  1  25.3 0.02190 0.02188 0.01928   2352     121987.7 0.0206
6  1  25.3 0.02210 0.02207 0.01969   2272     115398.9 0.0210
6  1  25.3 0.02230 0.02227 0.01969   2308     117227.4 0.0208
6  1  25.3 0.02250 0.02246 0.02237   2370     105966.0 0.0205
6  1  25.3 0.02270 0.02266 0.02288   2234      97637.6 0.0212
6  1  25.3 0.02290 0.02285 0.02552   2274      89098.4 0.0210
6  1  25.3 0.02310 0.02314 0.03087   2242      72630.4 0.0211
6  1  25.3 0.02330 0.02334 0.03121   2292      73448.2 0.0209
6  1  25.3 0.02350 0.02354 0.03716   2288      61573.0 0.0209
6  1  25.3 0.02370 0.02373 0.04131   2288      55380.7 0.0209
6  1  25.3 0.02390 0.02393 0.04563   2286      50102.8 0.0209
6  1  25.3 0.02410 0.02412 0.05074   2264      44618.4 0.0210
6  1  25.3 0.02430 0.02432 0.05712   2344      41039.1 0.0207
6  1  25.3 0.02450 0.02451 0.06035   2252      37316.3 0.0211
6  1  25.3 0.02470 0.02471 0.06625   2274      34323.1 0.0210
6  1  25.3 0.02490 0.02490 0.06854   2240      32683.9 0.0211
6  1  25.3 0.02510 0.02510 0.07981   2360      29568.7 0.0206
6  1  25.4 0.02530 0.02529 0.08098   2392      29538.1 0.0204
6  1  25.4 0.02550 0.02549 0.08398   2264      26958.1 0.0210
6  1  25.4 0.02570 0.02568 0.08671   2298      26500.9 0.0209
6  1  25.4 0.02590 0.02588 0.09237   2378      25743.3 0.0205
6  1  25.4 0.02610 0.02607 0.09237   2230      24141.1 0.0212
6  1  25.4 0.02630 0.02627 0.09704   2306      23763.6 0.0208
6  1  25.4 0.02650 0.02646 0.10038   2322      23131.6 0.0208
6  1  25.4 0.02670 0.02666 0.10621   2320      21842.7 0.0208
6  1  25.4 0.02690 0.02686 0.10621   2236      21051.8 0.0211
6  1  25.4 0.02710 0.02715 0.11535   2300      19939.2 0.0209
6  1  25.4 0.02730 0.02734 0.11779   2302      19543.4 0.0208
6  1  25.4 0.02750 0.02754 0.12571   2294      18247.8 0.0209
6  1  25.4 0.02770 0.02773 0.12571   2230      17738.7 0.0212
6  1  25.4 0.02790 0.02793 0.13327   2234      16762.7 0.0212
6  1  25.4 0.02810 0.02813 0.13761   2250      16350.9 0.0211
6  1  25.4 0.02830 0.02832 0.14508   2292      15797.7 0.0209
6  1  25.4 0.02850 0.02852 0.15017   2302      15329.0 0.0208
6  1  25.4 0.02870 0.02871 0.16115   2318      14384.2 0.0208
6  1  25.4 0.02890 0.02891 0.16513   2222      13455.7 0.0212
6  1  25.4 0.02910 0.02910 0.16755   2258      13476.7 0.0210
6  1  25.4 0.02930 0.02930 0.17364   2232      12853.9 0.0212
6  1  25.4 0.02950 0.02949 0.19139   2230      11651.8 0.0212
6  1  25.4 0.02970 0.02969 0.19885   2336      11747.6 0.0207
6  1  25.4 0.02990 0.02988 0.20910   2234      10683.7 0.0212
6  1  25.4 0.03010 0.03008 0.22291   2330      10452.8 0.0207
6  1  25.4 0.03030 0.03027 0.22888   2254       9847.9 0.0211
6  1  25.4 0.03050 0.03047 0.24043   2222       9241.8 0.0212
6  1  25.4 0.03070 0.03066 0.26076   2230       8551.9 0.0212
6  1  25.4 0.03090 0.03086 0.28719   2422       8433.6 0.0203
6  1  25.4 0.03110 0.03105 0.29569   2256       7629.7 0.0211
6  1  25.4 0.03130 0.03135 0.32785   2290       6984.8 0.0209
6  1  25.4 0.03150 0.03154 0.34789   2316       6657.2 0.0208
6  1  25.4 0.03170 0.03174 0.38382   2280       5940.2 0.0209
6  1  25.4 0.03190 0.03193 0.40924   2236       5463.8 0.0211
6  1  25.4 0.03210 0.03213 0.43137   2226       5160.3 0.0212
6  1  25.4 0.03230 0.03232 0.49942   2280       4565.3 0.0209
6  1  25.4 0.03250 0.03252 0.52643   2260       4293.0 0.0210
6  1  25.4 0.03270 0.03271 0.58545   2278       3891.0 0.0210
6  1  25.4 0.03290 0.03291 0.62723   2326       3708.4 0.0207
6  1  25.4 0.03310 0.03311 0.62723   2230       3555.3 0.0212
6  1  25.4 0.03330 0.03330 0.71326   2242       3143.3 0.0211
6  1  25.4 0.03350 0.03350 0.77809   2284       2935.4 0.0209
6  1  25.4 0.03370 0.03369 0.81630   2248       2753.9 0.0211
6  1  25.4 0.03390 0.03389 0.81630   2232       2734.3 0.0212
6  1  25.4 0.03410 0.03408 0.88393   2266       2563.6 0.0210
6  1  25.4 0.03430 0.03428 0.93975   2320       2468.7 0.0208
6  1  25.4 0.03450 0.03447 0.93975   2238       2381.5 0.0211
6  1  25.4 0.03470 0.03467 1.01924   2252       2209.5 0.0211
6  1  25.4 0.03490 0.03486 1.05435   2238       2122.6 0.0211
6  1  25.4 0.03510 0.03506 1.11560   2256       2022.2 0.0211
6  1  25.4 0.03530 0.03525 1.12370   2250       2002.3 0.0211
6  1  25.4 0.03550 0.03555 1.20169   2272       1890.7 0.0210
6  1  25.4 0.03570 0.03574 1.21000   2114       1747.1 0.0217
6  1  25.4 0.03590 0.03594 1.21000   2062       1704.1 0.0220
6  1  25.4 0.03610 0.03613 1.21000   1904       1573.6 0.0229
6  1  25.4 0.03630 0.03633 1.21000   1940       1603.3 0.0227
6  1  25.4 0.03650 0.03652 1.21000   1918       1585.1 0.0228
6  1  25.4 0.03670 0.03672 1.21000   1742       1439.7 0.0240
6  1  25.4 0.03690 0.03691 1.21000   1732       1431.4 0.0240
6  1  25.4 0.03710 0.03711 1.21000   1604       1325.6 0.0250
6  1  25.4 0.03730 0.03730 1.21000   1530       1264.5 0.0256
6  1  25.4 0.03750 0.03750 1.21000   1496       1236.4 0.0259
6  1  25.4 0.03770 0.03770 1.21000   1430       1181.8 0.0264
6  1  25.4 0.03790 0.03789 1.21000   1368       1130.6 0.0270
6  1  25.4 0.03810 0.03809 1.21000   1286       1062.8 0.0279
6  1  25.4 0.03830 0.03828 1.21000   1254       1036.4 0.0282
6  1  25.4 0.03850 0.03848 1.21000   1212       1001.7 0.0287
6  1  25.4 0.03870 0.03867 1.21000   1182        976.9 0.0291
6  1  25.4 0.03890 0.03887 1.21000   1072        886.0 0.0305
6  1  25.4 0.03910 0.03906 1.21000   1028        849.6 0.0312
6  1  25.4 0.03930 0.03926 1.21000   1020        843.0 0.0313
6  1  25.4 0.03950 0.03945 1.21000    958        791.7 0.0323
6  1  25.4 0.03970 0.03975 1.21000    838        692.6 0.0345
6  1  25.4 0.03990 0.03994 1.21000    812        671.1 0.0351
6  2  25.4 0.00010 0.00010 1.21000     62         51.2 0.1270
6  2  25.4 0.00030 0.00029 1.21000     80         66.1 0.1118
6  2  25.4 0.00050 0.00049 1.21000    112         92.6 0.0945
6  2  25.4 0.00070 0.00068 1.21000    224        185.1 0.0668
6  2  25.4 0.00090 0.00088 1.21000    522        431.4 0.0438
6  2  25.4 0.00110 0.00107 1.21000   1208        998.3 0.0288
6  2  25.4 0.00130 0.00127 1.21000   2938       2428.1 0.0184
6  2  25.4 0.00150 0.00146 1.21000   7142       5902.5 0.0118
6  2  25.4 0.00170 0.00166 1.21000  17292      14290.9 0.0076
6  2  25.4 0.00190 0.00186 1.21000  40262      33274.4 0.0050
6  2  25.5 0.00210 0.00215 0.55527  72012     129688.5 0.0037
6  2  25.5 0.00230 0.00234 0.27279  73040     267753.1 0.0037
6  2  25.5 0.00250 0.00254 0.14985  77632     518066.3 0.0036
6  2  25.5 0.00270 0.00273 0.08753  75634     864088.8 0.0036
6  2  25.5 0.00290 0.00293 0.04948  71638    1447836.2 0.0037
6  2  25.5 0.00310 0.00313 0.03359  71848    2139035.4 0.0037
6  2  25.5 0.00330 0.00332 0.02579  71474    2771058.8 0.0037
6  2  25.5 0.00350 0.00352 0.02176  72084    3312894.2 0.0037
6  2  25.5 0.00370 0.00371 0.01921  71640    3729566.3 0.0037
6  2  25.5 0.00390 0.00391 0.01921  77214    4019747.8 0.0036
6  2  25.5 0.00410 0.00410 0.01709  71928    4209301.0 0.0037
6  2  25.5 0.00430 0.00430 0.01709  73974    4329035.0 0.0037
6  2  25.5 0.00450 0.00449 0.01709  75414    4413305.3 0.0036
6  2  25.5 0.00470 0.00469 0.01709  76424    4472411.5 0.0036
6  2  25.5 0.00490 0.00488 0.01709  77060    4509630.9 0.0036
6  2  25.5 0.00510 0.00508 0.01709  77474    4533858.6 0.0036
6  2  25.5 0.00530 0.00527 0.01709  77746    4549776.4 0.0036
6  2  25.5 0.00550 0.00547 0.01709  77924    4560193.1 0.0036
6  2  25.5 0.00570 0.00566 0.01709  78000    4564640.7 0.0036
6  2  25.5 0.00590 0.00586 0.01709  77984    4563704.4 0.0036
6  2  25.5 0.00610 0.00605 0.01709  77862    4556564.8 0.0036
6  2  25.5 0.00630 0.00635 0.01709  77470    4533624.5 0.0036
6  2  25.5 0.00650 0.00654 0.01709  77004    4506353.7 0.0036
6  2  25.5 0.00670 0.00674 0.01709  76282    4464101.6 0.0036
6  2  25.5 0.00690 0.00693 0.01709  75190    4400196.6 0.0036
6  2  25.5 0.00710 0.00713 0.01709  73554    4304456.2 0.0037
6  2  25.5 0.00730 0.00732 0.01709  71158    4164239.8 0.0037
6  2  25.5 0.00750 0.00752 0.01709  67590    3955436.7 0.0038
6  2  25.5 0.00770 0.00771 0.01709  62406    3652063.7 0.0040
6  2  25.5 0.00790 0.00791 0.01709  55136    3226615.8 0.0043
6  2  25.5 0.00810 0.00811 0.01709  46598    2726963.2 0.0046
6  2  25.5 0.00830 0.00830 0.01709  38622    2260199.4 0.0051
6  2  25.5 0.00850 0.00850 0.01709  31664    1853010.0 0.0056
6  2  25.5 0.00870 0.00869 0.01709  26612    1557361.8 0.0061
6  2  25.5 0.00890 0.00889 0.01709  23360    1367051.4 0.0065
6  2  25.5 0.00910 0.00908 0.01709  21782    1274705.2 0.0068
6  2  25.5 0.00930 0.00928 0.01709  21076    1233389.3 0.0069
6  2  25.5 0.00950 0.00947 0.01709  20356    1191254.2 0.0070
6  2  25.5 0.00970 0.00967 0.01709  20414    1194648.4 0.0070
6  2  25.5 0.00990 0.00986 0.01709  20418    1194882.5 0.0070
6  2  25.5 0.01010 0.01006 0.01709  20190    1181539.7 0.0070
6  2  25.5 0.01030 0.01025 0.01709  20338    1190200.8 0.0070
6  2  25.5 0.01050 0.01055 0.01709  20080    1175102.4 0.0071
6  2  25.5 0.01070 0.01074 0.01709  20214    1182944.2 0.0070
6  2  25.5 0.01090 0.01094 0.01709  20020    1171591.1 0.0071
6  2  25.5 0.01110 0.01113 0.01709  19932    1166441.3 0.0071
6  2  25.5 0.01130 0.01133 0.01709  20098    1176155.8 0.0071
6  2  25.5 0.01150 0.01152 0.01709  20130    1178028.4 0.0070
6  2  25.5 0.01170 0.01172 0.01709  20164    1180018.1 0.0070
6  2  25.5 0.01190 0.01191 0.01709  20126    1177794.3 0.0070
6  2  25.5 0.01210 0.01211 0.01709  19988    1169718.4 0.0071
6  2  25.5 0.01230 0.01230 0.01709  20012    1171122.9 0.0071
6  2  25.5 0.01250 0.01250 0.01709  19784    1157780.1 0.0071
6  2  25.5 0.01270 0.01270 0.01709  19806    1159067.6 0.0071
6  2  25.5 0.01290 0.01289 0.01709  19338    1131679.8 0.0072
6  2  25.5 0.01310 0.01309 0.01709  18740    1096684.2 0.0073
6  2  25.5 0.01330 0.01328 0.01709  18046    1056070.6 0.0074
6  2  25.5 0.01350 0.01348 0.01709  17076     999305.2 0.0077
6  2  25.5 0.01370 0.01367 0.01709  15952     933527.5 0.0079
6  2  25.5 0.01390 0.01387 0.01709  14274     835329.2 0.0084
6  2  25.5 0.01410 0.01406 0.01709  12414     726480.1 0.0090
6  2  25.5 0.01430 0.01426 0.01709  10882     636825.9 0.0096
6  2  25.5 0.01450 0.01445 0.01709   9368     548225.1 0.0103
6  2  25.5 0.01470 0.01475 0.01709   7096     415265.3 0.0119
6  2  25.5 0.01490 0.01494 0.01709   5944     347849.0 0.0130
6  2  25.5 0.01510 0.01514 0.01709   4988     291902.9 0.0142
6  2  25.5 0.01530 0.01533 0.01709   4162     243564.5 0.0155
6  2  25.5 0.01550 0.01553 0.01709   3476     203419.1 0.0170
6  2  25.5 0.01570 0.01572 0.01709   3168     185394.6 0.0178
6  2  25.5 0.01590 0.01592 0.01709   2856     167136.1 0.0187
6  2  25.5 0.01610 0.01611 0.01709   2818     164912.3 0.0188
6  2  25.5 0.01630 0.01631 0.01709   2652     155197.8 0.0194
6  2  25.5 0.01650 0.01650 0.01709   2502     146419.6 0.0200
6  2  25.5 0.01670 0.01670 0.01709   2416     141386.8 0.0203
6  2  25.5 0.01690 0.01689 0.01709   2384     139514.1 0.0205
6  2  25.5 0.01710 0.01709 0.01709   2350     137524.4 0.0206
6  2  25.5 0.01730 0.01729 0.01709   2342     137056.3 0.0207
6  2  25.5 0.01750 0.01748 0.01709   2246     131438.2 0.0211
6  2  25.5 0.01770 0.01768 0.01709   2300     134598.4 0.0209
6  2  25.5 0.01790 0.01787 0.01779   2226     125108.7 0.0212
6  2  25.5 0.01810 0.01807 0.01779   2278     128031.3 0.0210
6  2  25.5 0.01830 0.01826 0.01839   2232     121381.1 0.0212
6  2  25.5 0.01850 0.01846 0.01864   2264     121459.0 0.0210
6  2  25.5 0.01870 0.01865 0.01974   2282     115592.7 0.0209
6  2  25.5 0.01890 0.01895 0.02029   2266     111682.8 0.0210
6  2  25.5 0.01910 0.01914 0.02076   2268     109266.0 0.0210
6  2  25.5 0.01930 0.01934 0.02078   2288     110130.4 0.0209
6  2  25.5 0.01950 0.01953 0.02231   2322     104072.3 0.0208
6  2  25.5 0.01970 0.01973 0.02313   2266      97956.0 0.0210
6  2  25.5 0.01990 0.01992 0.02313   2234      96572.6 0.0212
6  2  25.5 0.02010 0.02012 0.02452   2324      94766.4 0.0207
6  2  25.5 0.02030 0.02031 0.02594   2280      87884.7 0.0209
6  2  25.5 0.02050 0.02051 0.02666   2242      84086.4 0.0211
6  2  25.5 0.02070 0.02070 0.02890   2292      79307.5 0.0209
6  2  25.5 0.02090 0.02090 0.03154   2352      74571.1 0.0206
6  2  25.5 0.02110 0.02109 0.03363   2306      68565.4 0.0208
6  2  25.5 0.02130 0.02129 0.03593   2344      65244.9 0.0207
6  2  25.5 0.02150 0.02148 0.03981   2266      56917.2 0.0210
6  2  25.5 0.02170 0.02168 0.04439   2256      50820.9 0.0211
6  2  25.5 0.02190 0.02188 0.04997   2286      45746.3 0.0209
6  2  25.5 0.02210 0.02207 0.05628   2272      40371.0 0.0210
6  2  25.5 0.02230 0.02227 0.06386   2224      34827.7 0.0212
6  2  25.5 0.02250 0.02246 0.07406   2234      30166.5 0.0212
6  2  25.5 0.02270 0.02266 0.08738   2266      25933.1 0.0210
6  2  25.5 0.02290 0.02285 0.09987   2244      22468.3 0.0211
6  2  25.5 0.02310 0.02314 0.12035   2296      19078.1 0.0209
6  2  25.5 0.02330 0.02334 0.13173   2226      16898.2 0.0212
6  2  25.5 0.02350 0.02354 0.14980   2276      15193.9 0.0210
6  2  25.5 0.02370 0.02373 0.15778   2236      14171.7 0.0211
6  2  25.5 0.02390 0.02393 0.17085   2274      13309.8 0.0210
6  2  25.5 0.02410 0.02412 0.17972   2308      12842.3 0.0208
6  2  25.5 0.02430 0.02432 0.19125   2268      11858.7 0.0210
6  2  25.5 0.02450 0.02451 0.19494   2278      11685.8 0.0210
6  2  25.5 0.02470 0.02471 0.20496   2264      11045.9 0.0210
6  2  25.5 0.02490 0.02490 0.21123   2278      10784.6 0.0210
6  2  25.5 0.02510 0.02510 0.21123   2292      10850.9 0.0209
6  2  25.5 0.02530 0.02529 0.21749   2268      10428.0 0.0210
6  2  25.5 0.02550 0.02549 0.22667   2230       9838.0 0.0212
6  2  25.5 0.02570 0.02568 0.23275   2222       9546.8 0.0212
6  2  25.5 0.02590 0.02588 0.24722   2272       9190.3 0.0210
6  2  25.5 0.02610 0.02607 0.24901   2310       9276.8 0.0208
6  2  25.5 0.02630 0.02627 0.26015   2266       8710.3 0.0210
6  2  25.5 0.02650 0.02646 0.26713   2268       8490.4 0.0210
6  2  25.5 0.02670 0.02666 0.28684   2266       7900.0 0.0210
6  2  25.5 0.02690 0.02686 0.28684   2228       7767.5 0.0212
6  2  25.5 0.02710 0.02715 0.31504   2326       7383.1 0.0207
6  2  25.5 0.02730 0.02734 0.32650   2318       7099.4 0.0208
6  2  25.5 0.02750 0.02754 0.33650   2230       6627.1 0.0212
6  2  25.5 0.02770 0.02773 0.35320   2280       6455.3 0.0209
6  2  25.5 0.02790 0.02793 0.36100   2254       6243.8 0.0211
6  2  25.5 0.02810 0.02813 0.38124   2290       6006.6 0.0209
6  2  25.5 0.02830 0.02832 0.41083   2238       5447.6 0.0211
6  2  25.5 0.02850 0.02852 0.45484   2438       5360.1 0.0203
6  2  25.5 0.02870 0.02871 0.45484   2320       5100.7 0.0208
6  2  25.5 0.02890 0.02891 0.50231   2226       4431.5 0.0212
6  2  25.5 0.02910 0.02910 0.51388   2262       4401.8 0.0210
6  2  25.5 0.02930 0.02930 0.57494   2352       4090.8 0.0206
6  2  25.5 0.02950 0.02949 0.64197   2304       3588.9 0.0208
6  2  25.6 0.02970 0.02969 0.68712   2234       3251.3 0.0212
6  2  25.6 0.02990 0.02988 0.79255   2226       2808.6 0.0212
6  2  25.6 0.03010 0.03008 0.85207   2226       2612.5 0.0212
6  2  25.6 0.03030 0.03027 0.97127   2310       2378.3 0.0208
6  2  25.6 0.03050 0.03047 1.06040   2320       2187.9 0.0208
6  2  25.6 0.03070 0.03066 1.17770   2282       1937.7 0.0209
6  2  25.6 0.03090 0.03086 1.21000   2002       1654.5 0.0223
6  2  25.6 0.03110 0.03105 1.21000   1828       1510.7 0.0234
6  2  25.6 0.03130 0.03135 1.21000   1604       1325.6 0.0250
6  2  25.6 0.03150 0.03154 1.21000   1470       1214.9 0.0261
6  2  25.6 0.03170 0.03174 1.21000   1452       1200.0 0.0262
6  2  25.6 0.03190 0.03193 1.21000   1370       1132.2 0.0270
6  2  25.6 0.03210 0.03213 1.21000   1328       1097.5 0.0274
6  2  25.6 0.03230 0.03232 1.21000   1208        998.3 0.0288
6  2  25.6 0.03250 0.03252 1.21000   1184        978.5 0.0291
6  2  25.6 0.03270 0.03271 1.21000   1166        963.6 0.0293
6  2  25.6 0.03290 0.03291 1.21000   1096        905.8 0.0302
6  2  25.6 0.03310 0.03311 1.21000   1056        872.7 0.0308
6  2  25.6 0.03330 0.03330 1.21000   1038        857.9 0.0310
6  2  25.6 0.03350 0.03350 1.21000    996        823.1 0.0317
6  2  25.6 0.03370 0.03369 1.21000    948        783.5 0.0325
6  2  25.6 0.03390 0.03389 1.21000    940        776.9 0.0326
6  2  25.6 0.03410 0.03408 1.21000    866        715.7 0.0340
6  2  25.6 0.03430 0.03428 1.21000    924        763.6 0.0329
6  2  25.6 0.03450 0.03447 1.21000    894        738.8 0.0334
6  2  25.6 0.03470 0.03467 1.21000    822        679.3 0.0349
6  2  25.6 0.03490 0.03486 1.21000    798        659.5 0.0354
6  2  25.6 0.03510 0.03506 1.21000    794        656.2 0.0355
6  2  25.6 0.03530 0.03525 1.21000    772        638.0 0.0360
6  2  25.6 0.03550 0.03555 1.21000    688        568.6 0.0381
6  2  25.6 0.03570 0.03574 1.21000    624        515.7 0.0400
6  2  25.6 0.03590 0.03594 1.21000    636        525.6 0.0397
6  2  25.6 0.03610 0.03613 1.21000    666        550.4 0.0387
6  2  25.6 0.03630 0.03633 1.21000    654        540.5 0.0391
6  2  25.6 0.03650 0.03652 1.21000    604        499.2 0.0407
6  2  25.6 0.03670 0.03672 1.21000    604        499.2 0.0407
6  2  25.6 0.03690 0.03691 1.21000    536        443.0 0.0432
6  2  25.6 0.03710 0.03711 1.21000    556        459.5 0.0424
6  2  25.6 0.03730 0.03730 1.21000    490        405.0 0.0452
6  2  25.6 0.03750 0.03750 1.21000    436        360.3 0.0479
6  2  25.6 0.03770 0.03770 1.21000    456        376.9 0.0468
6  2  25.6 0.03790 0.03789 1.21000    466        385.1 0.0463
6  2  25.6 0.03810 0.03809 1.21000    444        366.9 0.0475
6  2  25.6 0.03830 0.03828 1.21000    402        332.2 0.0499
6  2  25.6 0.03850 0.03848 1.21000    392        324.0 0.0505
6  2  25.6 0.03870 0.03867 1.21000    362        299.2 0.0526
6  2  25.6 0.03890 0.03887 1.21000    360        297.5 0.0527
6  2  25.6 0.03910 0.03906 1.21000    324        267.8 0.0556
6  2  25.6 0.03930 0.03926 1.21000    344        284.3 0.0539
6  2  25.6 0.03950 0.03945 1.21000    302        249.6 0.0575
6  2  25.6 0.03970 0.03975 1.21000    324        267.8 0.0556
6  2  25.6 0.03990 0.03994 1.21000    302        249.6 0.0575
6  3  25.6 0.00010 0.00010 1.21000     46         38.0 0.1474
6  3  25.6 0.00030 0.00029 1.21000     64         52.9 0.1250
6  3  25.6 0.00050 0.00049 1.21000    102         84.3 0.0990
6  3  25.6 0.00070 0.00068 1.21000    172        142.1 0.0762
6  3  25.6 0.00090 0.00088 1.21000    430        355.4 0.0482
6  3  25.6 0.00110 0.00107 1.21000   1080        892.6 0.0304
6  3  25.6 0.00130 0.00127 1.21000   2698       2229.8 0.0193
6  3  25.6 0.00150 0.00146 1.21000   6662       5505.8 0.0123
6  3  25.6 0.00170 0.00166 1.21000  16384      13540.5 0.0078
6  3  25.6 0.00190 0.00186 1.21000  37894      31317.4 0.0051
6  3  25.6 0.00210 0.00215 0.58899  72846     123679.8 0.0037
6  3  25.6 0.00230 0.00234 0.28490  71866     252247.9 0.0037
6  3  25.7 0.00250 0.00254 0.15650  76196     486863.4 0.0036
6  3  25.7 0.00270 0.00273 0.08597  73272     852283.0 0.0037
6  3  25.7 0.00290 0.00293 0.05158  71396    1384079.9 0.0037
6  3  25.7 0.00310 0.00313 0.03473  72480    2087189.5 0.0037
6  3  25.7 0.00330 0.00332 0.02622  72146    2751858.8 0.0037
6  3  25.7 0.00350 0.00352 0.02183  71902    3294261.9 0.0037
6  3  25.7 0.00370 0.00371 0.01938  71680    3698433.5 0.0037
6  3  25.7 0.00390 0.00391 0.01938  77672    4007599.5 0.0036
6  3  25.7 0.00410 0.00410 0.01719  72488    4217612.6 0.0037
6  3  25.7 0.00430 0.00430 0.01719  74670    4344569.2 0.0037
6  3  25.7 0.00450 0.00449 0.01719  76128    4429400.8 0.0036
6  3  25.7 0.00470 0.00469 0.01719  77138    4488166.3 0.0036
6  3  25.7 0.00490 0.00488 0.01719  77826    4528196.6 0.0036
6  3  25.7 0.00510 0.00508 0.01719  78258    4553331.9 0.0036
6  3  25.7 0.00530 0.00527 0.01719  78542    4569856.1 0.0036
6  3  25.7 0.00550 0.00547 0.01719  78716    4579980.0 0.0036
6  3  25.7 0.00570 0.00566 0.01719  78790    4584285.6 0.0036
6  3  25.7 0.00590 0.00586 0.01719  78774    4583354.6 0.0036
6  3  25.7 0.00610 0.00605 0.01719  78658    4576605.3 0.0036
6  3  25.7 0.00630 0.00635 0.01719  78262    4553564.6 0.0036
6  3  25.7 0.00650 0.00654 0.01719  77778    4525403.8 0.0036
6  3  25.7 0.00670 0.00674 0.01719  77080    4484791.6 0.0036
6  3  25.7 0.00690 0.00693 0.01719  76022    4423233.4 0.0036
6  3  25.7 0.00710 0.00713 0.01719  74426    4330372.4 0.0037
6  3  25.7 0.00730 0.00732 0.01719  71972    4187589.8 0.0037
6  3  25.7 0.00750 0.00752 0.01719  68418    3980805.3 0.0038
6  3  25.7 0.00770 0.00771 0.01719  63064    3669290.3 0.0040
6  3  25.7 0.00790 0.00791 0.01719  55734    3242804.6 0.0042
6  3  25.7 0.00810 0.00811 0.01719  47152    2743473.0 0.0046
6  3  25.7 0.00830 0.00830 0.01719  39358    2289990.0 0.0050
6  3  25.7 0.00850 0.00850 0.01719  31630    1840347.2 0.0056
6  3  25.7 0.00870 0.00869 0.01719  25718    1496365.7 0.0062
6  3  25.7 0.00890 0.00889 0.01719  21910    1274802.6 0.0068
6  3  25.7 0.00910 0.00908 0.01719  19882    1156806.3 0.0071
6  3  25.7 0.00930 0.00928 0.01719  18664    1085938.6 0.0073
6  3  25.7 0.00950 0.00947 0.01719  18184    1058010.5 0.0074
6  3  25.7 0.00970 0.00967 0.01719  17752    1032875.2 0.0075
6  3  25.7 0.00990 0.00986 0.01719  17634    1026009.5 0.0075
6  3  25.7 0.01010 0.01006 0.01719  17592    1023565.8 0.0075
6  3  25.7 0.01030 0.01025 0.01719  17624    1025427.7 0.0075
6  3  25.7 0.01050 0.01055 0.01719  17594    1023682.2 0.0075
6  3  25.7 0.01070 0.01074 0.01719  17320    1007739.9 0.0076
6  3  25.7 0.01090 0.01094 0.01719  17714    1030664.2 0.0075
6  3  25.7 0.01110 0.01113 0.01719  17376    1010998.2 0.0076
6  3  25.7 0.01130 0.01133 0.01719  17480    1017049.3 0.0076
6  3  25.7 0.01150 0.01152 0.01719  17488    1017514.7 0.0076
6  3  25.7 0.01170 0.01172 0.01719  17406    1012743.7 0.0076
6  3  25.7 0.01190 0.01191 0.01719  17416    1013325.5 0.0076
6  3  25.7 0.01210 0.01211 0.01719  17604    1024264.0 0.0075
6  3  25.7 0.01230 0.01230 0.01719  17244    1003317.9 0.0076
6  3  25.7 0.01250 0.01250 0.01719  17098     994823.1 0.0076
6  3  25.7 0.01270 0.01270 0.01719  16932     985164.7 0.0077
6  3  25.7 0.01290 0.01289 0.01719  16444     956771.1 0.0078
6  3  25.7 0.01310 0.01309 0.01719  15804     919533.6 0.0080
6  3  25.7 0.01330 0.01328 0.01719  14888     866237.4 0.0082
6  3  25.7 0.01350 0.01348 0.01719  13744     799675.4 0.0085
6  3  25.7 0.01370 0.01367 0.01719  12298     715541.9 0.0090
6  3  25.7 0.01390 0.01387 0.01719  10750     625473.7 0.0096
6  3  25.7 0.01410 0.01406 0.01719   9342     543551.2 0.0103
6  3  25.7 0.01430 0.01426 0.01719   7948     462443.2 0.0112
6  3  25.7 0.01450 0.01445 0.01719   6576     382615.3 0.0123
6  3  25.7 0.01470 0.01475 0.01719   4908     285565.1 0.0143
6  3  25.7 0.01490 0.01494 0.01719   4030     234479.9 0.0158
6  3  25.7 0.01510 0.01514 0.01719   3482     202595.3 0.0169
6  3  25.7 0.01530 0.01533 0.01719   2966     172572.5 0.0184
6  3  25.7 0.01550 0.01553 0.01719   2694     156746.6 0.0193
6  3  25.7 0.01570 0.01572 0.01719   2444     142200.7 0.0202
6  3  25.7 0.01590 0.01592 0.01719   2264     131727.7 0.0210
6  3  25.7 0.01610 0.01611 0.01749   2284     130618.7 0.0209
6  3  25.7 0.01630 0.01631 0.01782   2250     126242.1 0.0211
6  3  25.7 0.01650 0.01650 0.01911   2300     120340.4 0.0209
6  3  25.7 0.01670 0.01670 0.01941   2380     122620.7 0.0205
6  3  25.7 0.01690 0.01689 0.01977   2276     115151.5 0.0210
6  3  25.7 0.01710 0.01709 0.01977   2320     117377.7 0.0208
6  3  25.7 0.01730 0.01729 0.01977   2230     112824.2 0.0212
6  3  25.7 0.01750 0.01748 0.02076   2302     110911.0 0.0208
6  3  25.7 0.01770 0.01768 0.02076   2228     107345.6 0.0212
6  3  25.7 0.01790 0.01787 0.02108   2268     107600.8 0.0210
6  3  25.7 0.01810 0.01807 0.02190   2230     101830.7 0.0212
6  3  25.7 0.01830 0.01826 0.02190   2226     101648.0 0.0212
6  3  25.7 0.01850 0.01846 0.02263   2246      99238.0 0.0211
6  3  25.7 0.01870 0.01865 0.02352   2254      95826.5 0.0211
6  3  25.7 0.01890 0.01895 0.02433   2248      92414.2 0.0211
6  3  25.7 0.01910 0.01914 0.02506   2312      92242.5 0.0208
6  3  25.7 0.01930 0.01934 0.02583   2356      91206.0 0.0206
6  3  25.7 0.01950 0.01953 0.02583   2222      86018.6 0.0212
6  3  25.7 0.01970 0.01973 0.02723   2234      82046.1 0.0212
6  3  25.7 0.01990 0.01992 0.02846   2268      79696.1 0.0210
6  3  25.7 0.02010 0.02012 0.02909   2266      77905.7 0.0210
6  3  25.7 0.02030 0.02031 0.03101   2246      72422.4 0.0211
6  3  25.7 0.02050 0.02051 0.03416   2354      68902.2 0.0206
6  3  25.7 0.02070 0.02070 0.03622   2352      64939.8 0.0206
6  3  25.7 0.02090 0.02090 0.03773   2222      58890.0 0.0212
6  3  25.7 0.02110 0.02109 0.04226   2298      54378.2 0.0209
6  3  25.7 0.02130 0.02129 0.04838   2288      47288.1 0.0209
6  3  25.7 0.02150 0.02148 0.05322   2224      41786.7 0.0212
6  3  25.7 0.02170 0.02168 0.06168   2326      37711.3 0.0207
6  3  25.7 0.02190 0.02188 0.07028   2288      32554.3 0.0209
6  3  25.7 0.02210 0.02207 0.07968   2246      28188.6 0.0211
6  3  25.7 0.02230 0.02227 0.09457   2244      23729.4 0.0211
6  3  25.7 0.02250 0.02246 0.10963   2284      20833.1 0.0209
6  3  25.7 0.02270 0.02266 0.12467   2240      17967.5 0.0211
6  3  25.7 0.02290 0.02285 0.13984   2328      16647.3 0.0207
6  3  25.7 0.02310 0.02314 0.16167   2318      14337.8 0.0208
6  3  25.7 0.02330 0.02334 0.16507   2264      13715.1 0.0210
6  3  25.7 0.02350 0.02354 0.18285   2232      12206.8 0.0212
6  3  25.7 0.02370 0.02373 0.19057   2238      11743.9 0.0211
6  3  25.7 0.02390 0.02393 0.19787   2346      11856.3 0.0206
6  3  25.7 0.02410 0.02412 0.20261   2266      11184.0 0.0210
6  3  25.7 0.02430 0.02432 0.20501   2230      10877.5 0.0212
6  3  25.7 0.02450 0.02451 0.21407   2248      10501.5 0.0211
6  3  25.7 0.02470 0.02471 0.22041   2270      10298.8 0.0210
6  3  25.7 0.02490 0.02490 0.22081   2244      10162.5 0.0211
6  3  25.7 0.02510 0.02510 0.23297   2226       9554.7 0.0212
6  3  25.7 0.02530 0.02529 0.23766   2294       9652.3 0.0209
6  3  25.7 0.02550 0.02549 0.25591   2324       9081.3 0.0207
6  3  25.7 0.02570 0.02568 0.25591   2330       9104.8 0.0207
6  3  25.7 0.02590 0.02588 0.25591   2250       8792.2 0.0211
6  3  25.7 0.02610 0.02607 0.26734   2324       8693.2 0.0207
6  3  25.7 0.02630 0.02627 0.28341   2272       8016.7 0.0210
6  3  25.7 0.02650 0.02646 0.28624   2246       7846.5 0.0211
6  3  25.7 0.02670 0.02666 0.28624   2222       7762.7 0.0212
6  3  25.7 0.02690 0.02686 0.30132   2298       7626.5 0.0209
6  3  25.7 0.02710 0.02715 0.33226   2368       7126.9 0.0205
6  3  25.7 0.02730 0.02734 0.33774   2312       6845.6 0.0208
6  3  25.7 0.02750 0.02754 0.34937   2304       6594.7 0.0208
6  3  25.7 0.02770 0.02773 0.37283   2306       6185.1 0.0208
6  3  25.7 0.02790 0.02793 0.38141   2368       6208.5 0.0205
6  3  25.7 0.02810 0.02813 0.39976   2236       5593.3 0.0211
6  3  25.7 0.02830 0.02832 0.43793   2328       5316.0 0.0207
6  3  25.7 0.02850 0.02852 0.45133   2250       4985.2 0.0211
6  3  25.7 0.02870 0.02871 0.50118   2390       4768.7 0.0205
6  3  25.7 0.02890 0.02891 0.56029   2348       4190.7 0.0206
6  3  25.7 0.02910 0.02910 0.60377   2256       3736.5 0.0211
6  3  25.7 0.02930 0.02930 0.66152   2400       3628.0 0.0204
6  3  25.8 0.02950 0.02949 0.72196   2256       3124.8 0.0211
6  3  25.8 0.02970 0.02969 0.81449   2264       2779.7 0.0210
6  3  25.8 0.02990 0.02988 0.91540   2248       2455.8 0.0211
6  3  25.8 0.03010 0.03008 1.05062   2246       2137.8 0.0211
6  3  25.8 0.03030 0.03027 1.11283   2308       2074.0 0.0208
6  3  25.8 0.03050 0.03047 1.21000   2152       1778.5 0.0216
6  3  25.8 0.03070 0.03066 1.21000   2006       1657.9 0.0223
6  3  25.8 0.03090 0.03086 1.21000   1860       1537.2 0.0232
6  3  25.8 0.03110 0.03105 1.21000   1740       1438.0 0.0240
6  3  25.8 0.03130 0.03135 1.21000   1584       1309.1 0.0251
6  3  25.8 0.03150 0.03154 1.21000   1582       1307.4 0.0251
6  3  25.8 0.03170 0.03174 1.21000   1520       1256.2 0.0256
6  3  25.8 0.03190 0.03193 1.21000   1448       1196.7 0.0263
6  3  25.8 0.03210 0.03213 1.21000   1414       1168.6 0.0266
6  3  25.8 0.03230 0.03232 1.21000   1382       1142.1 0.0269
6  3  25.8 0.03250 0.03252 1.21000   1292       1067.8 0.0278
6  3  25.8 0.03270 0.03271 1.21000   1358       1122.3 0.0271
6  3  25.8 0.03290 0.03291 1.21000   1336       1104.1 0.0274
6  3  25.8 0.03310 0.03311 1.21000   1316       1087.6 0.0276
6  3  25.8 0.03330 0.03330 1.21000   1216       1005.0 0.0287
6  3  25.8 0.03350 0.03350 1.21000   1172        968.6 0.0292
6  3  25.8 0.03370 0.03369 1.21000   1212       1001.7 0.0287
6  3  25.8 0.03390 0.03389 1.21000   1120        925.6 0.0299
6  3  25.8 0.03410 0.03408 1.21000   1098        907.4 0.0302
6  3  25.8 0.03430 0.03428 1.21000   1038        857.9 0.0310
6  3  25.8 0.03450 0.03447 1.21000   1012        836.4 0.0314
6  3  25.8 0.03470 0.03467 1.21000   1006        831.4 0.0315
6  3  25.8 0.03490 0.03486 1.21000    940        776.9 0.0326
6  3  25.8 0.03510 0.03506 1.21000    936        773.6 0.0327
6  3  25.8 0.03530 0.03525 1.21000    898        742.1 0.0334
6  3  25.8 0.03550 0.03555 1.21000    886        732.2 0.0336
6  3  25.8 0.03570 0.03574 1.21000    840        694.2 0.0345
6  3  25.8 0.03590 0.03594 1.21000    738        609.9 0.0368
6  3  25.8 0.03610 0.03613 1.21000    760        628.1 0.0363
6  3  25.8 0.03630 0.03633 1.21000    694        573.6 0.0380
6  3  25.8 0.03650 0.03652 1.21000    686        566.9 0.0382
6  3  25.8 0.03670 0.03672 1.21000    692        571.9 0.0380
6  3  25.8 0.03690 0.03691 1.21000    592        489.3 0.0411
6  3  25.8 0.03710 0.03711 1.21000    542        447.9 0.0430
6  3  25.8 0.03730 0.03730 1.21000    538        444.6 0.0431
6  3  25.8 0.03750 0.03750 1.21000    510        421.5 0.0443
6  3  25.8 0.03770 0.03770 1.21000    444        366.9 0.0475
6  3  25.8 0.03790 0.03789 1.21000    438        362.0 0.0478
6  3  25.8 0.03810 0.03809 1.21000    376        310.7 0.0516
6  3  25.8 0.03830 0.03828 1.21000    384        317.4 0.0510
6  3  25.8 0.03850 0.03848 1.21000    378        312.4 0.0514
6  3  25.8 0.03870 0.03867 1.21000    366        302.5 0.0523
6  3  25.8 0.03890 0.03887 1.21000    364        300.8 0.0524
6  3  25.8 0.03910 0.03906 1.21000    354        292.6 0.0531
6  3  25.8 0.03930 0.03926 1.21000    344        284.3 0.0539
6  3  25.8 0.03950 0.03945 1.21000    336        277.7 0.0546
6  3  25.8 0.03970 0.03975 1.21000    348        287.6 0.0536
6  3  25.8 0.03990 0.03994 1.21000    316        261.2 0.0563
