# Scan Time    : Fri, 18 Mar 2022 03:17:49 +0000 (GMT) +708653000 nsec
# Board Lane   : 0
# Board Loc    : Bore Paddle
# SiPM Biases  :  57.145  56.906  57.055  57.170
# SiPM Currents:   1.479   1.220   1.064   1.367
#
6 -1  26.0 0.00010 0.00010 1.21000    254        209.9 0.0627
6 -1  26.0 0.00030 0.00029 1.21000    422        348.8 0.0487
6 -1  26.0 0.00050 0.00049 1.21000    774        639.7 0.0359
6 -1  26.0 0.00070 0.00068 1.21000   1726       1426.4 0.0241
6 -1  26.0 0.00090 0.00088 1.21000   3828       3163.6 0.0162
6 -1  26.0 0.00110 0.00107 1.21000   8272       6836.4 0.0110
6 -1  26.0 0.00130 0.00127 1.21000  17844      14747.1 0.0075
6 -1  26.0 0.00150 0.00146 1.21000  33362      27571.9 0.0055
6 -1  26.0 0.00170 0.00166 1.21000  66370      54851.2 0.0039
6 -1  26.0 0.00190 0.00186 0.66468  71036     106872.0 0.0038
6 -1  26.0 0.00210 0.00215 0.24936  71676     287438.7 0.0037
6 -1  26.0 0.00230 0.00234 0.13698  77008     562183.5 0.0036
6 -1  26.0 0.00250 0.00254 0.07525  74136     985240.4 0.0037
6 -1  26.0 0.00270 0.00273 0.04307  72542    1684394.6 0.0037
6 -1  26.0 0.00290 0.00293 0.02678  72044    2690423.8 0.0037
6 -1  26.0 0.00310 0.00313 0.01765  72258    4094320.7 0.0037
6 -1  26.0 0.00330 0.00332 0.01252  70770    5650433.9 0.0038
6 -1  26.0 0.00350 0.00352 0.00969  71970    7427180.7 0.0037
6 -1  26.0 0.00370 0.00371 0.00808  73042    9035739.5 0.0037
6 -1  26.0 0.00390 0.00391 0.00705  72252   10245692.4 0.0037
6 -1  26.0 0.00410 0.00410 0.00705  78362   11112120.8 0.0036
6 -1  26.0 0.00430 0.00430 0.00611  71956   11767438.0 0.0037
6 -1  26.0 0.00450 0.00449 0.00611  75016   12267859.9 0.0037
6 -1  26.0 0.00470 0.00469 0.00611  77396   12657077.0 0.0036
6 -1  26.0 0.00490 0.00488 0.00611  79080   12932472.6 0.0036
6 -1  26.0 0.00510 0.00508 0.00548  71630   13072963.6 0.0037
6 -1  26.0 0.00530 0.00527 0.00548  72434   13219699.0 0.0037
6 -1  26.0 0.00550 0.00547 0.00548  72928   13309857.4 0.0037
6 -1  26.0 0.00570 0.00566 0.00548  73094   13340153.5 0.0037
6 -1  26.0 0.00590 0.00586 0.00548  72978   13318982.8 0.0037
6 -1  26.0 0.00610 0.00605 0.00548  72502   13232109.5 0.0037
6 -1  26.0 0.00630 0.00635 0.00548  71016   12960904.4 0.0038
6 -1  26.0 0.00650 0.00654 0.00548  69398   12665608.3 0.0038
6 -1  26.0 0.00670 0.00674 0.00548  66648   12163714.6 0.0039
6 -1  26.0 0.00690 0.00693 0.00548  63256   11544651.4 0.0040
6 -1  26.0 0.00710 0.00713 0.00548  57752   10540133.9 0.0042
6 -1  26.0 0.00730 0.00732 0.00548  51946    9480499.3 0.0044
6 -1  26.0 0.00750 0.00752 0.00548  46090    8411739.4 0.0047
6 -1  26.0 0.00770 0.00771 0.00548  39014    7120321.1 0.0051
6 -1  26.0 0.00790 0.00791 0.00548  33732    6156320.1 0.0054
6 -1  26.0 0.00810 0.00811 0.00548  29916    5459874.0 0.0058
6 -1  26.0 0.00830 0.00830 0.00548  27598    5036823.2 0.0060
6 -1  26.0 0.00850 0.00850 0.00548  26106    4764523.1 0.0062
6 -1  26.0 0.00870 0.00869 0.00548  25194    4598076.8 0.0063
6 -1  26.0 0.00890 0.00889 0.00548  24792    4524709.1 0.0064
6 -1  26.0 0.00910 0.00908 0.00548  24324    4439295.9 0.0064
6 -1  26.0 0.00930 0.00928 0.00548  24012    4382353.8 0.0065
6 -1  26.0 0.00950 0.00947 0.00548  24010    4381988.8 0.0065
6 -1  26.0 0.00970 0.00967 0.00548  24000    4380163.7 0.0065
6 -1  26.0 0.00990 0.00986 0.00548  23704    4326141.7 0.0065
6 -1  26.0 0.01010 0.01006 0.00548  23568    4301320.7 0.0065
6 -1  26.0 0.01030 0.01025 0.00548  23716    4328331.8 0.0065
6 -1  26.0 0.01050 0.01055 0.00548  23668    4319571.4 0.0065
6 -1  26.0 0.01070 0.01074 0.00548  23890    4360087.9 0.0065
6 -1  26.0 0.01090 0.01094 0.00548  23576    4302780.8 0.0065
6 -1  26.0 0.01110 0.01113 0.00548  23476    4284530.1 0.0065
6 -1  26.0 0.01130 0.01133 0.00548  23468    4283070.1 0.0065
6 -1  26.0 0.01150 0.01152 0.00548  23518    4292195.4 0.0065
6 -1  26.0 0.01170 0.01172 0.00548  23298    4252043.9 0.0066
6 -1  26.0 0.01190 0.01191 0.00548  23492    4287450.2 0.0065
6 -1  26.1 0.01210 0.01211 0.00548  23384    4267739.5 0.0065
6 -1  26.1 0.01230 0.01230 0.00548  23174    4229413.1 0.0066
6 -1  26.1 0.01250 0.01250 0.00548  22838    4168090.8 0.0066
6 -1  26.1 0.01270 0.01270 0.00548  22404    4088882.8 0.0067
6 -1  26.1 0.01290 0.01289 0.00548  22060    4026100.5 0.0067
6 -1  26.1 0.01310 0.01309 0.00548  21306    3888490.3 0.0069
6 -1  26.1 0.01330 0.01328 0.00548  20300    3704888.5 0.0070
6 -1  26.1 0.01350 0.01348 0.00548  18646    3403022.2 0.0073
6 -1  26.1 0.01370 0.01367 0.00548  17020    3106266.1 0.0077
6 -1  26.1 0.01390 0.01387 0.00548  15564    2840536.2 0.0080
6 -1  26.1 0.01410 0.01406 0.00548  14074    2568601.0 0.0084
6 -1  26.1 0.01430 0.01426 0.00548  12462    2274400.0 0.0090
6 -1  26.1 0.01450 0.01445 0.00548  10866    1983119.1 0.0096
6 -1  26.1 0.01470 0.01475 0.00548   8782    1602774.9 0.0107
6 -1  26.1 0.01490 0.01494 0.00548   7942    1449469.2 0.0112
6 -1  26.1 0.01510 0.01514 0.00548   6996    1276817.7 0.0120
6 -1  26.1 0.01530 0.01533 0.00548   6462    1179359.1 0.0124
6 -1  26.1 0.01550 0.01553 0.00548   5974    1090295.7 0.0129
6 -1  26.1 0.01570 0.01572 0.00548   5674    1035543.7 0.0133
6 -1  26.1 0.01590 0.01592 0.00548   5264     960715.9 0.0138
6 -1  26.1 0.01610 0.01611 0.00548   4996     911804.1 0.0141
6 -1  26.1 0.01630 0.01631 0.00548   4806     877127.8 0.0144
6 -1  26.1 0.01650 0.01650 0.00548   4818     879317.9 0.0144
6 -1  26.1 0.01670 0.01670 0.00548   4632     845371.6 0.0147
6 -1  26.1 0.01690 0.01689 0.00548   4520     824930.8 0.0149
6 -1  26.1 0.01710 0.01709 0.00548   4326     789524.5 0.0152
6 -1  26.1 0.01730 0.01729 0.00548   4128     753388.2 0.0156
6 -1  26.1 0.01750 0.01748 0.00548   4120     751928.1 0.0156
6 -1  26.1 0.01770 0.01768 0.00548   4106     749373.0 0.0156
6 -1  26.1 0.01790 0.01787 0.00548   3860     704476.3 0.0161
6 -1  26.1 0.01810 0.01807 0.00548   3864     705206.4 0.0161
6 -1  26.1 0.01830 0.01826 0.00548   3736     681845.5 0.0164
6 -1  26.1 0.01850 0.01846 0.00548   3604     657754.6 0.0167
6 -1  26.1 0.01870 0.01865 0.00548   3578     653009.4 0.0167
6 -1  26.1 0.01890 0.01895 0.00548   3408     621983.2 0.0171
6 -1  26.1 0.01910 0.01914 0.00548   3318     605557.6 0.0174
6 -1  26.1 0.01930 0.01934 0.00548   3276     597892.3 0.0175
6 -1  26.1 0.01950 0.01953 0.00548   2970     542045.3 0.0183
6 -1  26.1 0.01970 0.01973 0.00548   2924     533649.9 0.0185
6 -1  26.1 0.01990 0.01992 0.00548   2852     520509.5 0.0187
6 -1  26.1 0.02010 0.02012 0.00548   2848     519779.4 0.0187
6 -1  26.1 0.02030 0.02031 0.00548   2542     463932.3 0.0198
6 -1  26.1 0.02050 0.02051 0.00548   2396     437286.3 0.0204
6 -1  26.1 0.02070 0.02070 0.00548   2360     430716.1 0.0206
6 -1  26.1 0.02090 0.02090 0.00556   2328     418757.1 0.0207
6 -1  26.1 0.02110 0.02109 0.00600   2230     371832.1 0.0212
6 -1  26.1 0.02130 0.02129 0.00674   2252     333877.3 0.0211
6 -1  26.1 0.02150 0.02148 0.00713   2264     317529.1 0.0210
6 -1  26.1 0.02170 0.02168 0.00796   2334     293064.1 0.0207
6 -1  26.1 0.02190 0.02188 0.00862   2304     267424.1 0.0208
6 -1  26.1 0.02210 0.02207 0.00947   2278     240607.4 0.0210
6 -1  26.1 0.02230 0.02227 0.01020   2228     218381.1 0.0212
6 -1  26.1 0.02250 0.02246 0.01181   2242     189885.9 0.0211
6 -1  26.1 0.02270 0.02266 0.01336   2360     176685.7 0.0206
6 -1  26.1 0.02290 0.02285 0.01417   2248     158605.6 0.0211
6 -1  26.1 0.02310 0.02314 0.01643   2278     138689.9 0.0210
6 -1  26.1 0.02330 0.02334 0.01750   2388     136488.4 0.0205
6 -1  26.1 0.02350 0.02354 0.01791   2316     129280.5 0.0208
6 -1  26.1 0.02370 0.02373 0.01917   2262     117967.8 0.0210
6 -1  26.1 0.02390 0.02393 0.02135   2294     107446.6 0.0209
6 -1  26.1 0.02410 0.02412 0.02166   2262     104421.9 0.0210
6 -1  26.1 0.02430 0.02432 0.02224   2230     100269.1 0.0212
6 -1  26.1 0.02450 0.02451 0.02342   2262      96581.3 0.0210
6 -1  26.1 0.02470 0.02471 0.02398   2266      94487.9 0.0210
6 -1  26.1 0.02490 0.02490 0.02551   2296      89997.0 0.0209
6 -1  26.1 0.02510 0.02510 0.02551   2230      87410.0 0.0212
6 -1  26.1 0.02530 0.02529 0.02857   2378      83241.1 0.0205
6 -1  26.1 0.02550 0.02549 0.02857   2236      78270.5 0.0211
6 -1  26.1 0.02570 0.02568 0.03006   2296      76392.0 0.0209
6 -1  26.1 0.02590 0.02588 0.03006   2282      75926.2 0.0209
6 -1  26.1 0.02610 0.02607 0.03109   2268      72951.6 0.0210
6 -1  26.1 0.02630 0.02627 0.03280   2250      68601.0 0.0211
6 -1  26.1 0.02650 0.02646 0.03402   2254      66248.6 0.0211
6 -1  26.1 0.02670 0.02666 0.03790   2388      63009.2 0.0205
6 -1  26.1 0.02690 0.02686 0.03793   2252      59367.3 0.0211
6 -1  26.1 0.02710 0.02715 0.03942   2238      56767.8 0.0211
6 -1  26.1 0.02730 0.02734 0.04212   2240      53187.5 0.0211
6 -1  26.1 0.02750 0.02754 0.04473   2250      50299.3 0.0211
6 -1  26.1 0.02770 0.02773 0.04711   2278      48358.3 0.0210
6 -1  26.1 0.02790 0.02793 0.04926   2270      46082.3 0.0210
6 -1  26.1 0.02810 0.02813 0.05311   2228      41952.4 0.0212
6 -1  26.1 0.02830 0.02832 0.05499   2252      40954.0 0.0211
6 -1  26.1 0.02850 0.02852 0.05866   2240      38185.6 0.0211
6 -1  26.1 0.02870 0.02871 0.06114   2242      36671.7 0.0211
6 -1  26.1 0.02890 0.02891 0.06569   2270      34556.3 0.0210
6 -1  26.1 0.02910 0.02910 0.07115   2256      31706.3 0.0211
6 -1  26.1 0.02930 0.02930 0.07565   2260      29875.7 0.0210
6 -1  26.1 0.02950 0.02949 0.08611   2340      27174.4 0.0207
6 -1  26.1 0.02970 0.02969 0.09288   2318      24956.4 0.0208
6 -1  26.1 0.02990 0.02988 0.10104   2270      22466.0 0.0210
6 -1  26.1 0.03010 0.03008 0.10732   2284      21282.0 0.0209
6 -1  26.1 0.03030 0.03027 0.11817   2226      18837.3 0.0212
6 -1  26.1 0.03050 0.03047 0.12503   2222      17771.1 0.0212
6 -1  26.1 0.03070 0.03066 0.13913   2344      16847.4 0.0207
6 -1  26.1 0.03090 0.03086 0.14935   2252      15078.9 0.0211
6 -1  26.1 0.03110 0.03105 0.16537   2326      14065.2 0.0207
6 -1  26.1 0.03130 0.03135 0.17724   2296      12953.8 0.0209
6 -1  26.1 0.03150 0.03154 0.19100   2320      12146.7 0.0208
6 -1  26.1 0.03170 0.03174 0.20107   2250      11190.2 0.0211
6 -1  26.1 0.03190 0.03193 0.20969   2296      10949.7 0.0209
6 -1  26.1 0.03210 0.03213 0.22314   2280      10217.7 0.0209
6 -1  26.1 0.03230 0.03232 0.22314   2234      10011.5 0.0212
6 -1  26.1 0.03250 0.03252 0.24594   2278       9262.3 0.0210
6 -1  26.1 0.03270 0.03271 0.25114   2260       8998.8 0.0210
6 -1  26.1 0.03290 0.03291 0.27122   2224       8200.0 0.0212
6 -1  26.1 0.03310 0.03311 0.28255   2248       7956.2 0.0211
6 -1  26.1 0.03330 0.03330 0.28255   2302       8147.3 0.0208
6 -1  26.1 0.03350 0.03350 0.30075   2238       7441.4 0.0211
6 -1  26.1 0.03370 0.03369 0.30570   2248       7353.5 0.0211
6 -1  26.1 0.03390 0.03389 0.33207   2254       6787.8 0.0211
6 -1  26.1 0.03410 0.03408 0.35151   2264       6440.8 0.0210
6 -1  26.1 0.03430 0.03428 0.36669   2232       6086.8 0.0212
6 -1  26.1 0.03450 0.03447 0.37918   2318       6113.1 0.0208
6 -1  26.1 0.03470 0.03467 0.40528   2274       5610.9 0.0210
6 -1  26.1 0.03490 0.03486 0.42263   2298       5437.4 0.0209
6 -1  26.1 0.03510 0.03506 0.44506   2300       5167.9 0.0209
6 -1  26.1 0.03530 0.03525 0.46039   2224       4830.7 0.0212
6 -1  26.1 0.03550 0.03555 0.51458   2352       4570.7 0.0206
6 -1  26.1 0.03570 0.03574 0.51458   2236       4345.3 0.0211
6 -1  26.1 0.03590 0.03594 0.55885   2228       3986.8 0.0212
6 -1  26.1 0.03610 0.03613 0.59874   2358       3938.3 0.0206
6 -1  26.1 0.03630 0.03633 0.61593   2248       3649.8 0.0211
6 -1  26.1 0.03650 0.03652 0.62152   2234       3594.4 0.0212
6 -1  26.1 0.03670 0.03672 0.69098   2276       3293.9 0.0210
6 -1  26.1 0.03690 0.03691 0.71612   2228       3111.2 0.0212
6 -1  26.1 0.03710 0.03711 0.80183   2294       2861.0 0.0209
6 -1  26.1 0.03730 0.03730 0.83804   2382       2842.4 0.0205
6 -1  26.1 0.03750 0.03750 0.89366   2328       2605.0 0.0207
6 -1  26.1 0.03770 0.03770 0.94558   2306       2438.7 0.0208
6 -1  26.1 0.03790 0.03789 1.01502   2282       2248.2 0.0209
6 -1  26.1 0.03810 0.03809 1.07039   2242       2094.6 0.0211
6 -1  26.1 0.03830 0.03828 1.11662   2262       2025.8 0.0210
6 -1  26.1 0.03850 0.03848 1.18601   2278       1920.7 0.0210
6 -1  26.1 0.03870 0.03867 1.21000   2104       1738.8 0.0218
6 -1  26.1 0.03890 0.03887 1.21000   1924       1590.1 0.0228
6 -1  26.1 0.03910 0.03906 1.21000   1906       1575.2 0.0229
6 -1  26.1 0.03930 0.03926 1.21000   1736       1434.7 0.0240
6 -1  26.1 0.03950 0.03945 1.21000   1674       1383.5 0.0244
6 -1  26.1 0.03970 0.03975 1.21000   1616       1335.5 0.0249
6 -1  26.1 0.03990 0.03994 1.21000   1516       1252.9 0.0257
6  0  26.1 0.00010 0.00010 1.21000    228        188.4 0.0662
6  0  26.1 0.00030 0.00029 1.21000    458        378.5 0.0467
6  0  26.1 0.00050 0.00049 1.21000    886        732.2 0.0336
6  0  26.1 0.00070 0.00068 1.21000   1850       1528.9 0.0232
6  0  26.1 0.00090 0.00088 1.21000   3836       3170.2 0.0161
6  0  26.1 0.00110 0.00107 1.21000   8166       6748.8 0.0111
6  0  26.1 0.00130 0.00127 1.21000  18654      15416.5 0.0073
6  0  26.1 0.00150 0.00146 1.21000  34704      28681.0 0.0054
6  0  26.1 0.00170 0.00166 1.21000  63568      52535.5 0.0040
6  0  26.1 0.00190 0.00186 0.58643  71722     122302.6 0.0037
6  0  26.1 0.00210 0.00215 0.23026  72500     314866.9 0.0037
6  0  26.1 0.00230 0.00234 0.12942  72182     557717.5 0.0037
6  0  26.1 0.00250 0.00254 0.07582  71474     942639.8 0.0037
6  0  26.1 0.00270 0.00273 0.04849  73036    1506240.3 0.0037
6  0  26.1 0.00290 0.00293 0.03396  71898    2116985.1 0.0037
6  0  26.1 0.00310 0.00313 0.02612  72378    2770927.4 0.0037
6  0  26.1 0.00330 0.00332 0.02195  72904    3320669.4 0.0037
6  0  26.1 0.00350 0.00352 0.01920  71934    3747209.4 0.0037
6  0  26.1 0.00370 0.00371 0.01920  77400    4031946.0 0.0036
6  0  26.1 0.00390 0.00391 0.01702  72230    4243931.6 0.0037
6  0  26.1 0.00410 0.00410 0.01702  74224    4361090.7 0.0037
6  0  26.1 0.00430 0.00430 0.01702  75620    4443113.8 0.0036
6  0  26.1 0.00450 0.00449 0.01702  76522    4496111.5 0.0036
6  0  26.1 0.00470 0.00469 0.01702  77156    4533362.7 0.0036
6  0  26.1 0.00490 0.00488 0.01702  77562    4557217.6 0.0036
6  0  26.1 0.00510 0.00508 0.01702  77820    4572376.6 0.0036
6  0  26.1 0.00530 0.00527 0.01702  77972    4581307.5 0.0036
6  0  26.1 0.00550 0.00547 0.01702  78022    4584245.2 0.0036
6  0  26.1 0.00570 0.00566 0.01702  77956    4580367.4 0.0036
6  0  26.1 0.00590 0.00586 0.01702  77780    4570026.3 0.0036
6  0  26.1 0.00610 0.00605 0.01702  77468    4551694.5 0.0036
6  0  26.1 0.00630 0.00635 0.01702  76662    4504337.4 0.0036
6  0  26.1 0.00650 0.00654 0.01702  75768    4451809.7 0.0036
6  0  26.1 0.00670 0.00674 0.01702  74366    4369434.0 0.0037
6  0  26.1 0.00690 0.00693 0.01702  72280    4246869.4 0.0037
6  0  26.1 0.00710 0.00713 0.01702  68840    4044749.5 0.0038
6  0  26.1 0.00730 0.00732 0.01702  64294    3777645.6 0.0039
6  0  26.1 0.00750 0.00752 0.01702  57956    3405251.3 0.0042
6  0  26.1 0.00770 0.00771 0.01702  50118    2944723.3 0.0045
6  0  26.1 0.00790 0.00791 0.01702  41970    2465981.0 0.0049
6  0  26.1 0.00810 0.00811 0.01702  34786    2043879.4 0.0054
6  0  26.1 0.00830 0.00830 0.01702  29530    1735058.9 0.0058
6  0  26.1 0.00850 0.00850 0.01702  26424    1552563.3 0.0062
6  0  26.1 0.00870 0.00869 0.01702  24156    1419305.2 0.0064
6  0  26.1 0.00890 0.00889 0.01702  22878    1344215.3 0.0066
6  0  26.1 0.00910 0.00908 0.01702  22480    1320830.4 0.0067
6  0  26.1 0.00930 0.00928 0.01702  22132    1300383.4 0.0067
6  0  26.1 0.00950 0.00947 0.01702  21658    1272533.2 0.0068
6  0  26.1 0.00970 0.00967 0.01702  21658    1272533.2 0.0068
6  0  26.1 0.00990 0.00986 0.01702  21536    1265365.0 0.0068
6  0  26.1 0.01010 0.01006 0.01702  21618    1270182.9 0.0068
6  0  26.1 0.01030 0.01025 0.01702  21430    1259136.9 0.0068
6  0  26.1 0.01050 0.01055 0.01702  21504    1263484.8 0.0068
6  0  26.1 0.01070 0.01074 0.01702  21518    1264307.4 0.0068
6  0  26.1 0.01090 0.01094 0.01702  21514    1264072.3 0.0068
6  0  26.1 0.01110 0.01113 0.01702  21602    1269242.9 0.0068
6  0  26.1 0.01130 0.01133 0.01702  21572    1267480.2 0.0068
6  0  26.1 0.01150 0.01152 0.01702  21618    1270182.9 0.0068
6  0  26.1 0.01170 0.01172 0.01702  21364    1255259.0 0.0068
6  0  26.1 0.01190 0.01191 0.01702  21510    1263837.3 0.0068
6  0  26.1 0.01210 0.01211 0.01702  21300    1251498.6 0.0069
6  0  26.1 0.01230 0.01230 0.01702  20914    1228818.9 0.0069
6  0  26.1 0.01250 0.01250 0.01702  21068    1237867.3 0.0069
6  0  26.1 0.01270 0.01270 0.01702  20798    1222003.2 0.0069
6  0  26.1 0.01290 0.01289 0.01702  20474    1202966.3 0.0070
6  0  26.1 0.01310 0.01309 0.01702  19758    1160897.2 0.0071
6  0  26.1 0.01330 0.01328 0.01702  18692    1098263.5 0.0073
6  0  26.1 0.01350 0.01348 0.01702  17630    1035864.8 0.0075
6  0  26.1 0.01370 0.01367 0.01702  15960     937742.6 0.0079
6  0  26.1 0.01390 0.01387 0.01702  14544     854544.4 0.0083
6  0  26.1 0.01410 0.01406 0.01702  12500     734447.5 0.0089
6  0  26.1 0.01430 0.01426 0.01702  10948     643258.5 0.0096
6  0  26.1 0.01450 0.01445 0.01702   9358     549836.8 0.0103
6  0  26.1 0.01470 0.01475 0.01702   7112     417871.3 0.0119
6  0  26.1 0.01490 0.01494 0.01702   5958     350067.1 0.0130
6  0  26.1 0.01510 0.01514 0.01702   4906     288256.0 0.0143
6  0  26.1 0.01530 0.01533 0.01702   4440     260875.8 0.0150
6  0  26.1 0.01550 0.01553 0.01702   4034     237020.9 0.0157
6  0  26.1 0.01570 0.01572 0.01702   3624     212931.0 0.0166
6  0  26.1 0.01590 0.01592 0.01702   3388     199064.7 0.0172
6  0  26.1 0.01610 0.01611 0.01702   3192     187548.5 0.0177
6  0  26.1 0.01630 0.01631 0.01702   3036     178382.6 0.0181
6  0  26.1 0.01650 0.01650 0.01702   3018     177325.0 0.0182
6  0  26.1 0.01670 0.01670 0.01702   2856     167806.6 0.0187
6  0  26.1 0.01690 0.01689 0.01702   2992     175797.4 0.0183
6  0  26.1 0.01710 0.01709 0.01702   2886     169569.2 0.0186
6  0  26.1 0.01730 0.01729 0.01702   2866     168394.1 0.0187
6  0  26.1 0.01750 0.01748 0.01702   2660     156290.4 0.0194
6  0  26.1 0.01770 0.01768 0.01702   2642     155232.8 0.0195
6  0  26.1 0.01790 0.01787 0.01702   2646     155467.9 0.0194
6  0  26.1 0.01810 0.01807 0.01702   2482     145831.9 0.0201
6  0  26.1 0.01830 0.01826 0.01702   2526     148417.2 0.0199
6  0  26.1 0.01850 0.01846 0.01702   2470     145126.8 0.0201
6  0  26.1 0.01870 0.01865 0.01702   2462     144656.8 0.0202
6  0  26.1 0.01890 0.01895 0.01702   2272     133493.2 0.0210
6  0  26.1 0.01910 0.01914 0.01766   2264     128233.8 0.0210
6  0  26.1 0.01930 0.01934 0.01766   2288     129593.2 0.0209
6  0  26.1 0.01950 0.01953 0.01766   2230     126308.1 0.0212
6  0  26.1 0.01970 0.01973 0.01854   2246     121145.6 0.0211
6  0  26.1 0.01990 0.01992 0.01917   2250     117353.2 0.0211
6  0  26.1 0.02010 0.02012 0.02034   2300     113050.6 0.0209
6  0  26.1 0.02030 0.02031 0.02132   2238     104953.5 0.0211
6  0  26.1 0.02050 0.02051 0.02240   2260     100904.4 0.0210
6  0  26.1 0.02070 0.02070 0.02343   2312      98673.4 0.0208
6  0  26.1 0.02090 0.02090 0.02484   2222      89443.1 0.0212
6  0  26.1 0.02110 0.02109 0.02735   2330      85189.3 0.0207
6  0  26.1 0.02130 0.02129 0.02875   2310      80352.9 0.0208
6  0  26.1 0.02150 0.02148 0.03159   2300      72803.9 0.0209
6  0  26.1 0.02170 0.02168 0.03560   2342      65792.5 0.0207
6  0  26.1 0.02190 0.02188 0.03909   2290      58576.9 0.0209
6  0  26.1 0.02210 0.02207 0.04409   2240      50799.7 0.0211
6  0  26.1 0.02230 0.02227 0.05114   2254      44077.6 0.0211
6  0  26.1 0.02250 0.02246 0.05887   2328      39542.2 0.0207
6  0  26.1 0.02270 0.02266 0.06600   2222      33665.2 0.0212
6  0  26.1 0.02290 0.02285 0.07711   2334      30269.5 0.0207
6  0  26.1 0.02310 0.02314 0.09052   2232      24658.4 0.0212
6  0  26.1 0.02330 0.02334 0.09937   2234      22481.3 0.0212
6  0  26.1 0.02350 0.02354 0.11065   2340      21148.6 0.0207
6  0  26.1 0.02370 0.02373 0.11923   2240      18787.0 0.0211
6  0  26.1 0.02390 0.02393 0.12898   2298      17816.3 0.0209
6  0  26.1 0.02410 0.02412 0.12898   2230      17289.1 0.0212
6  0  26.1 0.02430 0.02432 0.14077   2236      15884.5 0.0211
6  0  26.1 0.02450 0.02451 0.14374   2224      15472.1 0.0212
6  0  26.1 0.02470 0.02471 0.14638   2258      15425.9 0.0210
6  0  26.1 0.02490 0.02490 0.15682   2236      14258.1 0.0211
6  0  26.1 0.02510 0.02510 0.16071   2328      14485.5 0.0207
6  0  26.1 0.02530 0.02529 0.16071   2248      13987.7 0.0211
6  0  26.1 0.02550 0.02549 0.16740   2298      13727.4 0.0209
6  0  26.1 0.02570 0.02568 0.17552   2264      12898.6 0.0210
6  0  26.1 0.02590 0.02588 0.17712   2240      12647.0 0.0211
6  0  26.1 0.02610 0.02607 0.18642   2310      12391.1 0.0208
6  0  26.1 0.02630 0.02627 0.18642   2230      11961.9 0.0212
6  0  26.1 0.02650 0.02646 0.19840   2244      11310.4 0.0211
6  0  26.1 0.02670 0.02666 0.20297   2316      11410.6 0.0208
6  0  26.1 0.02690 0.02686 0.20802   2232      10729.5 0.0212
6  0  26.1 0.02710 0.02715 0.21865   2276      10409.2 0.0210
6  0  26.1 0.02730 0.02734 0.23594   2344       9934.9 0.0207
6  0  26.1 0.02750 0.02754 0.23722   2266       9552.4 0.0210
6  0  26.1 0.02770 0.02773 0.25080   2386       9513.5 0.0205
6  0  26.1 0.02790 0.02793 0.26419   2290       8667.9 0.0209
6  0  26.1 0.02810 0.02813 0.27934   2292       8205.2 0.0209
6  0  26.1 0.02830 0.02832 0.29164   2288       7845.2 0.0209
6  0  26.1 0.02850 0.02852 0.30197   2272       7523.9 0.0210
6  0  26.1 0.02870 0.02871 0.32342   2304       7123.9 0.0208
6  0  26.1 0.02890 0.02891 0.35227   2298       6523.4 0.0209
6  0  26.1 0.02910 0.02910 0.35515   2222       6256.5 0.0212
6  0  26.1 0.02930 0.02930 0.39659   2284       5759.1 0.0209
6  0  26.1 0.02950 0.02949 0.43325   2238       5165.6 0.0211
6  0  26.1 0.02970 0.02969 0.46367   2260       4874.1 0.0210
6  0  26.1 0.02990 0.02988 0.52351   2316       4423.9 0.0208
6  0  26.1 0.03010 0.03008 0.56304   2250       3996.1 0.0211
6  0  26.1 0.03030 0.03027 0.61448   2274       3700.7 0.0210
6  0  26.1 0.03050 0.03047 0.69379   2238       3225.8 0.0211
6  0  26.1 0.03070 0.03066 0.78573   2304       2932.3 0.0208
6  0  26.1 0.03090 0.03086 0.86447   2260       2614.3 0.0210
6  0  26.1 0.03110 0.03105 0.94810   2246       2368.9 0.0211
6  0  26.1 0.03130 0.03135 1.09115   2284       2093.2 0.0209
6  0  26.1 0.03150 0.03154 1.17582   2296       1952.7 0.0209
6  0  26.1 0.03170 0.03174 1.21000   2044       1689.3 0.0221
6  0  26.1 0.03190 0.03193 1.21000   1910       1578.5 0.0229
6  0  26.1 0.03210 0.03213 1.21000   1884       1557.0 0.0230
6  0  26.1 0.03230 0.03232 1.21000   1754       1449.6 0.0239
6  0  26.1 0.03250 0.03252 1.21000   1662       1373.6 0.0245
6  0  26.1 0.03270 0.03271 1.21000   1552       1282.6 0.0254
6  0  26.1 0.03290 0.03291 1.21000   1582       1307.4 0.0251
6  0  26.1 0.03310 0.03311 1.21000   1538       1271.1 0.0255
6  0  26.1 0.03330 0.03330 1.21000   1482       1224.8 0.0260
6  0  26.1 0.03350 0.03350 1.21000   1416       1170.2 0.0266
6  0  26.1 0.03370 0.03369 1.21000   1344       1110.7 0.0273
6  0  26.1 0.03390 0.03389 1.21000   1270       1049.6 0.0281
6  0  26.1 0.03410 0.03408 1.21000   1246       1029.8 0.0283
6  0  26.1 0.03430 0.03428 1.21000   1214       1003.3 0.0287
6  0  26.1 0.03450 0.03447 1.21000   1230       1016.5 0.0285
6  0  26.1 0.03470 0.03467 1.21000   1160        958.7 0.0294
6  0  26.1 0.03490 0.03486 1.21000   1158        957.0 0.0294
6  0  26.1 0.03510 0.03506 1.21000   1134        937.2 0.0297
6  0  26.1 0.03530 0.03525 1.21000   1030        851.2 0.0312
6  0  26.1 0.03550 0.03555 1.21000    984        813.2 0.0319
6  0  26.1 0.03570 0.03574 1.21000    958        791.7 0.0323
6  0  26.1 0.03590 0.03594 1.21000    914        755.4 0.0331
6  0  26.1 0.03610 0.03613 1.21000    856        707.4 0.0342
6  0  26.1 0.03630 0.03633 1.21000    878        725.6 0.0337
6  0  26.1 0.03650 0.03652 1.21000    836        690.9 0.0346
6  0  26.1 0.03670 0.03672 1.21000    754        623.1 0.0364
6  0  26.1 0.03690 0.03691 1.21000    742        613.2 0.0367
6  0  26.1 0.03710 0.03711 1.21000    694        573.6 0.0380
6  0  26.1 0.03730 0.03730 1.21000    662        547.1 0.0389
6  0  26.1 0.03750 0.03750 1.21000    640        528.9 0.0395
6  0  26.1 0.03770 0.03770 1.21000    632        522.3 0.0398
6  0  26.1 0.03790 0.03789 1.21000    556        459.5 0.0424
6  0  26.1 0.03810 0.03809 1.21000    554        457.9 0.0425
6  0  26.1 0.03830 0.03828 1.21000    520        429.8 0.0439
6  0  26.1 0.03850 0.03848 1.21000    444        366.9 0.0475
6  0  26.1 0.03870 0.03867 1.21000    476        393.4 0.0458
6  0  26.1 0.03890 0.03887 1.21000    408        337.2 0.0495
6  0  26.1 0.03910 0.03906 1.21000    362        299.2 0.0526
6  0  26.1 0.03930 0.03926 1.21000    396        327.3 0.0503
6  0  26.1 0.03950 0.03945 1.21000    386        319.0 0.0509
6  0  26.1 0.03970 0.03975 1.21000    340        281.0 0.0542
6  0  26.1 0.03990 0.03994 1.21000    318        262.8 0.0561
6  1  26.1 0.00010 0.00010 1.21000    232        191.7 0.0657
6  1  26.1 0.00030 0.00029 1.21000    444        366.9 0.0475
6  1  26.1 0.00050 0.00049 1.21000   1004        829.8 0.0316
6  1  26.1 0.00070 0.00068 1.21000   1826       1509.1 0.0234
6  1  26.1 0.00090 0.00088 1.21000   4196       3467.8 0.0154
6  1  26.1 0.00110 0.00107 1.21000   9260       7652.9 0.0104
6  1  26.1 0.00130 0.00127 1.21000  17884      14780.2 0.0075
6  1  26.1 0.00150 0.00146 1.21000  35524      29358.7 0.0053
6  1  26.1 0.00170 0.00166 1.21000  65920      54479.3 0.0039
6  1  26.1 0.00190 0.00186 0.57408  73680     128343.8 0.0037
6  1  26.1 0.00210 0.00215 0.22723  72624     319611.4 0.0037
6  1  26.1 0.00230 0.00234 0.12521  72676     580430.1 0.0037
6  1  26.1 0.00250 0.00254 0.07509  71718     955093.1 0.0037
6  1  26.1 0.00270 0.00273 0.04788  72484    1513903.0 0.0037
6  1  26.1 0.00290 0.00293 0.03349  71388    2131732.8 0.0037
6  1  26.1 0.00310 0.00313 0.02584  73130    2830020.1 0.0037
6  1  26.1 0.00330 0.00332 0.02144  71950    3355148.8 0.0037
6  1  26.1 0.00350 0.00352 0.01910  72216    3780545.8 0.0037
6  1  26.1 0.00370 0.00371 0.01910  77680    4066589.1 0.0036
6  1  26.1 0.00390 0.00391 0.01690  71660    4241314.3 0.0037
6  1  26.1 0.00410 0.00410 0.01690  73676    4360634.6 0.0037
6  1  26.1 0.00430 0.00430 0.01690  75032    4440891.6 0.0037
6  1  26.1 0.00450 0.00449 0.01690  75898    4492147.3 0.0036
6  1  26.1 0.00470 0.00469 0.01690  76500    4527777.6 0.0036
6  1  26.1 0.00490 0.00488 0.01690  76884    4550505.3 0.0036
6  1  26.1 0.00510 0.00508 0.01690  77130    4565065.2 0.0036
6  1  26.1 0.00530 0.00527 0.01690  77268    4573233.0 0.0036
6  1  26.1 0.00550 0.00547 0.01690  77302    4575245.3 0.0036
6  1  26.1 0.00570 0.00566 0.01690  77250    4572167.6 0.0036
6  1  26.1 0.00590 0.00586 0.01690  77058    4560803.8 0.0036
6  1  26.1 0.00610 0.00605 0.01690  76740    4541982.4 0.0036
6  1  26.1 0.00630 0.00635 0.01690  75946    4494988.2 0.0036
6  1  26.1 0.00650 0.00654 0.01690  74982    4437932.3 0.0037
6  1  26.1 0.00670 0.00674 0.01690  73618    4357201.7 0.0037
6  1  26.1 0.00690 0.00693 0.01690  71488    4231134.2 0.0037
6  1  26.1 0.00710 0.00713 0.01690  68028    4026348.4 0.0038
6  1  26.1 0.00730 0.00732 0.01690  63144    3737280.9 0.0040
6  1  26.1 0.00750 0.00752 0.01690  56746    3358604.8 0.0042
6  1  26.1 0.00770 0.00771 0.01690  48650    2879429.8 0.0045
6  1  26.1 0.00790 0.00791 0.01690  40110    2373975.9 0.0050
6  1  26.1 0.00810 0.00811 0.01690  32746    1938125.6 0.0055
6  1  26.1 0.00830 0.00830 0.01690  27018    1599104.5 0.0061
6  1  26.1 0.00850 0.00850 0.01690  23766    1406629.6 0.0065
6  1  26.1 0.00870 0.00869 0.01690  21574    1276892.5 0.0068
6  1  26.1 0.00890 0.00889 0.01690  20128    1191308.6 0.0070
6  1  26.1 0.00910 0.00908 0.01690  19612    1160768.3 0.0071
6  1  26.1 0.00930 0.00928 0.01690  19304    1142538.8 0.0072
6  1  26.1 0.00950 0.00947 0.01690  19034    1126558.4 0.0072
6  1  26.1 0.00970 0.00967 0.01690  18900    1118627.4 0.0073
6  1  26.1 0.00990 0.00986 0.01690  19062    1128215.6 0.0072
6  1  26.1 0.01010 0.01006 0.01690  18872    1116970.2 0.0073
6  1  26.1 0.01030 0.01025 0.01690  18822    1114010.9 0.0073
6  1  26.1 0.01050 0.01055 0.01690  18932    1120521.4 0.0073
6  1  26.1 0.01070 0.01074 0.01690  18850    1115668.1 0.0073
6  1  26.1 0.01090 0.01094 0.01690  18834    1114721.1 0.0073
6  1  26.1 0.01110 0.01113 0.01690  19010    1125137.9 0.0073
6  1  26.1 0.01130 0.01133 0.01690  18678    1105488.0 0.0073
6  1  26.1 0.01150 0.01152 0.01690  18874    1117088.6 0.0073
6  1  26.1 0.01170 0.01172 0.01690  18636    1103002.1 0.0073
6  1  26.1 0.01190 0.01191 0.01690  18752    1109867.8 0.0073
6  1  26.1 0.01210 0.01211 0.01690  18692    1106316.6 0.0073
6  1  26.1 0.01230 0.01230 0.01690  18630    1102647.0 0.0073
6  1  26.1 0.01250 0.01250 0.01690  18284    1082168.4 0.0074
6  1  26.1 0.01270 0.01270 0.01690  18088    1070567.9 0.0074
6  1  26.1 0.01290 0.01289 0.01690  17322    1025230.9 0.0076
6  1  26.1 0.01310 0.01309 0.01690  16538     978828.6 0.0078
6  1  26.1 0.01330 0.01328 0.01690  15634     925323.9 0.0080
6  1  26.1 0.01350 0.01348 0.01690  14182     839384.9 0.0084
6  1  26.1 0.01370 0.01367 0.01690  13012     770136.5 0.0088
6  1  26.1 0.01390 0.01387 0.01690  11246     665612.9 0.0094
6  1  26.1 0.01410 0.01406 0.01690   9806     580384.1 0.0101
6  1  26.1 0.01430 0.01426 0.01690   8156     482726.2 0.0111
6  1  26.1 0.01450 0.01445 0.01690   6792     401995.6 0.0121
6  1  26.1 0.01470 0.01475 0.01690   5190     307178.6 0.0139
6  1  26.1 0.01490 0.01494 0.01690   4402     260539.6 0.0151
6  1  26.1 0.01510 0.01514 0.01690   3676     217570.1 0.0165
6  1  26.1 0.01530 0.01533 0.01690   3290     194724.0 0.0174
6  1  26.1 0.01550 0.01553 0.01690   3010     178151.8 0.0182
6  1  26.1 0.01570 0.01572 0.01690   2750     162763.2 0.0191
6  1  26.1 0.01590 0.01592 0.01690   2688     159093.7 0.0193
6  1  26.1 0.01610 0.01611 0.01690   2438     144297.0 0.0203
6  1  26.1 0.01630 0.01631 0.01690   2396     141811.2 0.0204
6  1  26.1 0.01650 0.01650 0.01690   2366     140035.6 0.0206
6  1  26.1 0.01670 0.01670 0.01690   2322     137431.4 0.0208
6  1  26.1 0.01690 0.01689 0.01690   2286     135300.6 0.0209
6  1  26.1 0.01710 0.01709 0.01696   2244     132336.6 0.0211
6  1  26.1 0.01730 0.01729 0.01696   2226     131275.1 0.0212
6  1  26.1 0.01750 0.01748 0.01749   2230     127489.9 0.0212
6  1  26.1 0.01770 0.01768 0.01768   2242     126791.5 0.0211
6  1  26.1 0.01790 0.01787 0.01768   2320     131202.6 0.0208
6  1  26.1 0.01810 0.01807 0.01899   2312     121751.2 0.0208
6  1  26.1 0.01830 0.01826 0.01899   2232     117538.4 0.0212
6  1  26.1 0.01850 0.01846 0.01953   2326     119070.7 0.0207
6  1  26.1 0.01870 0.01865 0.02036   2260     111006.1 0.0210
6  1  26.1 0.01890 0.01895 0.02119   2260     106635.7 0.0210
6  1  26.1 0.01910 0.01914 0.02135   2224     104181.5 0.0212
6  1  26.1 0.01930 0.01934 0.02135   2302     107835.3 0.0208
6  1  26.1 0.01950 0.01953 0.02283   2264      99174.9 0.0210
6  1  26.1 0.01970 0.01973 0.02320   2224      95844.2 0.0212
6  1  26.1 0.01990 0.01992 0.02424   2246      92642.4 0.0211
6  1  26.1 0.02010 0.02012 0.02614   2282      87286.2 0.0209
6  1  26.1 0.02030 0.02031 0.02614   2246      85909.2 0.0211
6  1  26.1 0.02050 0.02051 0.02874   2266      78855.5 0.0210
6  1  26.1 0.02070 0.02070 0.02874   2244      78089.9 0.0211
6  1  26.1 0.02090 0.02090 0.03319   2350      70811.0 0.0206
6  1  26.1 0.02110 0.02109 0.03549   2226      62727.7 0.0212
6  1  26.1 0.02130 0.02129 0.03962   2278      57490.6 0.0210
6  1  26.1 0.02150 0.02148 0.04551   2378      52253.4 0.0205
6  1  26.1 0.02170 0.02168 0.05112   2288      44754.9 0.0209
6  1  26.1 0.02190 0.02188 0.05855   2288      39075.0 0.0209
6  1  26.1 0.02210 0.02207 0.06748   2362      35001.4 0.0206
6  1  26.1 0.02230 0.02227 0.07942   2320      29211.3 0.0208
6  1  26.1 0.02250 0.02246 0.08780   2262      25763.7 0.0210
6  1  26.1 0.02270 0.02266 0.09903   2298      23205.3 0.0209
6  1  26.1 0.02290 0.02285 0.11660   2248      19279.7 0.0211
6  1  26.1 0.02310 0.02314 0.13355   2238      16758.0 0.0211
6  1  26.1 0.02330 0.02334 0.14541   2292      15761.9 0.0209
6  1  26.1 0.02350 0.02354 0.15198   2286      15041.4 0.0209
6  1  26.1 0.02370 0.02373 0.16667   2296      13775.6 0.0209
6  1  26.1 0.02390 0.02393 0.17771   2300      12942.6 0.0209
6  1  26.1 0.02410 0.02412 0.18030   2292      12711.8 0.0209
6  1  26.1 0.02430 0.02432 0.19007   2340      12311.6 0.0207
6  1  26.1 0.02450 0.02451 0.19007   2258      11880.1 0.0210
6  1  26.1 0.02470 0.02471 0.19007   2256      11869.6 0.0211
6  1  26.1 0.02490 0.02490 0.20402   2248      11018.4 0.0211
6  1  26.1 0.02510 0.02510 0.20869   2316      11097.9 0.0208
6  1  26.1 0.02530 0.02529 0.21621   2284      10563.8 0.0209
6  1  26.1 0.02550 0.02549 0.22299   2224       9973.4 0.0212
6  1  26.1 0.02570 0.02568 0.22937   2226       9704.9 0.0212
6  1  26.1 0.02590 0.02588 0.22937   2266       9879.3 0.0210
6  1  26.1 0.02610 0.02607 0.24621   2256       9162.9 0.0211
6  1  26.1 0.02630 0.02627 0.24621   2308       9374.1 0.0208
6  1  26.1 0.02650 0.02646 0.26378   2328       8825.6 0.0207
6  1  26.1 0.02670 0.02666 0.26378   2280       8643.6 0.0209
6  1  26.1 0.02690 0.02686 0.27085   2240       8270.3 0.0211
6  1  26.1 0.02710 0.02715 0.30426   2330       7657.9 0.0207
6  1  26.1 0.02730 0.02734 0.32132   2408       7494.0 0.0204
6  1  26.1 0.02750 0.02754 0.32132   2250       7002.3 0.0211
6  1  26.1 0.02770 0.02773 0.34227   2282       6667.2 0.0209
6  1  26.1 0.02790 0.02793 0.36494   2316       6346.3 0.0208
6  1  26.1 0.02810 0.02813 0.38961   2290       5877.6 0.0209
6  1  26.1 0.02830 0.02832 0.43170   2322       5378.8 0.0208
6  1  26.1 0.02850 0.02852 0.44532   2330       5232.2 0.0207
6  1  26.1 0.02870 0.02871 0.47764   2344       4907.4 0.0207
6  1  26.1 0.02890 0.02891 0.51986   2306       4435.8 0.0208
6  1  26.1 0.02910 0.02910 0.54849   2228       4062.0 0.0212
6  1  26.1 0.02930 0.02930 0.59626   2232       3743.3 0.0212
6  1  26.1 0.02950 0.02949 0.68223   2318       3397.7 0.0208
6  1  26.1 0.02970 0.02969 0.72951   2232       3059.6 0.0212
6  1  26.1 0.02990 0.02988 0.81668   2226       2725.7 0.0212
6  1  26.1 0.03010 0.03008 0.90552   2268       2504.7 0.0210
6  1  26.1 0.03030 0.03027 1.03196   2256       2186.1 0.0211
6  1  26.1 0.03050 0.03047 1.14179   2280       1996.9 0.0209
6  1  26.1 0.03070 0.03066 1.21000   1972       1629.8 0.0225
6  1  26.1 0.03090 0.03086 1.21000   1806       1492.6 0.0235
6  1  26.1 0.03110 0.03105 1.21000   1750       1446.3 0.0239
6  1  26.1 0.03130 0.03135 1.21000   1562       1290.9 0.0253
6  1  26.1 0.03150 0.03154 1.21000   1422       1175.2 0.0265
6  1  26.1 0.03170 0.03174 1.21000   1438       1188.4 0.0264
6  1  26.1 0.03190 0.03193 1.21000   1310       1082.6 0.0276
6  1  26.1 0.03210 0.03213 1.21000   1270       1049.6 0.0281
6  1  26.1 0.03230 0.03232 1.21000   1244       1028.1 0.0284
6  1  26.1 0.03250 0.03252 1.21000   1264       1044.6 0.0281
6  1  26.1 0.03270 0.03271 1.21000   1162        960.3 0.0293
6  1  26.1 0.03290 0.03291 1.21000   1094        904.1 0.0302
6  1  26.1 0.03310 0.03311 1.21000   1090        900.8 0.0303
6  1  26.1 0.03330 0.03330 1.21000   1062        877.7 0.0307
6  1  26.1 0.03350 0.03350 1.21000   1066        881.0 0.0306
6  1  26.1 0.03370 0.03369 1.21000    926        765.3 0.0329
6  1  26.1 0.03390 0.03389 1.21000    952        786.8 0.0324
6  1  26.1 0.03410 0.03408 1.21000    972        803.3 0.0321
6  1  26.1 0.03430 0.03428 1.21000    916        757.0 0.0330
6  1  26.1 0.03450 0.03447 1.21000    886        732.2 0.0336
6  1  26.1 0.03470 0.03467 1.21000    852        704.1 0.0343
6  1  26.1 0.03490 0.03486 1.21000    804        664.5 0.0353
6  1  26.1 0.03510 0.03506 1.21000    822        679.3 0.0349
6  1  26.1 0.03530 0.03525 1.21000    808        667.8 0.0352
6  1  26.1 0.03550 0.03555 1.21000    702        580.2 0.0377
6  1  26.1 0.03570 0.03574 1.21000    662        547.1 0.0389
6  1  26.1 0.03590 0.03594 1.21000    670        553.7 0.0386
6  1  26.1 0.03610 0.03613 1.21000    630        520.7 0.0398
6  1  26.1 0.03630 0.03633 1.21000    622        514.0 0.0401
6  1  26.1 0.03650 0.03652 1.21000    616        509.1 0.0403
6  1  26.1 0.03670 0.03672 1.21000    538        444.6 0.0431
6  1  26.1 0.03690 0.03691 1.21000    464        383.5 0.0464
6  1  26.1 0.03710 0.03711 1.21000    500        413.2 0.0447
6  1  26.1 0.03730 0.03730 1.21000    426        352.1 0.0485
6  1  26.1 0.03750 0.03750 1.21000    454        375.2 0.0469
6  1  26.1 0.03770 0.03770 1.21000    418        345.5 0.0489
6  1  26.1 0.03790 0.03789 1.21000    410        338.8 0.0494
6  1  26.1 0.03810 0.03809 1.21000    372        307.4 0.0518
6  1  26.1 0.03830 0.03828 1.21000    366        302.5 0.0523
6  1  26.1 0.03850 0.03848 1.21000    330        272.7 0.0550
6  1  26.1 0.03870 0.03867 1.21000    356        294.2 0.0530
6  1  26.0 0.03890 0.03887 1.21000    320        264.5 0.0559
6  1  26.0 0.03910 0.03906 1.21000    314        259.5 0.0564
6  1  26.0 0.03930 0.03926 1.21000    284        234.7 0.0593
6  1  26.0 0.03950 0.03945 1.21000    270        223.1 0.0609
6  1  26.0 0.03970 0.03975 1.21000    278        229.8 0.0600
6  1  26.0 0.03990 0.03994 1.21000    290        239.7 0.0587
6  2  26.0 0.00010 0.00010 1.21000    282        233.1 0.0595
6  2  26.0 0.00030 0.00029 1.21000    456        376.9 0.0468
6  2  26.0 0.00050 0.00049 1.21000    928        766.9 0.0328
6  2  26.0 0.00070 0.00068 1.21000   1840       1520.7 0.0233
6  2  26.0 0.00090 0.00088 1.21000   4248       3510.7 0.0153
6  2  26.0 0.00110 0.00107 1.21000   9166       7575.2 0.0104
6  2  26.0 0.00130 0.00127 1.21000  18442      15241.3 0.0074
6  2  26.0 0.00150 0.00146 1.21000  35880      29652.9 0.0053
6  2  26.0 0.00170 0.00166 1.21000  67632      55894.2 0.0038
6  2  26.0 0.00190 0.00186 0.51847  69862     134745.6 0.0038
6  2  26.0 0.00210 0.00215 0.21560  71394     331144.8 0.0037
6  2  26.0 0.00230 0.00234 0.11999  72718     606018.4 0.0037
6  2  26.0 0.00250 0.00254 0.07202  72650    1008800.2 0.0037
6  2  26.0 0.00270 0.00273 0.04584  71776    1565786.9 0.0037
6  2  26.0 0.00290 0.00293 0.03253  72448    2227244.3 0.0037
6  2  26.0 0.00310 0.00313 0.02521  71822    2849423.2 0.0037
6  2  26.0 0.00330 0.00332 0.02113  72006    3408150.0 0.0037
6  2  26.0 0.00350 0.00352 0.01893  72210    3815315.4 0.0037
6  2  26.0 0.00370 0.00371 0.01893  77378    4088373.9 0.0036
6  2  26.0 0.00390 0.00391 0.01681  71924    4279663.3 0.0037
6  2  26.0 0.00410 0.00410 0.01681  73892    4396764.4 0.0037
6  2  26.0 0.00430 0.00430 0.01681  75162    4472332.7 0.0036
6  2  26.0 0.00450 0.00449 0.01681  76010    4522790.9 0.0036
6  2  26.0 0.00470 0.00469 0.01681  76578    4556588.3 0.0036
6  2  26.0 0.00490 0.00488 0.01681  76956    4579080.3 0.0036
6  2  26.0 0.00510 0.00508 0.01681  77194    4593241.9 0.0036
6  2  26.0 0.00530 0.00527 0.01681  77320    4600739.2 0.0036
6  2  26.0 0.00550 0.00547 0.01681  77328    4601215.3 0.0036
6  2  26.0 0.00570 0.00566 0.01681  77256    4596931.1 0.0036
6  2  26.0 0.00590 0.00586 0.01681  77066    4585625.6 0.0036
6  2  26.0 0.00610 0.00605 0.01681  76718    4564918.7 0.0036
6  2  26.0 0.00630 0.00635 0.01681  75888    4515531.5 0.0036
6  2  26.0 0.00650 0.00654 0.01681  74908    4457219.0 0.0037
6  2  26.0 0.00670 0.00674 0.01681  73416    4368441.2 0.0037
6  2  26.0 0.00690 0.00693 0.01681  71154    4233846.3 0.0037
6  2  26.0 0.00710 0.00713 0.01681  67438    4012734.8 0.0039
6  2  26.0 0.00730 0.00732 0.01681  62386    3712127.8 0.0040
6  2  26.0 0.00750 0.00752 0.01681  55240    3286922.3 0.0043
6  2  26.0 0.00770 0.00771 0.01681  47064    2800429.3 0.0046
6  2  26.0 0.00790 0.00791 0.01681  38000    2261097.9 0.0051
6  2  26.0 0.00810 0.00811 0.01681  30580    1819588.8 0.0057
6  2  26.0 0.00830 0.00830 0.01681  25122    1494823.7 0.0063
6  2  26.0 0.00850 0.00850 0.01681  21830    1298941.2 0.0068
6  2  26.0 0.00870 0.00869 0.01681  19424    1155778.1 0.0072
6  2  26.0 0.00890 0.00889 0.01681  18252    1086041.0 0.0074
6  2  26.0 0.00910 0.00908 0.01681  17730    1054980.7 0.0075
6  2  26.0 0.00930 0.00928 0.01681  17312    1030108.6 0.0076
6  2  26.0 0.00950 0.00947 0.01681  17038    1013804.9 0.0077
6  2  26.0 0.00970 0.00967 0.01681  17076    1016066.0 0.0077
6  2  26.0 0.00990 0.00986 0.01681  16866    1003570.5 0.0077
6  2  26.0 0.01010 0.01006 0.01681  16776     998215.2 0.0077
6  2  26.0 0.01030 0.01025 0.01681  16840    1002023.4 0.0077
6  2  26.0 0.01050 0.01055 0.01681  16720     994883.1 0.0077
6  2  26.0 0.01070 0.01074 0.01681  16830    1001428.4 0.0077
6  2  26.0 0.01090 0.01094 0.01681  16748     996549.2 0.0077
6  2  26.0 0.01110 0.01113 0.01681  16982    1010472.8 0.0077
6  2  26.0 0.01130 0.01133 0.01681  16682     992622.0 0.0077
6  2  26.0 0.01150 0.01152 0.01681  16650     990717.9 0.0077
6  2  26.0 0.01170 0.01172 0.01681  16908    1006069.6 0.0077
6  2  26.0 0.01190 0.01191 0.01681  16590     987147.7 0.0078
6  2  26.0 0.01210 0.01211 0.01681  16514     982625.6 0.0078
6  2  26.0 0.01230 0.01230 0.01681  16434     977865.3 0.0078
6  2  26.0 0.01250 0.01250 0.01681  16276     968463.9 0.0078
6  2  26.0 0.01270 0.01270 0.01681  15878     944781.9 0.0079
6  2  26.0 0.01290 0.01289 0.01681  15238     906700.3 0.0081
6  2  26.0 0.01310 0.01309 0.01681  14326     852433.9 0.0084
6  2  26.0 0.01330 0.01328 0.01681  13346     794121.4 0.0087
6  2  26.0 0.01350 0.01348 0.01681  12102     720100.2 0.0091
6  2  26.0 0.01370 0.01367 0.01681  10646     633464.4 0.0097
6  2  26.0 0.01390 0.01387 0.01681   9204     547661.7 0.0104
6  2  26.0 0.01410 0.01406 0.01681   7960     473640.5 0.0112
6  2  26.0 0.01430 0.01426 0.01681   6640     395097.1 0.0123
6  2  26.0 0.01450 0.01445 0.01681   5440     323694.0 0.0136
6  2  26.0 0.01470 0.01475 0.01681   4166     247887.7 0.0155
6  2  26.0 0.01490 0.01494 0.01681   3444     204926.9 0.0170
6  2  26.0 0.01510 0.01514 0.01681   2936     174699.6 0.0185
6  2  26.0 0.01530 0.01533 0.01681   2562     152445.6 0.0198
6  2  26.0 0.01550 0.01553 0.01681   2314     137689.0 0.0208
6  2  26.0 0.01570 0.01572 0.01681   2262     134594.8 0.0210
6  2  26.0 0.01590 0.01592 0.01825   2256     123582.7 0.0211
6  2  26.0 0.01610 0.01611 0.01873   2234     119293.3 0.0212
6  2  26.0 0.01630 0.01631 0.01939   2230     115022.7 0.0212
6  2  26.0 0.01650 0.01650 0.01960   2244     114494.7 0.0211
6  2  26.0 0.01670 0.01670 0.02063   2276     110331.8 0.0210
6  2  26.0 0.01690 0.01689 0.02067   2240     108391.2 0.0211
6  2  26.0 0.01710 0.01709 0.02067   2234     108100.9 0.0212
6  2  26.0 0.01730 0.01729 0.02189   2320     105988.1 0.0208
6  2  26.0 0.01750 0.01748 0.02189   2308     105439.9 0.0208
6  2  26.0 0.01770 0.01768 0.02189   2226     101693.8 0.0212
6  2  26.0 0.01790 0.01787 0.02264   2258      99745.4 0.0210
6  2  26.0 0.01810 0.01807 0.02348   2274      96867.7 0.0210
6  2  26.0 0.01830 0.01826 0.02354   2256      95841.5 0.0211
6  2  26.0 0.01850 0.01846 0.02354   2262      96096.4 0.0210
6  2  26.0 0.01870 0.01865 0.02484   2266      91219.6 0.0210
6  2  26.0 0.01890 0.01895 0.02604   2240      86033.6 0.0211
6  2  26.0 0.01910 0.01914 0.02604   2232      85726.3 0.0212
6  2  26.0 0.01930 0.01934 0.02681   2280      85055.6 0.0209
6  2  26.0 0.01950 0.01953 0.02796   2270      81176.3 0.0210
6  2  26.0 0.01970 0.01973 0.02981   2304      77284.7 0.0208
6  2  26.0 0.01990 0.01992 0.02981   2242      75205.0 0.0211
6  2  26.0 0.02010 0.02012 0.03444   2414      70095.0 0.0204
6  2  26.0 0.02030 0.02031 0.03444   2270      65913.6 0.0210
6  2  26.0 0.02050 0.02051 0.03621   2286      63132.5 0.0209
6  2  26.0 0.02070 0.02070 0.03973   2280      57381.9 0.0209
6  2  26.0 0.02090 0.02090 0.04245   2280      53714.8 0.0209
6  2  26.0 0.02110 0.02109 0.04810   2304      47900.4 0.0208
6  2  26.0 0.02130 0.02129 0.05290   2246      42455.0 0.0211
6  2  26.0 0.02150 0.02148 0.05895   2246      38098.6 0.0211
6  2  26.0 0.02170 0.02168 0.06830   2236      32739.8 0.0211
6  2  26.0 0.02190 0.02188 0.08377   2264      27025.4 0.0210
6  2  26.0 0.02210 0.02207 0.09373   2292      24453.8 0.0209
6  2  26.0 0.02230 0.02227 0.10561   2310      21872.9 0.0208
6  2  26.0 0.02250 0.02246 0.13066   2358      18046.9 0.0206
6  2  26.0 0.02270 0.02266 0.14423   2346      16265.9 0.0206
6  2  26.0 0.02290 0.02285 0.16268   2234      13732.7 0.0212
6  2  26.0 0.02310 0.02314 0.18036   2256      12508.5 0.0211
6  2  26.0 0.02330 0.02334 0.20573   2224      10810.5 0.0212
6  2  26.0 0.02350 0.02354 0.21492   2282      10617.8 0.0209
6  2  26.0 0.02370 0.02373 0.22806   2238       9813.2 0.0211
6  2  26.0 0.02390 0.02393 0.22806   2244       9839.6 0.0211
6  2  26.0 0.02410 0.02412 0.24051   2306       9588.1 0.0208
6  2  26.0 0.02430 0.02432 0.25375   2284       9000.8 0.0209
6  2  26.0 0.02450 0.02451 0.25375   2248       8859.0 0.0211
6  2  26.0 0.02470 0.02471 0.27127   2360       8699.8 0.0206
6  2  26.0 0.02490 0.02490 0.27127   2258       8323.8 0.0210
6  2  26.0 0.02510 0.02510 0.27127   2284       8419.6 0.0209
6  2  26.0 0.02530 0.02529 0.28432   2294       8068.3 0.0209
6  2  26.0 0.02550 0.02549 0.30257   2294       7581.7 0.0209
6  2  26.0 0.02570 0.02568 0.30560   2228       7290.7 0.0212
6  2  26.0 0.02590 0.02588 0.32243   2298       7127.2 0.0209
6  2  26.0 0.02610 0.02607 0.32834   2230       6791.8 0.0212
6  2  26.0 0.02630 0.02627 0.34479   2340       6786.8 0.0207
6  2  26.0 0.02650 0.02646 0.35968   2314       6433.5 0.0208
6  2  26.0 0.02670 0.02666 0.35968   2274       6322.3 0.0210
6  2  26.0 0.02690 0.02686 0.37949   2236       5892.1 0.0211
6  2  26.0 0.02710 0.02715 0.40886   2248       5498.3 0.0211
6  2  26.0 0.02730 0.02734 0.43063   2224       5164.5 0.0212
6  2  26.0 0.02750 0.02754 0.44290   2240       5057.6 0.0211
6  2  26.0 0.02770 0.02773 0.47512   2252       4739.8 0.0211
6  2  26.0 0.02790 0.02793 0.49658   2282       4595.5 0.0209
6  2  26.0 0.02810 0.02813 0.49658   2242       4514.9 0.0211
6  2  26.0 0.02830 0.02832 0.56124   2252       4012.5 0.0211
6  2  26.0 0.02850 0.02852 0.61149   2326       3803.8 0.0207
6  2  26.0 0.02870 0.02871 0.64540   2270       3517.2 0.0210
6  2  26.0 0.02890 0.02891 0.72151   2252       3121.2 0.0211
6  2  26.0 0.02910 0.02910 0.81643   2336       2861.2 0.0207
6  2  26.0 0.02930 0.02930 0.88801   2350       2646.4 0.0206
6  2  25.9 0.02950 0.02949 0.96103   2298       2391.2 0.0209
6  2  25.9 0.02970 0.02969 1.08427   2290       2112.0 0.0209
6  2  25.9 0.02990 0.02988 1.21000   1988       1643.0 0.0224
6  2  25.9 0.03010 0.03008 1.21000   1826       1509.1 0.0234
6  2  25.9 0.03030 0.03027 1.21000   1630       1347.1 0.0248
6  2  25.9 0.03050 0.03047 1.21000   1512       1249.6 0.0257
6  2  25.9 0.03070 0.03066 1.21000   1342       1109.1 0.0273
6  2  25.9 0.03090 0.03086 1.21000   1264       1044.6 0.0281
6  2  25.9 0.03110 0.03105 1.21000   1174        970.2 0.0292
6  2  25.9 0.03130 0.03135 1.21000   1012        836.4 0.0314
6  2  25.9 0.03150 0.03154 1.21000    976        806.6 0.0320
6  2  25.9 0.03170 0.03174 1.21000    928        766.9 0.0328
6  2  25.9 0.03190 0.03193 1.21000    988        816.5 0.0318
6  2  25.9 0.03210 0.03213 1.21000    902        745.5 0.0333
6  2  25.9 0.03230 0.03232 1.21000    838        692.6 0.0345
6  2  25.9 0.03250 0.03252 1.21000    814        672.7 0.0350
6  2  25.9 0.03270 0.03271 1.21000    812        671.1 0.0351
6  2  25.9 0.03290 0.03291 1.21000    808        667.8 0.0352
6  2  25.9 0.03310 0.03311 1.21000    788        651.2 0.0356
6  2  25.9 0.03330 0.03330 1.21000    774        639.7 0.0359
6  2  25.9 0.03350 0.03350 1.21000    694        573.6 0.0380
6  2  25.9 0.03370 0.03369 1.21000    684        565.3 0.0382
6  2  25.9 0.03390 0.03389 1.21000    678        560.3 0.0384
6  2  25.9 0.03410 0.03408 1.21000    670        553.7 0.0386
6  2  25.9 0.03430 0.03428 1.21000    680        562.0 0.0383
6  2  25.9 0.03450 0.03447 1.21000    642        530.6 0.0395
6  2  25.9 0.03470 0.03467 1.21000    588        486.0 0.0412
6  2  25.9 0.03490 0.03486 1.21000    566        467.8 0.0420
6  2  25.9 0.03510 0.03506 1.21000    576        476.0 0.0417
6  2  25.9 0.03530 0.03525 1.21000    536        443.0 0.0432
6  2  25.9 0.03550 0.03555 1.21000    522        431.4 0.0438
6  2  25.9 0.03570 0.03574 1.21000    532        439.7 0.0434
6  2  25.9 0.03590 0.03594 1.21000    450        371.9 0.0471
6  2  25.9 0.03610 0.03613 1.21000    482        398.3 0.0455
6  2  25.9 0.03630 0.03633 1.21000    424        350.4 0.0486
6  2  25.9 0.03650 0.03652 1.21000    416        343.8 0.0490
6  2  25.9 0.03670 0.03672 1.21000    420        347.1 0.0488
6  2  25.9 0.03690 0.03691 1.21000    368        304.1 0.0521
6  2  25.9 0.03710 0.03711 1.21000    360        297.5 0.0527
6  2  25.9 0.03730 0.03730 1.21000    370        305.8 0.0520
6  2  25.9 0.03750 0.03750 1.21000    298        246.3 0.0579
6  2  25.9 0.03770 0.03770 1.21000    320        264.5 0.0559
6  2  25.9 0.03790 0.03789 1.21000    296        244.6 0.0581
6  2  25.9 0.03810 0.03809 1.21000    244        201.7 0.0640
6  2  25.9 0.03830 0.03828 1.21000    278        229.8 0.0600
6  2  25.9 0.03850 0.03848 1.21000    274        226.4 0.0604
6  2  25.9 0.03870 0.03867 1.21000    252        208.3 0.0630
6  2  25.9 0.03890 0.03887 1.21000    258        213.2 0.0623
6  2  25.9 0.03910 0.03906 1.21000    234        193.4 0.0654
6  2  25.9 0.03930 0.03926 1.21000    206        170.2 0.0697
6  2  25.9 0.03950 0.03945 1.21000    230        190.1 0.0659
6  2  25.9 0.03970 0.03975 1.21000    206        170.2 0.0697
6  2  25.9 0.03990 0.03994 1.21000    218        180.2 0.0677
6  3  25.9 0.00010 0.00010 1.21000    236        195.0 0.0651
6  3  25.9 0.00030 0.00029 1.21000    432        357.0 0.0481
6  3  25.8 0.00050 0.00049 1.21000   1078        890.9 0.0305
6  3  25.8 0.00070 0.00068 1.21000   2066       1707.4 0.0220
6  3  25.8 0.00090 0.00088 1.21000   4524       3738.8 0.0149
6  3  25.8 0.00110 0.00107 1.21000   9094       7515.7 0.0105
6  3  25.8 0.00130 0.00127 1.21000  17974      14854.5 0.0075
6  3  25.8 0.00150 0.00146 1.21000  39654      32771.9 0.0050
6  3  25.8 0.00170 0.00166 1.21000  71556      59137.2 0.0037
6  3  25.8 0.00190 0.00186 0.54154  73388     135516.7 0.0037
6  3  25.8 0.00210 0.00215 0.21302  70858     332641.9 0.0038
6  3  25.8 0.00230 0.00234 0.11868  71684     604024.5 0.0037
6  3  25.8 0.00250 0.00254 0.07114  71918    1010953.1 0.0037
6  3  25.8 0.00270 0.00273 0.04569  71614    1567288.6 0.0037
6  3  25.8 0.00290 0.00293 0.03312  72214    2180232.9 0.0037
6  3  25.8 0.00310 0.00313 0.02511  71880    2862426.6 0.0037
6  3  25.8 0.00330 0.00332 0.02123  72410    3410658.2 0.0037
6  3  25.8 0.00350 0.00352 0.01883  71172    3779211.2 0.0037
6  3  25.8 0.00370 0.00371 0.01883  76508    4062551.2 0.0036
6  3  25.8 0.00390 0.00391 0.01693  71918    4247168.3 0.0037
6  3  25.8 0.00410 0.00410 0.01693  73810    4358901.7 0.0037
6  3  25.8 0.00430 0.00430 0.01693  75098    4434965.4 0.0036
6  3  25.8 0.00450 0.00449 0.01693  75932    4484217.9 0.0036
6  3  25.8 0.00470 0.00469 0.01693  76504    4517997.8 0.0036
6  3  25.8 0.00490 0.00488 0.01693  76880    4540202.7 0.0036
6  3  25.8 0.00510 0.00508 0.01693  77118    4554258.0 0.0036
6  3  25.8 0.00530 0.00527 0.01693  77252    4562171.4 0.0036
6  3  25.8 0.00550 0.00547 0.01693  77286    4564179.3 0.0036
6  3  25.8 0.00570 0.00566 0.01693  77204    4559336.8 0.0036
6  3  25.8 0.00590 0.00586 0.01693  77012    4547998.1 0.0036
6  3  25.8 0.00610 0.00605 0.01693  76676    4528155.3 0.0036
6  3  25.8 0.00630 0.00635 0.01693  75838    4478666.7 0.0036
6  3  25.8 0.00650 0.00654 0.01693  74886    4422445.6 0.0037
6  3  25.8 0.00670 0.00674 0.01693  73410    4335279.4 0.0037
6  3  25.8 0.00690 0.00693 0.01693  71214    4205593.1 0.0037
6  3  25.8 0.00710 0.00713 0.01693  67384    3979409.7 0.0039
6  3  25.8 0.00730 0.00732 0.01693  62568    3694997.4 0.0040
6  3  25.8 0.00750 0.00752 0.01693  55954    3304403.0 0.0042
6  3  25.8 0.00770 0.00771 0.01693  47796    2822626.5 0.0046
6  3  25.8 0.00790 0.00791 0.01693  39114    2309904.9 0.0051
6  3  25.8 0.00810 0.00811 0.01693  31934    1885884.9 0.0056
6  3  25.8 0.00830 0.00830 0.01693  27172    1604661.7 0.0061
6  3  25.8 0.00850 0.00850 0.01693  23592    1393242.2 0.0065
6  3  25.8 0.00870 0.00869 0.01693  21718    1282571.8 0.0068
6  3  25.8 0.00890 0.00889 0.01693  20674    1220917.7 0.0070
6  3  25.8 0.00910 0.00908 0.01693  19796    1169066.8 0.0071
6  3  25.8 0.00930 0.00928 0.01693  19462    1149342.2 0.0072
6  3  25.8 0.00950 0.00947 0.01693  19588    1156783.2 0.0071
6  3  25.8 0.00970 0.00967 0.01693  19542    1154066.6 0.0072
6  3  25.8 0.00990 0.00986 0.01693  19298    1139657.0 0.0072
6  3  25.8 0.01010 0.01006 0.01693  19204    1134105.8 0.0072
6  3  25.8 0.01030 0.01025 0.01693  19266    1137767.2 0.0072
6  3  25.8 0.01050 0.01055 0.01693  19264    1137649.1 0.0072
6  3  25.8 0.01070 0.01074 0.01693  19290    1139184.6 0.0072
6  3  25.8 0.01090 0.01094 0.01693  19174    1132334.1 0.0072
6  3  25.8 0.01110 0.01113 0.01693  19156    1131271.1 0.0072
6  3  25.8 0.01130 0.01133 0.01693  19300    1139775.1 0.0072
6  3  25.8 0.01150 0.01152 0.01693  19250    1136822.3 0.0072
6  3  25.8 0.01170 0.01172 0.01693  19190    1133279.0 0.0072
6  3  25.8 0.01190 0.01191 0.01693  19198    1133751.5 0.0072
6  3  25.8 0.01210 0.01211 0.01693  19080    1126782.9 0.0072
6  3  25.8 0.01230 0.01230 0.01693  18982    1120995.4 0.0073
6  3  25.8 0.01250 0.01250 0.01693  18802    1110365.4 0.0073
6  3  25.8 0.01270 0.01270 0.01693  18654    1101625.1 0.0073
6  3  25.8 0.01290 0.01289 0.01693  18048    1065837.4 0.0074
6  3  25.8 0.01310 0.01309 0.01693  17546    1036191.4 0.0075
6  3  25.8 0.01330 0.01328 0.01693  16516     975364.0 0.0078
6  3  25.8 0.01350 0.01348 0.01693  15430     911229.5 0.0081
6  3  25.8 0.01370 0.01367 0.01693  14014     827606.7 0.0084
6  3  25.8 0.01390 0.01387 0.01693  12548     741031.0 0.0089
6  3  25.8 0.01410 0.01406 0.01693  10838     640045.7 0.0096
6  3  25.8 0.01430 0.01426 0.01693   9358     552643.3 0.0103
6  3  25.8 0.01450 0.01445 0.01693   8048     475280.3 0.0111
6  3  25.8 0.01470 0.01475 0.01693   5974     352798.8 0.0129
6  3  25.8 0.01490 0.01494 0.01693   5122     302483.3 0.0140
6  3  25.8 0.01510 0.01514 0.01693   4330     255711.2 0.0152
6  3  25.8 0.01530 0.01533 0.01693   3870     228545.6 0.0161
6  3  25.8 0.01550 0.01553 0.01693   3366     198781.5 0.0172
6  3  25.8 0.01570 0.01572 0.01693   3156     186379.8 0.0178
6  3  25.8 0.01590 0.01592 0.01693   2936     173387.6 0.0185
6  3  25.8 0.01610 0.01611 0.01693   2812     166064.6 0.0189
6  3  25.8 0.01630 0.01631 0.01693   2780     164174.9 0.0190
6  3  25.8 0.01650 0.01650 0.01693   2562     151300.7 0.0198
6  3  25.8 0.01670 0.01670 0.01693   2532     149529.0 0.0199
6  3  25.8 0.01690 0.01689 0.01693   2586     152718.1 0.0197
6  3  25.8 0.01710 0.01709 0.01693   2452     144804.6 0.0202
6  3  25.8 0.01730 0.01729 0.01693   2374     140198.2 0.0205
6  3  25.8 0.01750 0.01748 0.01693   2370     139962.0 0.0205
6  3  25.8 0.01770 0.01768 0.01693   2402     141851.8 0.0204
6  3  25.8 0.01790 0.01787 0.01693   2276     134410.8 0.0210
6  3  25.8 0.01810 0.01807 0.01726   2320     134427.1 0.0208
6  3  25.8 0.01830 0.01826 0.01749   2246     128382.2 0.0211
6  3  25.8 0.01850 0.01846 0.01819   2278     125208.8 0.0210
6  3  25.8 0.01870 0.01865 0.01848   2282     123509.4 0.0209
6  3  25.8 0.01890 0.01895 0.01937   2282     117796.1 0.0209
6  3  25.8 0.01910 0.01914 0.02016   2330     115575.1 0.0207
6  3  25.8 0.01930 0.01934 0.02016   2232     110714.0 0.0212
6  3  25.8 0.01950 0.01953 0.02016   2222     110218.0 0.0212
6  3  25.8 0.01970 0.01973 0.02156   2248     104279.5 0.0211
6  3  25.8 0.01990 0.01992 0.02294   2312     100784.2 0.0208
6  3  25.8 0.02010 0.02012 0.02351   2278      96888.8 0.0210
6  3  25.8 0.02030 0.02031 0.02439   2250      92252.4 0.0211
6  3  25.8 0.02050 0.02051 0.02662   2308      86709.1 0.0208
6  3  25.8 0.02070 0.02070 0.02735   2272      83072.2 0.0210
6  3  25.8 0.02090 0.02090 0.02936   2224      75754.5 0.0212
6  3  25.8 0.02110 0.02109 0.03103   2324      74885.6 0.0207
6  3  25.8 0.02130 0.02129 0.03449   2250      65235.6 0.0211
6  3  25.8 0.02150 0.02148 0.03890   2374      61021.9 0.0205
6  3  25.8 0.02170 0.02168 0.04246   2228      52475.2 0.0212
6  3  25.8 0.02190 0.02188 0.04909   2330      47468.4 0.0207
6  3  25.8 0.02210 0.02207 0.05300   2230      42077.9 0.0212
6  3  25.8 0.02230 0.02227 0.06332   2298      36294.3 0.0209
6  3  25.8 0.02250 0.02246 0.07113   2310      32477.5 0.0208
6  3  25.8 0.02270 0.02266 0.08072   2292      28395.8 0.0209
6  3  25.8 0.02290 0.02285 0.09283   2228      24000.4 0.0212
6  3  25.8 0.02310 0.02314 0.11341   2280      20103.5 0.0209
6  3  25.8 0.02330 0.02334 0.12156   2308      18986.4 0.0208
6  3  25.8 0.02350 0.02354 0.13306   2294      17240.6 0.0209
6  3  25.8 0.02370 0.02373 0.14106   2252      15965.2 0.0211
6  3  25.8 0.02390 0.02393 0.15287   2254      14744.4 0.0211
6  3  25.8 0.02410 0.02412 0.15287   2238      14639.7 0.0211
6  3  25.8 0.02430 0.02432 0.17001   2396      14093.3 0.0204
6  3  25.8 0.02450 0.02451 0.17016   2316      13610.4 0.0208
6  3  25.8 0.02470 0.02471 0.18024   2238      12416.7 0.0211
6  3  25.8 0.02490 0.02490 0.18287   2324      12708.6 0.0207
6  3  25.8 0.02510 0.02510 0.18896   2274      12034.5 0.0210
6  3  25.8 0.02530 0.02529 0.18896   2254      11928.7 0.0211
6  3  25.8 0.02550 0.02549 0.20428   2242      10975.0 0.0211
6  3  25.8 0.02570 0.02568 0.20898   2326      11130.0 0.0207
6  3  25.8 0.02590 0.02588 0.21455   2224      10365.8 0.0212
6  3  25.8 0.02610 0.02607 0.22236   2284      10271.8 0.0209
6  3  25.8 0.02630 0.02627 0.22769   2348      10312.5 0.0206
6  3  25.8 0.02650 0.02646 0.24274   2278       9384.5 0.0210
6  3  25.8 0.02670 0.02666 0.24561   2260       9201.4 0.0210
6  3  25.8 0.02690 0.02686 0.25841   2344       9071.0 0.0207
6  3  25.8 0.02710 0.02715 0.27602   2238       8108.2 0.0211
6  3  25.8 0.02730 0.02734 0.28686   2232       7780.8 0.0212
6  3  25.8 0.02750 0.02754 0.28686   2226       7759.9 0.0212
6  3  25.8 0.02770 0.02773 0.31245   2234       7149.9 0.0212
6  3  25.8 0.02790 0.02793 0.32322   2298       7109.8 0.0209
6  3  25.8 0.02810 0.02813 0.35010   2294       6552.5 0.0209
6  3  25.8 0.02830 0.02832 0.35136   2264       6443.5 0.0210
6  3  25.8 0.02850 0.02852 0.38972   2258       5793.8 0.0210
6  3  25.8 0.02870 0.02871 0.41805   2360       5645.3 0.0206
6  3  25.8 0.02890 0.02891 0.44149   2268       5137.1 0.0210
6  3  25.8 0.02910 0.02910 0.47236   2262       4788.7 0.0210
6  3  25.8 0.02930 0.02930 0.51351   2324       4525.7 0.0207
6  3  25.8 0.02950 0.02949 0.55647   2280       4097.2 0.0209
6  3  25.7 0.02970 0.02969 0.60691   2410       3970.9 0.0204
6  3  25.7 0.02990 0.02988 0.65592   2268       3457.8 0.0210
6  3  25.7 0.03010 0.03008 0.71443   2252       3152.1 0.0211
6  3  25.7 0.03030 0.03027 0.78923   2234       2830.6 0.0212
6  3  25.7 0.03050 0.03047 0.88118   2274       2580.6 0.0210
6  3  25.7 0.03070 0.03066 0.97711   2268       2321.1 0.0210
6  3  25.7 0.03090 0.03086 1.12666   2284       2027.2 0.0209
6  3  25.7 0.03110 0.03105 1.17143   2250       1920.7 0.0211
6  3  25.7 0.03130 0.03135 1.21000   2018       1667.8 0.0223
6  3  25.7 0.03150 0.03154 1.21000   1854       1532.2 0.0232
6  3  25.7 0.03170 0.03174 1.21000   1768       1461.2 0.0238
6  3  25.7 0.03190 0.03193 1.21000   1610       1330.6 0.0249
6  3  25.7 0.03210 0.03213 1.21000   1514       1251.2 0.0257
6  3  25.7 0.03230 0.03232 1.21000   1432       1183.5 0.0264
6  3  25.7 0.03250 0.03252 1.21000   1354       1119.0 0.0272
6  3  25.7 0.03270 0.03271 1.21000   1354       1119.0 0.0272
6  3  25.7 0.03290 0.03291 1.21000   1276       1054.5 0.0280
6  3  25.7 0.03310 0.03311 1.21000   1252       1034.7 0.0283
6  3  25.7 0.03330 0.03330 1.21000   1196        988.4 0.0289
6  3  25.7 0.03350 0.03350 1.21000   1212       1001.7 0.0287
6  3  25.7 0.03370 0.03369 1.21000   1172        968.6 0.0292
6  3  25.7 0.03390 0.03389 1.21000   1038        857.9 0.0310
6  3  25.7 0.03410 0.03408 1.21000   1092        902.5 0.0303
6  3  25.7 0.03430 0.03428 1.21000   1050        867.8 0.0309
6  3  25.7 0.03450 0.03447 1.21000    984        813.2 0.0319
6  3  25.7 0.03470 0.03467 1.21000   1034        854.5 0.0311
6  3  25.7 0.03490 0.03486 1.21000    944        780.2 0.0325
6  3  25.7 0.03510 0.03506 1.21000    882        728.9 0.0337
6  3  25.7 0.03530 0.03525 1.21000    884        730.6 0.0336
6  3  25.7 0.03550 0.03555 1.21000    778        643.0 0.0359
6  3  25.7 0.03570 0.03574 1.21000    712        588.4 0.0375
6  3  25.7 0.03590 0.03594 1.21000    772        638.0 0.0360
6  3  25.7 0.03610 0.03613 1.21000    652        538.8 0.0392
6  3  25.7 0.03630 0.03633 1.21000    658        543.8 0.0390
6  3  25.7 0.03650 0.03652 1.21000    662        547.1 0.0389
6  3  25.7 0.03670 0.03672 1.21000    598        494.2 0.0409
6  3  25.7 0.03690 0.03691 1.21000    606        500.8 0.0406
6  3  25.7 0.03710 0.03711 1.21000    574        474.4 0.0417
6  3  25.7 0.03730 0.03730 1.21000    550        454.5 0.0426
6  3  25.7 0.03750 0.03750 1.21000    538        444.6 0.0431
6  3  25.7 0.03770 0.03770 1.21000    514        424.8 0.0441
6  3  25.7 0.03790 0.03789 1.21000    464        383.5 0.0464
6  3  25.7 0.03810 0.03809 1.21000    436        360.3 0.0479
6  3  25.7 0.03830 0.03828 1.21000    378        312.4 0.0514
6  3  25.7 0.03850 0.03848 1.21000    418        345.5 0.0489
6  3  25.7 0.03870 0.03867 1.21000    362        299.2 0.0526
6  3  25.7 0.03890 0.03887 1.21000    362        299.2 0.0526
6  3  25.7 0.03910 0.03906 1.21000    344        284.3 0.0539
6  3  25.7 0.03930 0.03926 1.21000    320        264.5 0.0559
6  3  25.7 0.03950 0.03945 1.21000    312        257.9 0.0566
6  3  25.7 0.03970 0.03975 1.21000    322        266.1 0.0557
6  3  25.7 0.03990 0.03994 1.21000    314        259.5 0.0564
