# Scan Time    : Fri, 18 Mar 2022 14:23:22 +0000 (GMT) +269345000 nsec
# Board Lane   : 7
# Board Loc    : BTOF - Northwest
# SiPM Biases  :  57.089  57.162  57.258  57.012
# SiPM Currents:   1.419   1.494   1.159   1.323
#
7 -1  26.4 0.00010 0.00010 0.07028  72074    1025567.9 0.0037
7 -1  26.4 0.00030 0.00029 0.05877  72526    1234128.2 0.0037
7 -1  26.4 0.00050 0.00049 0.03417  72276    2115144.3 0.0037
7 -1  26.4 0.00070 0.00068 0.02157  71354    3308112.9 0.0037
7 -1  26.4 0.00090 0.00088 0.01489  71484    4801176.2 0.0037
7 -1  26.4 0.00110 0.00107 0.01127  71906    6381405.1 0.0037
7 -1  26.4 0.00130 0.00127 0.00894  72462    8102385.4 0.0037
7 -1  26.4 0.00150 0.00146 0.00762  70986    9320869.0 0.0038
7 -1  26.4 0.00170 0.00166 0.00762  78746   10339801.5 0.0036
7 -1  26.4 0.00190 0.00186 0.00648  73698   11376622.4 0.0037
7 -1  26.4 0.00210 0.00215 0.00648  79632   12292642.9 0.0035
7 -1  26.4 0.00230 0.00234 0.00566  72122   12735301.9 0.0037
7 -1  26.4 0.00250 0.00254 0.00566  73864   13042904.2 0.0037
7 -1  26.4 0.00270 0.00273 0.00566  75326   13301064.2 0.0036
7 -1  26.4 0.00290 0.00293 0.00566  76306   13474112.5 0.0036
7 -1  26.4 0.00310 0.00313 0.00566  76902   13579354.2 0.0036
7 -1  26.4 0.00330 0.00332 0.00566  77266   13643629.3 0.0036
7 -1  26.4 0.00350 0.00352 0.00566  77360   13660227.9 0.0036
7 -1  26.4 0.00370 0.00371 0.00566  77056   13606547.5 0.0036
7 -1  26.4 0.00390 0.00391 0.00566  76494   13507309.6 0.0036
7 -1  26.4 0.00410 0.00410 0.00566  75360   13307067.9 0.0036
7 -1  26.4 0.00430 0.00430 0.00566  73740   13021008.3 0.0037
7 -1  26.4 0.00450 0.00449 0.00566  71352   12599335.3 0.0037
7 -1  26.4 0.00470 0.00469 0.00566  68130   12030394.6 0.0038
7 -1  26.4 0.00490 0.00488 0.00566  63660   11241082.0 0.0040
7 -1  26.4 0.00510 0.00508 0.00566  57522   10157234.1 0.0042
7 -1  26.4 0.00530 0.00527 0.00566  51090    9021471.6 0.0044
7 -1  26.4 0.00550 0.00547 0.00566  44952    7937623.6 0.0047
7 -1  26.4 0.00570 0.00566 0.00566  39254    6931470.8 0.0050
7 -1  26.4 0.00590 0.00586 0.00566  34664    6120968.7 0.0054
7 -1  26.4 0.00610 0.00605 0.00566  31810    5617009.4 0.0056
7 -1  26.4 0.00630 0.00635 0.00566  29462    5202399.6 0.0058
7 -1  26.4 0.00650 0.00654 0.00566  28522    5036414.4 0.0059
7 -1  26.4 0.00670 0.00674 0.00566  27988    4942120.7 0.0060
7 -1  26.4 0.00690 0.00693 0.00566  27686    4888793.5 0.0060
7 -1  26.4 0.00710 0.00713 0.00566  27542    4863366.0 0.0060
7 -1  26.4 0.00730 0.00732 0.00566  27238    4809685.7 0.0061
7 -1  26.4 0.00750 0.00752 0.00566  27138    4792027.7 0.0061
7 -1  26.4 0.00770 0.00771 0.00566  27098    4784964.5 0.0061
7 -1  26.4 0.00790 0.00791 0.00566  26844    4740113.2 0.0061
7 -1  26.4 0.00810 0.00811 0.00566  26854    4741879.0 0.0061
7 -1  26.4 0.00830 0.00830 0.00566  27010    4769425.5 0.0061
7 -1  26.4 0.00850 0.00850 0.00566  26568    4691377.1 0.0061
7 -1  26.4 0.00870 0.00869 0.00566  26840    4739406.9 0.0061
7 -1  26.4 0.00890 0.00889 0.00566  26638    4703737.7 0.0061
7 -1  26.4 0.00910 0.00908 0.00566  26724    4718923.6 0.0061
7 -1  26.4 0.00930 0.00928 0.00566  26524    4683607.6 0.0061
7 -1  26.4 0.00950 0.00947 0.00566  26456    4671600.2 0.0061
7 -1  26.4 0.00970 0.00967 0.00566  26414    4664183.8 0.0062
7 -1  26.4 0.00990 0.00986 0.00566  26334    4650057.4 0.0062
7 -1  26.4 0.01010 0.01006 0.00566  26118    4611916.1 0.0062
7 -1  26.4 0.01030 0.01025 0.00566  26218    4629574.1 0.0062
7 -1  26.4 0.01050 0.01055 0.00566  25358    4477715.3 0.0063
7 -1  26.4 0.01070 0.01074 0.00566  24642    4351284.1 0.0064
7 -1  26.4 0.01090 0.01094 0.00566  23590    4165521.9 0.0065
7 -1  26.4 0.01110 0.01113 0.00566  22572    3985763.5 0.0067
7 -1  26.4 0.01130 0.01133 0.00566  20904    3691228.1 0.0069
7 -1  26.4 0.01150 0.01152 0.00566  19138    3379387.8 0.0072
7 -1  26.4 0.01170 0.01172 0.00566  17452    3081673.9 0.0076
7 -1  26.4 0.01190 0.01191 0.00566  15660    2765242.6 0.0080
7 -1  26.4 0.01210 0.01211 0.00566  13864    2448105.0 0.0085
7 -1  26.4 0.01230 0.01230 0.00566  12214    2156748.0 0.0090
7 -1  26.4 0.01250 0.01250 0.00566  10812    1909182.8 0.0096
7 -1  26.4 0.01270 0.01270 0.00566   9698    1712472.7 0.0102
7 -1  26.4 0.01290 0.01289 0.00566   8584    1515762.6 0.0108
7 -1  26.4 0.01310 0.01309 0.00566   7792    1375911.3 0.0113
7 -1  26.4 0.01330 0.01328 0.00566   7336    1295390.8 0.0117
7 -1  26.4 0.01350 0.01348 0.00566   6528    1152714.2 0.0124
7 -1  26.4 0.01370 0.01367 0.00566   6390    1128346.1 0.0125
7 -1  26.4 0.01390 0.01387 0.00566   6076    1072900.0 0.0128
7 -1  26.4 0.01410 0.01406 0.00566   5836    1030520.8 0.0131
7 -1  26.4 0.01430 0.01426 0.00566   5528     976134.2 0.0134
7 -1  26.4 0.01450 0.01445 0.00566   5576     984610.0 0.0134
7 -1  26.4 0.01470 0.01475 0.00566   5256     928104.4 0.0138
7 -1  26.4 0.01490 0.01494 0.00566   5152     909740.1 0.0139
7 -1  26.4 0.01510 0.01514 0.00566   5022     886784.7 0.0141
7 -1  26.4 0.01530 0.01533 0.00566   4836     853940.8 0.0144
7 -1  26.4 0.01550 0.01553 0.00566   4886     862769.8 0.0143
7 -1  26.4 0.01570 0.01572 0.00566   4582     809089.5 0.0148
7 -1  26.4 0.01590 0.01592 0.00566   4522     798494.7 0.0149
7 -1  26.4 0.01610 0.01611 0.00566   4364     770595.1 0.0151
7 -1  26.4 0.01630 0.01631 0.00566   4176     737398.0 0.0155
7 -1  26.4 0.01650 0.01650 0.00566   4180     738104.3 0.0155
7 -1  26.4 0.01670 0.01670 0.00566   4052     715502.1 0.0157
7 -1  26.4 0.01690 0.01689 0.00566   3936     695018.8 0.0159
7 -1  26.4 0.01710 0.01709 0.00566   3778     667119.2 0.0163
7 -1  26.4 0.01730 0.01729 0.00566   3612     637806.9 0.0166
7 -1  26.4 0.01750 0.01748 0.00566   3468     612379.4 0.0170
7 -1  26.4 0.01770 0.01768 0.00566   3242     572472.3 0.0176
7 -1  26.4 0.01790 0.01787 0.00566   3204     565762.3 0.0177
7 -1  26.4 0.01810 0.01807 0.00566   3100     547398.0 0.0180
7 -1  26.4 0.01830 0.01826 0.00566   2942     519498.3 0.0184
7 -1  26.4 0.01850 0.01846 0.00566   2730     482063.4 0.0191
7 -1  26.4 0.01870 0.01865 0.00566   2550     450279.0 0.0198
7 -1  26.4 0.01890 0.01895 0.00566   2322     410018.7 0.0208
7 -1  26.4 0.01910 0.01914 0.00566   2272     401189.7 0.0210
7 -1  26.4 0.01930 0.01934 0.00654   2242     342716.4 0.0211
7 -1  26.4 0.01950 0.01953 0.00717   2262     315632.8 0.0210
7 -1  26.4 0.01970 0.01973 0.00779   2270     291232.6 0.0210
7 -1  26.4 0.01990 0.01992 0.00880   2312     262822.3 0.0208
7 -1  26.4 0.02010 0.02012 0.00959   2298     239583.7 0.0209
7 -1  26.4 0.02030 0.02031 0.01068   2228     208659.9 0.0212
7 -1  26.4 0.02050 0.02051 0.01092   2284     209091.1 0.0209
7 -1  26.4 0.02070 0.02070 0.01242   2276     183228.2 0.0210
7 -1  26.4 0.02090 0.02090 0.01412   2286     161850.3 0.0209
7 -1  26.4 0.02110 0.02109 0.01488   2288     153773.0 0.0209
7 -1  26.4 0.02130 0.02129 0.01586   2270     143154.9 0.0210
7 -1  26.4 0.02150 0.02148 0.01686   2238     132738.6 0.0211
7 -1  26.4 0.02170 0.02168 0.01772   2284     128882.6 0.0209
7 -1  26.4 0.02190 0.02188 0.01825   2282     125060.8 0.0209
7 -1  26.4 0.02210 0.02207 0.01944   2324     119552.3 0.0207
7 -1  26.4 0.02230 0.02227 0.01983   2256     113767.4 0.0211
7 -1  26.4 0.02250 0.02246 0.02178   2396     110007.6 0.0204
7 -1  26.4 0.02270 0.02266 0.02178   2232     102477.9 0.0212
7 -1  26.4 0.02290 0.02285 0.02230   2234     100178.0 0.0212
7 -1  26.4 0.02310 0.02314 0.02436   2412      99018.1 0.0204
7 -1  26.4 0.02330 0.02334 0.02436   2242      92039.3 0.0211
7 -1  26.4 0.02350 0.02354 0.02623   2318      88379.6 0.0208
7 -1  26.4 0.02370 0.02373 0.02623   2226      84871.8 0.0212
7 -1  26.4 0.02390 0.02393 0.02758   2288      82950.6 0.0209
7 -1  26.4 0.02410 0.02412 0.03004   2352      78286.5 0.0206
7 -1  26.4 0.02430 0.02432 0.03004   2238      74492.0 0.0211
7 -1  26.4 0.02450 0.02451 0.03026   2364      78119.3 0.0206
7 -1  26.4 0.02470 0.02471 0.03242   2332      71929.0 0.0207
7 -1  26.4 0.02490 0.02490 0.03375   2330      69039.4 0.0207
7 -1  26.4 0.02510 0.02510 0.03640   2288      62852.2 0.0209
7 -1  26.4 0.02530 0.02529 0.03640   2226      61149.0 0.0212
7 -1  26.4 0.02550 0.02549 0.03938   2296      58303.4 0.0209
7 -1  26.4 0.02570 0.02568 0.04127   2364      57274.5 0.0206
7 -1  26.4 0.02590 0.02588 0.04320   2232      51664.1 0.0212
7 -1  26.4 0.02610 0.02607 0.04593   2222      48377.2 0.0212
7 -1  26.4 0.02630 0.02627 0.04969   2362      47532.2 0.0206
7 -1  26.4 0.02650 0.02646 0.05303   2338      44084.9 0.0207
7 -1  26.4 0.02670 0.02666 0.05352   2274      42492.2 0.0210
7 -1  26.4 0.02690 0.02686 0.05947   2306      38774.9 0.0208
7 -1  26.4 0.02710 0.02715 0.06477   2228      34396.1 0.0212
7 -1  26.4 0.02730 0.02734 0.07168   2300      32087.9 0.0209
7 -1  26.4 0.02750 0.02754 0.07534   2314      30714.1 0.0208
7 -1  26.4 0.02770 0.02773 0.08111   2250      27741.1 0.0211
7 -1  26.4 0.02790 0.02793 0.08913   2258      25333.9 0.0210
7 -1  26.4 0.02810 0.02813 0.09720   2268      23333.1 0.0210
7 -1  26.4 0.02830 0.02832 0.10971   2252      20527.1 0.0211
7 -1  26.4 0.02850 0.02852 0.11675   2256      19323.4 0.0211
7 -1  26.4 0.02870 0.02871 0.12588   2236      17762.4 0.0211
7 -1  26.4 0.02890 0.02891 0.13698   2374      17331.0 0.0205
7 -1  26.4 0.02910 0.02910 0.13949   2282      16359.4 0.0209
7 -1  26.4 0.02930 0.02930 0.15390   2264      14711.1 0.0210
7 -1  26.4 0.02950 0.02949 0.16425   2246      13674.6 0.0211
7 -1  26.4 0.02970 0.02969 0.17460   2282      13070.2 0.0209
7 -1  26.4 0.02990 0.02988 0.17957   2324      12941.9 0.0207
7 -1  26.4 0.03010 0.03008 0.18875   2236      11846.6 0.0211
7 -1  26.4 0.03030 0.03027 0.19185   2244      11696.4 0.0211
7 -1  26.4 0.03050 0.03047 0.19185   2228      11613.0 0.0212
7 -1  26.5 0.03070 0.03066 0.21698   2268      10452.5 0.0210
7 -1  26.5 0.03090 0.03086 0.21698   2230      10277.4 0.0212
7 -1  26.5 0.03110 0.03105 0.22820   2234       9789.6 0.0212
7 -1  26.5 0.03130 0.03135 0.24489   2240       9147.1 0.0211
7 -1  26.5 0.03150 0.03154 0.24489   2248       9179.8 0.0211
7 -1  26.5 0.03170 0.03174 0.26108   2276       8717.5 0.0210
7 -1  26.5 0.03190 0.03193 0.27160   2226       8196.0 0.0212
7 -1  26.5 0.03210 0.03213 0.28043   2262       8066.2 0.0210
7 -1  26.5 0.03230 0.03232 0.30081   2270       7546.3 0.0210
7 -1  26.5 0.03250 0.03252 0.31278   2258       7219.0 0.0210
7 -1  26.5 0.03270 0.03271 0.32117   2274       7080.4 0.0210
7 -1  26.5 0.03290 0.03291 0.34676   2294       6615.5 0.0209
7 -1  26.5 0.03310 0.03311 0.35215   2276       6463.2 0.0210
7 -1  26.5 0.03330 0.03330 0.37755   2228       5901.1 0.0212
7 -1  26.5 0.03350 0.03350 0.38483   2234       5805.2 0.0212
7 -1  26.5 0.03370 0.03369 0.40487   2252       5562.3 0.0211
7 -1  26.5 0.03390 0.03389 0.41457   2296       5538.2 0.0209
7 -1  26.5 0.03410 0.03408 0.44674   2318       5188.7 0.0208
7 -1  26.5 0.03430 0.03428 0.46166   2232       4834.7 0.0212
7 -1  26.5 0.03450 0.03447 0.49318   2274       4610.9 0.0210
7 -1  26.5 0.03470 0.03467 0.53352   2324       4356.0 0.0207
7 -1  26.5 0.03490 0.03486 0.55972   2244       4009.2 0.0211
7 -1  26.5 0.03510 0.03506 0.60373   2270       3759.9 0.0210
7 -1  26.5 0.03530 0.03525 0.61650   2238       3630.2 0.0211
7 -1  26.5 0.03550 0.03555 0.68871   2232       3240.8 0.0212
7 -1  26.5 0.03570 0.03574 0.76379   2294       3003.5 0.0209
7 -1  26.5 0.03590 0.03594 0.76585   2270       2964.0 0.0210
7 -1  26.5 0.03610 0.03613 0.83255   2222       2668.9 0.0212
7 -1  26.5 0.03630 0.03633 0.90205   2254       2498.7 0.0211
7 -1  26.5 0.03650 0.03652 0.96260   2258       2345.7 0.0210
7 -1  26.5 0.03670 0.03672 1.03328   2276       2202.7 0.0210
7 -1  26.5 0.03690 0.03691 1.08095   2282       2111.1 0.0209
7 -1  26.5 0.03710 0.03711 1.16823   2370       2028.7 0.0205
7 -1  26.5 0.03730 0.03730 1.16823   2230       1908.9 0.0212
7 -1  26.5 0.03750 0.03750 1.21000   2090       1727.3 0.0219
7 -1  26.5 0.03770 0.03770 1.21000   1972       1629.8 0.0225
7 -1  26.5 0.03790 0.03789 1.21000   1862       1538.8 0.0232
7 -1  26.5 0.03810 0.03809 1.21000   1900       1570.2 0.0229
7 -1  26.5 0.03830 0.03828 1.21000   1772       1464.5 0.0238
7 -1  26.5 0.03850 0.03848 1.21000   1768       1461.2 0.0238
7 -1  26.5 0.03870 0.03867 1.21000   1722       1423.1 0.0241
7 -1  26.5 0.03890 0.03887 1.21000   1598       1320.7 0.0250
7 -1  26.5 0.03910 0.03906 1.21000   1650       1363.6 0.0246
7 -1  26.5 0.03930 0.03926 1.21000   1594       1317.4 0.0250
7 -1  26.5 0.03950 0.03945 1.21000   1564       1292.6 0.0253
7 -1  26.5 0.03970 0.03975 1.21000   1392       1150.4 0.0268
7 -1  26.5 0.03990 0.03994 1.21000   1364       1127.3 0.0271
7  0  26.5 0.00010 0.00010 0.06984  71664    1026157.8 0.0037
7  0  26.5 0.00030 0.00029 0.05998  71224    1187369.0 0.0037
7  0  26.5 0.00050 0.00049 0.03976  72290    1818288.7 0.0037
7  0  26.5 0.00070 0.00068 0.02916  71452    2450047.5 0.0037
7  0  26.5 0.00090 0.00088 0.02378  71966    3026531.5 0.0037
7  0  26.5 0.00110 0.00107 0.02056  71880    3495917.0 0.0037
7  0  26.5 0.00130 0.00127 0.02056  79216    3852706.8 0.0036
7  0  26.5 0.00150 0.00146 0.01763  72546    4114105.4 0.0037
7  0  26.5 0.00170 0.00166 0.01763  75188    4263934.0 0.0036
7  0  26.5 0.00190 0.00186 0.01763  77060    4370095.7 0.0036
7  0  26.5 0.00210 0.00215 0.01763  78800    4468771.6 0.0036
7  0  26.5 0.00230 0.00234 0.01763  79482    4507448.0 0.0035
7  0  26.5 0.00250 0.00254 0.01763  79972    4535236.1 0.0035
7  0  26.5 0.00270 0.00273 0.01581  72114    4560820.1 0.0037
7  0  26.5 0.00290 0.00293 0.01581  72292    4572077.6 0.0037
7  0  26.5 0.00310 0.00313 0.01581  72376    4577390.2 0.0037
7  0  26.5 0.00330 0.00332 0.01581  72360    4576378.3 0.0037
7  0  26.5 0.00350 0.00352 0.01581  72278    4571192.2 0.0037
7  0  26.5 0.00370 0.00371 0.01581  72070    4558037.3 0.0037
7  0  26.5 0.00390 0.00391 0.01581  71726    4536281.2 0.0037
7  0  26.5 0.00410 0.00410 0.01581  71216    4504026.5 0.0037
7  0  26.5 0.00430 0.00430 0.01581  70450    4455581.1 0.0038
7  0  26.5 0.00450 0.00449 0.01581  69254    4379940.6 0.0038
7  0  26.5 0.00470 0.00469 0.01581  67726    4283302.9 0.0038
7  0  26.5 0.00490 0.00488 0.01581  65380    4134931.1 0.0039
7  0  26.5 0.00510 0.00508 0.01581  61640    3898396.3 0.0040
7  0  26.5 0.00530 0.00527 0.01581  56678    3584576.7 0.0042
7  0  26.5 0.00550 0.00547 0.01581  50316    3182214.6 0.0045
7  0  26.5 0.00570 0.00566 0.01581  43134    2727992.0 0.0048
7  0  26.5 0.00590 0.00586 0.01581  35726    2259476.1 0.0053
7  0  26.5 0.00610 0.00605 0.01581  30016    1898349.5 0.0058
7  0  26.5 0.00630 0.00635 0.01581  24402    1543294.4 0.0064
7  0  26.5 0.00650 0.00654 0.01581  22380    1415413.8 0.0067
7  0  26.5 0.00670 0.00674 0.01581  21258    1344453.4 0.0069
7  0  26.5 0.00690 0.00693 0.01581  20782    1314349.0 0.0069
7  0  26.5 0.00710 0.00713 0.01581  20290    1283232.7 0.0070
7  0  26.5 0.00730 0.00732 0.01581  20490    1295881.6 0.0070
7  0  26.5 0.00750 0.00752 0.01581  20268    1281841.3 0.0070
7  0  26.5 0.00770 0.00771 0.01581  20084    1270204.3 0.0071
7  0  26.5 0.00790 0.00791 0.01581  20288    1283106.2 0.0070
7  0  26.5 0.00810 0.00811 0.01581  20310    1284497.5 0.0070
7  0  26.5 0.00830 0.00830 0.01581  20288    1283106.2 0.0070
7  0  26.5 0.00850 0.00850 0.01581  20402    1290316.1 0.0070
7  0  26.5 0.00870 0.00869 0.01581  20436    1292466.4 0.0070
7  0  26.5 0.00890 0.00889 0.01581  20054    1268306.9 0.0071
7  0  26.5 0.00910 0.00908 0.01581  20418    1291328.0 0.0070
7  0  26.5 0.00930 0.00928 0.01581  20396    1289936.6 0.0070
7  0  26.5 0.00950 0.00947 0.01581  20096    1270963.2 0.0071
7  0  26.5 0.00970 0.00967 0.01581  19972    1263120.9 0.0071
7  0  26.5 0.00990 0.00986 0.01581  19996    1264638.7 0.0071
7  0  26.5 0.01010 0.01006 0.01581  20006    1265271.2 0.0071
7  0  26.5 0.01030 0.01025 0.01581  19744    1248701.1 0.0071
7  0  26.5 0.01050 0.01055 0.01581  18888    1194563.7 0.0073
7  0  26.5 0.01070 0.01074 0.01581  18464    1167748.0 0.0074
7  0  26.5 0.01090 0.01094 0.01581  17896    1131825.1 0.0075
7  0  26.5 0.01110 0.01113 0.01581  16598    1049733.6 0.0078
7  0  26.5 0.01130 0.01133 0.01581  15322     969033.6 0.0081
7  0  26.5 0.01150 0.01152 0.01581  13870     877202.4 0.0085
7  0  26.5 0.01170 0.01172 0.01581  12312     778667.3 0.0090
7  0  26.5 0.01190 0.01191 0.01581  10758     680385.3 0.0096
7  0  26.5 0.01210 0.01211 0.01581   9036     571478.1 0.0105
7  0  26.5 0.01230 0.01230 0.01581   7684     485971.4 0.0114
7  0  26.5 0.01250 0.01250 0.01581   6572     415643.4 0.0123
7  0  26.5 0.01270 0.01270 0.01581   5592     353663.7 0.0134
7  0  26.5 0.01290 0.01289 0.01581   4826     305218.4 0.0144
7  0  26.5 0.01310 0.01309 0.01581   4320     273216.6 0.0152
7  0  26.5 0.01330 0.01328 0.01581   3828     242100.3 0.0162
7  0  26.5 0.01350 0.01348 0.01581   3696     233752.0 0.0164
7  0  26.5 0.01370 0.01367 0.01581   3486     220470.6 0.0169
7  0  26.5 0.01390 0.01387 0.01581   3252     205671.4 0.0175
7  0  26.5 0.01410 0.01406 0.01581   3098     195931.7 0.0180
7  0  26.5 0.01430 0.01426 0.01581   3034     191884.1 0.0182
7  0  26.5 0.01450 0.01445 0.01581   3010     190366.2 0.0182
7  0  26.5 0.01470 0.01475 0.01581   2958     187077.5 0.0184
7  0  26.5 0.01490 0.01494 0.01581   2840     179614.6 0.0188
7  0  26.5 0.01510 0.01514 0.01581   2902     183535.8 0.0186
7  0  26.5 0.01530 0.01533 0.01581   2700     170760.4 0.0192
7  0  26.5 0.01550 0.01553 0.01581   2704     171013.4 0.0192
7  0  26.5 0.01570 0.01572 0.01581   2634     166586.2 0.0195
7  0  26.5 0.01590 0.01592 0.01581   2630     166333.3 0.0195
7  0  26.5 0.01610 0.01611 0.01581   2576     162918.1 0.0197
7  0  26.5 0.01630 0.01631 0.01581   2570     162538.6 0.0197
7  0  26.5 0.01650 0.01650 0.01581   2436     154063.8 0.0203
7  0  26.5 0.01670 0.01670 0.01581   2442     154443.3 0.0202
7  0  26.5 0.01690 0.01689 0.01581   2426     153431.4 0.0203
7  0  26.5 0.01710 0.01709 0.01581   2388     151028.1 0.0205
7  0  26.5 0.01730 0.01729 0.01581   2310     146095.0 0.0208
7  0  26.5 0.01750 0.01748 0.01596   2242     140519.1 0.0211
7  0  26.5 0.01770 0.01768 0.01649   2264     137300.0 0.0210
7  0  26.5 0.01790 0.01787 0.01693   2276     134424.9 0.0210
7  0  26.5 0.01810 0.01807 0.01790   2248     125600.8 0.0211
7  0  26.5 0.01830 0.01826 0.01913   2224     116264.1 0.0212
7  0  26.5 0.01850 0.01846 0.01923   2240     116468.1 0.0211
7  0  26.5 0.01870 0.01865 0.02085   2244     107644.5 0.0211
7  0  26.5 0.01890 0.01895 0.02337   2282      97643.7 0.0209
7  0  26.5 0.01910 0.01914 0.02592   2294      88506.9 0.0209
7  0  26.5 0.01930 0.01934 0.02882   2300      79811.5 0.0209
7  0  26.5 0.01950 0.01953 0.03096   2226      71890.1 0.0212
7  0  26.5 0.01970 0.01973 0.03496   2246      64244.3 0.0211
7  0  26.5 0.01990 0.01992 0.04146   2340      56446.1 0.0207
7  0  26.5 0.02010 0.02012 0.04706   2366      50272.2 0.0206
7  0  26.5 0.02030 0.02031 0.05018   2270      45236.9 0.0210
7  0  26.5 0.02050 0.02051 0.05844   2304      39424.1 0.0208
7  0  26.5 0.02070 0.02070 0.06615   2346      35466.0 0.0206
7  0  26.5 0.02090 0.02090 0.07175   2268      31608.8 0.0210
7  0  26.5 0.02110 0.02109 0.07664   2260      29488.8 0.0210
7  0  26.5 0.02130 0.02129 0.08179   2242      27410.7 0.0211
7  0  26.5 0.02150 0.02148 0.08761   2352      26847.1 0.0206
7  0  26.5 0.02170 0.02168 0.09071   2248      24782.3 0.0211
7  0  26.5 0.02190 0.02188 0.09410   2238      23783.8 0.0211
7  0  26.5 0.02210 0.02207 0.09853   2288      23220.9 0.0209
7  0  26.5 0.02230 0.02227 0.10127   2294      22653.1 0.0209
7  0  26.5 0.02250 0.02246 0.10209   2232      21862.3 0.0212
7  0  26.5 0.02270 0.02266 0.10697   2322      21706.8 0.0208
7  0  26.5 0.02290 0.02285 0.10697   2252      21052.4 0.0211
7  0  26.5 0.02310 0.02314 0.11538   2286      19812.0 0.0209
7  0  26.5 0.02330 0.02334 0.11538   2270      19673.3 0.0210
7  0  26.5 0.02350 0.02354 0.11538   2280      19760.0 0.0209
7  0  26.5 0.02370 0.02373 0.12476   2318      18579.2 0.0208
7  0  26.5 0.02390 0.02393 0.12858   2300      17887.3 0.0209
7  0  26.5 0.02410 0.02412 0.12858   2242      17436.2 0.0211
7  0  26.5 0.02430 0.02432 0.13261   2282      17208.2 0.0209
7  0  26.5 0.02450 0.02451 0.13261   2270      17117.7 0.0210
7  0  26.5 0.02470 0.02471 0.13978   2248      16082.1 0.0211
7  0  26.5 0.02490 0.02490 0.14568   2240      15375.8 0.0211
7  0  26.5 0.02510 0.02510 0.14863   2276      15313.6 0.0210
7  0  26.5 0.02530 0.02529 0.15427   2274      14740.6 0.0210
7  0  26.5 0.02550 0.02549 0.15666   2360      15064.0 0.0206
7  0  26.5 0.02570 0.02568 0.16964   2324      13699.3 0.0207
7  0  26.5 0.02590 0.02588 0.17681   2302      13020.0 0.0208
7  0  26.5 0.02610 0.02607 0.17681   2280      12895.5 0.0209
7  0  26.5 0.02630 0.02627 0.18154   2238      12327.6 0.0211
7  0  26.5 0.02650 0.02646 0.19760   2278      11528.1 0.0210
7  0  26.5 0.02670 0.02666 0.21587   2342      10849.2 0.0207
7  0  26.5 0.02690 0.02686 0.22435   2242       9993.3 0.0211
7  0  26.5 0.02710 0.02715 0.24936   2236       8967.1 0.0211
7  0  26.5 0.02730 0.02734 0.27456   2284       8318.6 0.0209
7  0  26.5 0.02750 0.02754 0.30262   2280       7534.2 0.0209
7  0  26.5 0.02770 0.02773 0.32642   2230       6831.7 0.0212
7  0  26.5 0.02790 0.02793 0.37119   2340       6304.1 0.0207
7  0  26.5 0.02810 0.02813 0.40831   2248       5505.7 0.0211
7  0  26.5 0.02830 0.02832 0.45143   2296       5086.0 0.0209
7  0  26.5 0.02850 0.02852 0.49074   2242       4568.6 0.0211
7  0  26.5 0.02870 0.02871 0.56675   2304       4065.3 0.0208
7  0  26.5 0.02890 0.02891 0.59097   2324       3932.5 0.0207
7  0  26.5 0.02910 0.02910 0.62949   2320       3685.5 0.0208
7  0  26.5 0.02930 0.02930 0.64458   2222       3447.2 0.0212
7  0  26.5 0.02950 0.02949 0.70352   2260       3212.4 0.0210
7  0  26.5 0.02970 0.02969 0.72776   2290       3146.6 0.0209
7  0  26.5 0.02990 0.02988 0.75494   2246       2975.1 0.0211
7  0  26.5 0.03010 0.03008 0.80841   2280       2820.4 0.0209
7  0  26.5 0.03030 0.03027 0.84332   2366       2805.6 0.0206
7  0  26.5 0.03050 0.03047 0.84332   2312       2741.5 0.0208
7  0  26.5 0.03070 0.03066 0.84332   2304       2732.0 0.0208
7  0  26.5 0.03090 0.03086 0.90090   2382       2644.0 0.0205
7  0  26.5 0.03110 0.03105 0.90090   2344       2601.9 0.0207
7  0  26.5 0.03130 0.03135 0.91741   2292       2498.3 0.0209
7  0  26.5 0.03150 0.03154 0.92912   2254       2426.0 0.0211
7  0  26.5 0.03170 0.03174 1.01901   2240       2198.2 0.0211
7  0  26.5 0.03190 0.03193 1.01901   2246       2204.1 0.0211
7  0  26.5 0.03210 0.03213 1.01901   2246       2204.1 0.0211
7  0  26.5 0.03230 0.03232 1.06803   2314       2166.6 0.0208
7  0  26.5 0.03250 0.03252 1.06803   2246       2102.9 0.0211
7  0  26.5 0.03270 0.03271 1.14757   2238       1950.2 0.0211
7  0  26.5 0.03290 0.03291 1.15799   2276       1965.5 0.0210
7  0  26.5 0.03310 0.03311 1.21000   2090       1727.3 0.0219
7  0  26.5 0.03330 0.03330 1.21000   1998       1651.2 0.0224
7  0  26.5 0.03350 0.03350 1.21000   2014       1664.5 0.0223
7  0  26.5 0.03370 0.03369 1.21000   1928       1593.4 0.0228
7  0  26.5 0.03390 0.03389 1.21000   1820       1504.1 0.0234
7  0  26.5 0.03410 0.03408 1.21000   1790       1479.3 0.0236
7  0  26.5 0.03430 0.03428 1.21000   1656       1368.6 0.0246
7  0  26.5 0.03450 0.03447 1.21000   1592       1315.7 0.0251
7  0  26.5 0.03470 0.03467 1.21000   1520       1256.2 0.0256
7  0  26.5 0.03490 0.03486 1.21000   1514       1251.2 0.0257
7  0  26.5 0.03510 0.03506 1.21000   1394       1152.1 0.0268
7  0  26.5 0.03530 0.03525 1.21000   1300       1074.4 0.0277
7  0  26.5 0.03550 0.03555 1.21000   1184        978.5 0.0291
7  0  26.5 0.03570 0.03574 1.21000   1094        904.1 0.0302
7  0  26.5 0.03590 0.03594 1.21000   1082        894.2 0.0304
7  0  26.5 0.03610 0.03613 1.21000   1016        839.7 0.0314
7  0  26.5 0.03630 0.03633 1.21000    928        766.9 0.0328
7  0  26.5 0.03650 0.03652 1.21000    830        686.0 0.0347
7  0  26.5 0.03670 0.03672 1.21000    786        649.6 0.0357
7  0  26.5 0.03690 0.03691 1.21000    732        605.0 0.0370
7  0  26.5 0.03710 0.03711 1.21000    674        557.0 0.0385
7  0  26.5 0.03730 0.03730 1.21000    674        557.0 0.0385
7  0  26.5 0.03750 0.03750 1.21000    604        499.2 0.0407
7  0  26.5 0.03770 0.03770 1.21000    576        476.0 0.0417
7  0  26.5 0.03790 0.03789 1.21000    558        461.2 0.0423
7  0  26.5 0.03810 0.03809 1.21000    608        502.5 0.0406
7  0  26.5 0.03830 0.03828 1.21000    578        477.7 0.0416
7  0  26.5 0.03850 0.03848 1.21000    572        472.7 0.0418
7  0  26.5 0.03870 0.03867 1.21000    534        441.3 0.0433
7  0  26.5 0.03890 0.03887 1.21000    518        428.1 0.0439
7  0  26.5 0.03910 0.03906 1.21000    546        451.2 0.0428
7  0  26.5 0.03930 0.03926 1.21000    480        396.7 0.0456
7  0  26.5 0.03950 0.03945 1.21000    452        373.6 0.0470
7  0  26.5 0.03970 0.03975 1.21000    484        400.0 0.0455
7  0  26.5 0.03990 0.03994 1.21000    508        419.8 0.0444
7  1  26.5 0.00010 0.00010 0.07014  72794    1037878.6 0.0037
7  1  26.5 0.00030 0.00029 0.06003  71478    1190694.8 0.0037
7  1  26.5 0.00050 0.00049 0.03969  71934    1812481.7 0.0037
7  1  26.5 0.00070 0.00068 0.02936  72270    2461668.4 0.0037
7  1  26.5 0.00090 0.00088 0.02364  71952    3043598.7 0.0037
7  1  26.5 0.00110 0.00107 0.02048  71988    3515423.6 0.0037
7  1  26.5 0.00130 0.00127 0.02048  79196    3867415.2 0.0036
7  1  26.5 0.00150 0.00146 0.01754  71930    4100657.6 0.0037
7  1  26.5 0.00170 0.00166 0.01754  74430    4243180.1 0.0037
7  1  26.5 0.00190 0.00186 0.01754  76314    4350585.1 0.0036
7  1  26.5 0.00210 0.00215 0.01754  78060    4450122.8 0.0036
7  1  26.5 0.00230 0.00234 0.01754  78748    4489345.0 0.0036
7  1  26.5 0.00250 0.00254 0.01754  79200    4515113.0 0.0036
7  1  26.5 0.00270 0.00273 0.01754  79544    4534724.1 0.0035
7  1  26.5 0.00290 0.00293 0.01754  79726    4545099.8 0.0035
7  1  26.5 0.00310 0.00313 0.01754  79822    4550572.6 0.0035
7  1  26.5 0.00330 0.00332 0.01754  79816    4550230.6 0.0035
7  1  26.5 0.00350 0.00352 0.01754  79694    4543275.5 0.0035
7  1  26.5 0.00370 0.00371 0.01754  79468    4530391.5 0.0035
7  1  26.5 0.00390 0.00391 0.01754  79118    4510438.3 0.0036
7  1  26.5 0.00410 0.00410 0.01754  78554    4478285.2 0.0036
7  1  26.5 0.00430 0.00430 0.01754  77710    4430169.6 0.0036
7  1  26.5 0.00450 0.00449 0.01754  76450    4358338.3 0.0036
7  1  26.5 0.00470 0.00469 0.01754  74730    4260282.8 0.0037
7  1  26.5 0.00490 0.00488 0.01754  72100    4110349.1 0.0037
7  1  26.5 0.00510 0.00508 0.01754  67966    3874673.9 0.0038
7  1  26.5 0.00530 0.00527 0.01754  62486    3562264.6 0.0040
7  1  26.5 0.00550 0.00547 0.01754  56010    3193074.3 0.0042
7  1  26.5 0.00570 0.00566 0.01754  48062    2739966.7 0.0046
7  1  26.5 0.00590 0.00586 0.01754  40166    2289823.6 0.0050
7  1  26.5 0.00610 0.00605 0.01754  34402    1961223.7 0.0054
7  1  26.5 0.00630 0.00635 0.01754  28098    1601839.0 0.0060
7  1  26.5 0.00650 0.00654 0.01754  26278    1498082.6 0.0062
7  1  26.5 0.00670 0.00674 0.01754  24968    1423400.8 0.0063
7  1  26.5 0.00690 0.00693 0.01754  24166    1377679.6 0.0064
7  1  26.5 0.00710 0.00713 0.01754  23774    1355332.0 0.0065
7  1  26.5 0.00730 0.00732 0.01754  23812    1357498.4 0.0065
7  1  26.5 0.00750 0.00752 0.01754  23834    1358752.6 0.0065
7  1  26.5 0.00770 0.00771 0.01754  23860    1360234.8 0.0065
7  1  26.5 0.00790 0.00791 0.01754  23632    1347236.8 0.0065
7  1  26.5 0.00810 0.00811 0.01754  23834    1358752.6 0.0065
7  1  26.5 0.00830 0.00830 0.01754  23734    1353051.7 0.0065
7  1  26.5 0.00850 0.00850 0.01754  23552    1342676.0 0.0065
7  1  26.5 0.00870 0.00869 0.01754  23582    1344386.3 0.0065
7  1  26.5 0.00890 0.00889 0.01754  23716    1352025.5 0.0065
7  1  26.5 0.00910 0.00908 0.01754  23614    1346210.6 0.0065
7  1  26.5 0.00930 0.00928 0.01754  23488    1339027.5 0.0065
7  1  26.5 0.00950 0.00947 0.01754  23734    1353051.7 0.0065
7  1  26.5 0.00970 0.00967 0.01754  23766    1354876.0 0.0065
7  1  26.5 0.00990 0.00986 0.01754  23494    1339369.5 0.0065
7  1  26.5 0.01010 0.01006 0.01754  23386    1333212.5 0.0065
7  1  26.5 0.01030 0.01025 0.01754  23410    1334580.8 0.0065
7  1  26.5 0.01050 0.01055 0.01754  22668    1292280.1 0.0066
7  1  26.5 0.01070 0.01074 0.01754  22192    1265143.8 0.0067
7  1  26.5 0.01090 0.01094 0.01754  21308    1214747.8 0.0069
7  1  26.5 0.01110 0.01113 0.01754  20090    1145310.9 0.0071
7  1  26.5 0.01130 0.01133 0.01754  18672    1064472.1 0.0073
7  1  26.5 0.01150 0.01152 0.01754  16980     968012.9 0.0077
7  1  26.5 0.01170 0.01172 0.01754  14970     853424.8 0.0082
7  1  26.5 0.01190 0.01191 0.01754  13042     743511.4 0.0088
7  1  26.5 0.01210 0.01211 0.01754  11274     642719.5 0.0094
7  1  26.5 0.01230 0.01230 0.01754   9522     542839.7 0.0102
7  1  26.5 0.01250 0.01250 0.01754   7912     451055.2 0.0112
7  1  26.5 0.01270 0.01270 0.01754   6582     375233.3 0.0123
7  1  26.5 0.01290 0.01289 0.01754   5690     324381.2 0.0133
7  1  26.5 0.01310 0.01309 0.01754   4722     269196.5 0.0146
7  1  26.5 0.01330 0.01328 0.01754   4158     237043.4 0.0155
7  1  26.5 0.01350 0.01348 0.01754   3828     218230.5 0.0162
7  1  26.5 0.01370 0.01367 0.01754   3478     198277.3 0.0170
7  1  26.5 0.01390 0.01387 0.01754   3252     185393.3 0.0175
7  1  26.5 0.01410 0.01406 0.01754   3108     177184.0 0.0179
7  1  26.5 0.01430 0.01426 0.01754   3014     171825.1 0.0182
7  1  26.5 0.01450 0.01445 0.01754   2876     163957.9 0.0186
7  1  26.5 0.01470 0.01475 0.01754   2910     165896.2 0.0185
7  1  26.5 0.01490 0.01494 0.01754   2730     155634.6 0.0191
7  1  26.5 0.01510 0.01514 0.01754   2770     157914.9 0.0190
7  1  26.5 0.01530 0.01533 0.01754   2696     153696.3 0.0193
7  1  26.5 0.01550 0.01553 0.01754   2550     145373.0 0.0198
7  1  26.5 0.01570 0.01572 0.01754   2618     149249.6 0.0195
7  1  26.5 0.01590 0.01592 0.01754   2478     141268.3 0.0201
7  1  26.5 0.01610 0.01611 0.01754   2420     137961.8 0.0203
7  1  26.5 0.01630 0.01631 0.01754   2424     138189.8 0.0203
7  1  26.5 0.01650 0.01650 0.01754   2254     128498.3 0.0211
7  1  26.5 0.01670 0.01670 0.01754   2290     130550.6 0.0209
7  1  26.5 0.01690 0.01689 0.01754   2270     129410.4 0.0210
7  1  26.5 0.01710 0.01709 0.01811   2282     126039.9 0.0209
7  1  26.5 0.01730 0.01729 0.01866   2236     119830.9 0.0211
7  1  26.5 0.01750 0.01748 0.01980   2360     119184.9 0.0206
7  1  26.5 0.01770 0.01768 0.01980   2288     115548.8 0.0209
7  1  26.5 0.01790 0.01787 0.02054   2260     110032.5 0.0210
7  1  26.5 0.01810 0.01807 0.02203   2268     102967.7 0.0210
7  1  26.5 0.01830 0.01826 0.02203   2250     102150.5 0.0211
7  1  26.5 0.01850 0.01846 0.02423   2284      94267.4 0.0209
7  1  26.5 0.01870 0.01865 0.02597   2270      87395.0 0.0210
7  1  26.5 0.01890 0.01895 0.02968   2334      78626.3 0.0207
7  1  26.5 0.01910 0.01914 0.03147   2314      73532.2 0.0208
7  1  26.5 0.01930 0.01934 0.03528   2232      63265.6 0.0212
7  1  26.5 0.01950 0.01953 0.03952   2248      56883.0 0.0211
7  1  26.5 0.01970 0.01973 0.04408   2274      51584.9 0.0210
7  1  26.5 0.01990 0.01992 0.05075   2242      44175.4 0.0211
7  1  26.5 0.02010 0.02012 0.05894   2264      38412.4 0.0210
7  1  26.5 0.02030 0.02031 0.06739   2268      33656.3 0.0210
7  1  26.5 0.02050 0.02051 0.07990   2224      27834.5 0.0212
7  1  26.5 0.02070 0.02070 0.08978   2284      25439.6 0.0209
7  1  26.5 0.02090 0.02090 0.10096   2230      22088.3 0.0212
7  1  26.5 0.02110 0.02109 0.11718   2376      20277.2 0.0205
7  1  26.5 0.02130 0.02129 0.12627   2222      17597.5 0.0212
7  1  26.5 0.02150 0.02148 0.13807   2228      16136.2 0.0212
7  1  26.5 0.02170 0.02168 0.14970   2332      15577.4 0.0207
7  1  26.5 0.02190 0.02188 0.15720   2312      14707.1 0.0208
7  1  26.5 0.02210 0.02207 0.16875   2276      13487.7 0.0210
7  1  26.5 0.02230 0.02227 0.17359   2248      12950.1 0.0211
7  1  26.5 0.02250 0.02246 0.18151   2266      12484.4 0.0210
7  1  26.5 0.02270 0.02266 0.18151   2246      12374.2 0.0211
7  1  26.5 0.02290 0.02285 0.19187   2284      11904.0 0.0209
7  1  26.5 0.02310 0.02314 0.19787   2318      11714.8 0.0208
7  1  26.5 0.02330 0.02334 0.20798   2326      11183.9 0.0207
7  1  26.5 0.02350 0.02354 0.21778   2336      10726.5 0.0207
7  1  26.5 0.02370 0.02373 0.21778   2256      10359.1 0.0211
7  1  26.5 0.02390 0.02393 0.23065   2344      10162.8 0.0207
7  1  26.5 0.02410 0.02412 0.23065   2242       9720.5 0.0211
7  1  26.5 0.02430 0.02432 0.24083   2262       9392.4 0.0210
7  1  26.5 0.02450 0.02451 0.25507   2318       9087.8 0.0208
7  1  26.5 0.02470 0.02471 0.25880   2250       8694.1 0.0211
7  1  26.5 0.02490 0.02490 0.25880   2260       8732.8 0.0210
7  1  26.5 0.02510 0.02510 0.28496   2342       8218.8 0.0207
7  1  26.5 0.02530 0.02529 0.28496   2244       7874.9 0.0211
7  1  26.5 0.02550 0.02549 0.31002   2248       7251.1 0.0211
7  1  26.5 0.02570 0.02568 0.31886   2228       6987.4 0.0212
7  1  26.5 0.02590 0.02588 0.33900   2266       6684.4 0.0210
7  1  26.5 0.02610 0.02607 0.36041   2296       6370.6 0.0209
7  1  26.5 0.02630 0.02627 0.38293   2308       6027.2 0.0208
7  1  26.5 0.02650 0.02646 0.40441   2318       5731.9 0.0208
7  1  26.5 0.02670 0.02666 0.43793   2332       5325.0 0.0207
7  1  26.5 0.02690 0.02686 0.45926   2240       4877.4 0.0211
7  1  26.5 0.02710 0.02715 0.50934   2238       4393.9 0.0211
7  1  26.5 0.02730 0.02734 0.57211   2308       4034.2 0.0208
7  1  26.5 0.02750 0.02754 0.61176   2226       3638.7 0.0212
7  1  26.5 0.02770 0.02773 0.69050   2252       3261.4 0.0211
7  1  26.5 0.02790 0.02793 0.79995   2348       2935.2 0.0206
7  1  26.5 0.02810 0.02813 0.85538   2294       2681.8 0.0209
7  1  26.5 0.02830 0.02832 0.93999   2274       2419.2 0.0210
7  1  26.5 0.02850 0.02852 1.07205   2254       2102.5 0.0211
7  1  26.5 0.02870 0.02871 1.20871   2258       1868.1 0.0210
7  1  26.5 0.02890 0.02891 1.21000   2140       1768.6 0.0216
7  1  26.5 0.02910 0.02910 1.21000   1964       1623.1 0.0226
7  1  26.5 0.02930 0.02930 1.21000   1762       1456.2 0.0238
7  1  26.5 0.02950 0.02949 1.21000   1618       1337.2 0.0249
7  1  26.5 0.02970 0.02969 1.21000   1462       1208.3 0.0262
7  1  26.5 0.02990 0.02988 1.21000   1456       1203.3 0.0262
7  1  26.5 0.03010 0.03008 1.21000   1412       1166.9 0.0266
7  1  26.5 0.03030 0.03027 1.21000   1400       1157.0 0.0267
7  1  26.5 0.03050 0.03047 1.21000   1290       1066.1 0.0278
7  1  26.5 0.03070 0.03066 1.21000   1286       1062.8 0.0279
7  1  26.5 0.03090 0.03086 1.21000   1200        991.7 0.0289
7  1  26.5 0.03110 0.03105 1.21000   1208        998.3 0.0288
7  1  26.5 0.03130 0.03135 1.21000   1162        960.3 0.0293
7  1  26.5 0.03150 0.03154 1.21000   1108        915.7 0.0300
7  1  26.5 0.03170 0.03174 1.21000   1028        849.6 0.0312
7  1  26.5 0.03190 0.03193 1.21000   1094        904.1 0.0302
7  1  26.5 0.03210 0.03213 1.21000    994        821.5 0.0317
7  1  26.5 0.03230 0.03232 1.21000   1052        869.4 0.0308
7  1  26.4 0.03250 0.03252 1.21000    926        765.3 0.0329
7  1  26.4 0.03270 0.03271 1.21000    874        722.3 0.0338
7  1  26.4 0.03290 0.03291 1.21000    858        709.1 0.0341
7  1  26.4 0.03310 0.03311 1.21000    852        704.1 0.0343
7  1  26.4 0.03330 0.03330 1.21000    802        662.8 0.0353
7  1  26.4 0.03350 0.03350 1.21000    766        633.1 0.0361
7  1  26.4 0.03370 0.03369 1.21000    780        644.6 0.0358
7  1  26.4 0.03390 0.03389 1.21000    724        598.3 0.0372
7  1  26.4 0.03410 0.03408 1.21000    702        580.2 0.0377
7  1  26.4 0.03430 0.03428 1.21000    702        580.2 0.0377
7  1  26.4 0.03450 0.03447 1.21000    620        512.4 0.0402
7  1  26.4 0.03470 0.03467 1.21000    602        497.5 0.0408
7  1  26.4 0.03490 0.03486 1.21000    564        466.1 0.0421
7  1  26.4 0.03510 0.03506 1.21000    582        481.0 0.0415
7  1  26.4 0.03530 0.03525 1.21000    522        431.4 0.0438
7  1  26.4 0.03550 0.03555 1.21000    518        428.1 0.0439
7  1  26.4 0.03570 0.03574 1.21000    450        371.9 0.0471
7  1  26.4 0.03590 0.03594 1.21000    480        396.7 0.0456
7  1  26.4 0.03610 0.03613 1.21000    452        373.6 0.0470
7  1  26.4 0.03630 0.03633 1.21000    428        353.7 0.0483
7  1  26.4 0.03650 0.03652 1.21000    382        315.7 0.0512
7  1  26.4 0.03670 0.03672 1.21000    382        315.7 0.0512
7  1  26.4 0.03690 0.03691 1.21000    392        324.0 0.0505
7  1  26.4 0.03710 0.03711 1.21000    372        307.4 0.0518
7  1  26.4 0.03730 0.03730 1.21000    352        290.9 0.0533
7  1  26.4 0.03750 0.03750 1.21000    328        271.1 0.0552
7  1  26.4 0.03770 0.03770 1.21000    308        254.5 0.0570
7  1  26.4 0.03790 0.03789 1.21000    294        243.0 0.0583
7  1  26.4 0.03810 0.03809 1.21000    312        257.9 0.0566
7  1  26.4 0.03830 0.03828 1.21000    316        261.2 0.0563
7  1  26.4 0.03850 0.03848 1.21000    292        241.3 0.0585
7  1  26.4 0.03870 0.03867 1.21000    302        249.6 0.0575
7  1  26.4 0.03890 0.03887 1.21000    284        234.7 0.0593
7  1  26.4 0.03910 0.03906 1.21000    292        241.3 0.0585
7  1  26.4 0.03930 0.03926 1.21000    282        233.1 0.0595
7  1  26.4 0.03950 0.03945 1.21000    272        224.8 0.0606
7  1  26.4 0.03970 0.03975 1.21000    250        206.6 0.0632
7  1  26.4 0.03990 0.03994 1.21000    274        226.4 0.0604
7  2  26.4 0.00010 0.00010 0.06561  72280    1101691.7 0.0037
7  2  26.4 0.00030 0.00029 0.05713  72516    1269393.5 0.0037
7  2  26.4 0.00050 0.00049 0.03769  71752    1903567.6 0.0037
7  2  26.4 0.00070 0.00068 0.02809  71784    2555621.2 0.0037
7  2  26.4 0.00090 0.00088 0.02311  72540    3139502.9 0.0037
7  2  26.4 0.00110 0.00107 0.02005  71626    3571567.6 0.0037
7  2  26.4 0.00130 0.00127 0.02005  78316    3905158.5 0.0036
7  2  26.4 0.00150 0.00146 0.01747  72478    4149232.6 0.0037
7  2  26.4 0.00170 0.00166 0.01747  74976    4292238.5 0.0037
7  2  26.4 0.00190 0.00186 0.01747  76652    4388186.5 0.0036
7  2  26.4 0.00210 0.00215 0.01747  78272    4480928.5 0.0036
7  2  26.4 0.00230 0.00234 0.01747  78928    4518483.3 0.0036
7  2  26.4 0.00250 0.00254 0.01747  79358    4543100.0 0.0035
7  2  26.4 0.00270 0.00273 0.01747  79656    4560160.0 0.0035
7  2  26.4 0.00290 0.00293 0.01747  79826    4569892.2 0.0035
7  2  26.4 0.00310 0.00313 0.01747  79904    4574357.5 0.0035
7  2  26.4 0.00330 0.00332 0.01747  79848    4571151.6 0.0035
7  2  26.4 0.00350 0.00352 0.01747  79722    4563938.3 0.0035
7  2  26.4 0.00370 0.00371 0.01747  79496    4551000.3 0.0035
7  2  26.4 0.00390 0.00391 0.01747  79078    4527070.5 0.0036
7  2  26.4 0.00410 0.00410 0.01747  78478    4492721.6 0.0036
7  2  26.4 0.00430 0.00430 0.01747  77506    4437076.4 0.0036
7  2  26.4 0.00450 0.00449 0.01747  76086    4355784.0 0.0036
7  2  26.4 0.00470 0.00469 0.01747  74328    4255141.7 0.0037
7  2  26.4 0.00490 0.00488 0.01747  71284    4080878.3 0.0037
7  2  26.4 0.00510 0.00508 0.01747  66932    3831734.3 0.0039
7  2  26.4 0.00530 0.00527 0.01747  60838    3482864.0 0.0041
7  2  26.4 0.00550 0.00547 0.01747  53354    3054418.7 0.0043
7  2  26.4 0.00570 0.00566 0.01747  45086    2581090.8 0.0047
7  2  26.4 0.00590 0.00586 0.01747  35966    2058987.6 0.0053
7  2  26.4 0.00610 0.00605 0.01747  29596    1694316.7 0.0058
7  2  26.4 0.00630 0.00635 0.01747  23506    1345675.4 0.0065
7  2  26.4 0.00650 0.00654 0.01747  21054    1205302.9 0.0069
7  2  26.4 0.00670 0.00674 0.01747  19932    1141070.5 0.0071
7  2  26.4 0.00690 0.00693 0.01747  19382    1109584.0 0.0072
7  2  26.4 0.00710 0.00713 0.01747  19272    1103286.7 0.0072
7  2  26.4 0.00730 0.00732 0.01747  19118    1094470.5 0.0072
7  2  26.4 0.00750 0.00752 0.01747  19180    1098019.8 0.0072
7  2  26.4 0.00770 0.00771 0.01747  18994    1087371.7 0.0073
7  2  26.4 0.00790 0.00791 0.01747  18958    1085310.7 0.0073
7  2  26.4 0.00810 0.00811 0.01747  18722    1071800.2 0.0073
7  2  26.4 0.00830 0.00830 0.01747  18762    1074090.1 0.0073
7  2  26.4 0.00850 0.00850 0.01747  18882    1080959.9 0.0073
7  2  26.4 0.00870 0.00869 0.01747  18844    1078784.5 0.0073
7  2  26.4 0.00890 0.00889 0.01747  18864    1079929.4 0.0073
7  2  26.4 0.00910 0.00908 0.01747  18718    1071571.2 0.0073
7  2  26.4 0.00930 0.00928 0.01747  18648    1067563.8 0.0073
7  2  26.4 0.00950 0.00947 0.01747  18860    1079700.4 0.0073
7  2  26.4 0.00970 0.00967 0.01747  18852    1079242.4 0.0073
7  2  26.4 0.00990 0.00986 0.01747  18812    1076952.5 0.0073
7  2  26.4 0.01010 0.01006 0.01747  18518    1060121.6 0.0073
7  2  26.4 0.01030 0.01025 0.01747  18376    1051992.3 0.0074
7  2  26.4 0.01050 0.01055 0.01747  17834    1020963.8 0.0075
7  2  26.4 0.01070 0.01074 0.01747  17266     988446.8 0.0076
7  2  26.4 0.01090 0.01094 0.01747  16300     933145.1 0.0078
7  2  26.4 0.01110 0.01113 0.01747  15250     873034.5 0.0081
7  2  26.4 0.01130 0.01133 0.01747  13840     792314.6 0.0085
7  2  26.4 0.01150 0.01152 0.01747  12170     696710.2 0.0091
7  2  26.4 0.01170 0.01172 0.01747  10866     622058.6 0.0096
7  2  26.4 0.01190 0.01191 0.01747   9268     530576.0 0.0104
7  2  26.4 0.01210 0.01211 0.01747   7988     457298.4 0.0112
7  2  26.4 0.01230 0.01230 0.01747   6572     376235.0 0.0123
7  2  26.4 0.01250 0.01250 0.01747   5578     319330.3 0.0134
7  2  26.4 0.01270 0.01270 0.01747   4620     264486.5 0.0147
7  2  26.4 0.01290 0.01289 0.01747   3872     221664.9 0.0161
7  2  26.4 0.01310 0.01309 0.01747   3444     197162.7 0.0170
7  2  26.4 0.01330 0.01328 0.01747   2962     169569.1 0.0184
7  2  26.4 0.01350 0.01348 0.01747   2744     157089.0 0.0191
7  2  26.4 0.01370 0.01367 0.01747   2564     146784.3 0.0197
7  2  26.4 0.01390 0.01387 0.01747   2496     142891.4 0.0200
7  2  26.4 0.01410 0.01406 0.01747   2364     135334.7 0.0206
7  2  26.4 0.01430 0.01426 0.01747   2376     136021.6 0.0205
7  2  26.4 0.01450 0.01445 0.01747   2230     127663.4 0.0212
7  2  26.4 0.01470 0.01475 0.01747   2330     133388.2 0.0207
7  2  26.4 0.01490 0.01494 0.01819   2234     122844.2 0.0212
7  2  26.4 0.01510 0.01514 0.01840   2306     125319.7 0.0208
7  2  26.4 0.01530 0.01533 0.01920   2386     124298.5 0.0205
7  2  26.4 0.01550 0.01553 0.01937   2268     117087.8 0.0210
7  2  26.4 0.01570 0.01572 0.01946   2222     114196.8 0.0212
7  2  26.4 0.01590 0.01592 0.02013   2350     116752.9 0.0206
7  2  26.4 0.01610 0.01611 0.02086   2306     110545.2 0.0208
7  2  26.4 0.01630 0.01631 0.02086   2226     106710.2 0.0212
7  2  26.4 0.01650 0.01650 0.02086   2290     109778.2 0.0209
7  2  26.4 0.01670 0.01670 0.02115   2248     106309.9 0.0211
7  2  26.4 0.01690 0.01689 0.02250   2322     103187.2 0.0208
7  2  26.4 0.01710 0.01709 0.02363   2264      95810.2 0.0210
7  2  26.4 0.01730 0.01729 0.02393   2232      93265.7 0.0212
7  2  26.4 0.01750 0.01748 0.02466   2266      91894.8 0.0210
7  2  26.4 0.01770 0.01768 0.02466   2246      91083.7 0.0211
7  2  26.4 0.01790 0.01787 0.02676   2272      84903.4 0.0210
7  2  26.4 0.01810 0.01807 0.02676   2228      83259.2 0.0212
7  2  26.4 0.01830 0.01826 0.02967   2260      76169.1 0.0210
7  2  26.4 0.01850 0.01846 0.03156   2302      72944.6 0.0208
7  2  26.4 0.01870 0.01865 0.03349   2290      68381.0 0.0209
7  2  26.3 0.01890 0.01895 0.03739   2234      59743.7 0.0212
7  2  26.3 0.01910 0.01914 0.04278   2310      53991.6 0.0208
7  2  26.3 0.01930 0.01934 0.04880   2336      47865.3 0.0207
7  2  26.3 0.01950 0.01953 0.05290   2266      42836.8 0.0210
7  2  26.3 0.01970 0.01973 0.06200   2252      36321.9 0.0211
7  2  26.3 0.01990 0.01992 0.07100   2246      31631.8 0.0211
7  2  26.3 0.02010 0.02012 0.08313   2300      27669.1 0.0209
7  2  26.3 0.02030 0.02031 0.09319   2222      23843.5 0.0212
7  2  26.3 0.02050 0.02051 0.10762   2300      21370.5 0.0209
7  2  26.3 0.02070 0.02070 0.12843   2404      18717.9 0.0204
7  2  26.3 0.02090 0.02090 0.13436   2244      16701.5 0.0211
7  2  26.3 0.02110 0.02109 0.15017   2280      15182.4 0.0209
7  2  26.3 0.02130 0.02129 0.16211   2340      14434.3 0.0207
7  2  26.3 0.02150 0.02148 0.18386   2306      12542.3 0.0208
7  2  26.3 0.02170 0.02168 0.18386   2296      12487.9 0.0209
7  2  26.3 0.02190 0.02188 0.19162   2310      12055.1 0.0208
7  2  26.3 0.02210 0.02207 0.20413   2240      10973.5 0.0211
7  2  26.3 0.02230 0.02227 0.20413   2262      11081.3 0.0210
7  2  26.3 0.02250 0.02246 0.20979   2244      10696.3 0.0211
7  2  26.3 0.02270 0.02266 0.20979   2240      10677.2 0.0211
7  2  26.3 0.02290 0.02285 0.22476   2236       9948.2 0.0211
7  2  26.3 0.02310 0.02314 0.23381   2260       9665.8 0.0210
7  2  26.3 0.02330 0.02334 0.23381   2266       9691.5 0.0210
7  2  26.3 0.02350 0.02354 0.25343   2306       9099.1 0.0208
7  2  26.3 0.02370 0.02373 0.25899   2294       8857.5 0.0209
7  2  26.3 0.02390 0.02393 0.26686   2416       9053.5 0.0203
7  2  26.3 0.02410 0.02412 0.27100   2314       8538.9 0.0208
7  2  26.3 0.02430 0.02432 0.29111   2372       8148.2 0.0205
7  2  26.3 0.02450 0.02451 0.30058   2276       7572.1 0.0210
7  2  26.3 0.02470 0.02471 0.30058   2270       7552.1 0.0210
7  2  26.3 0.02490 0.02490 0.30835   2232       7238.5 0.0212
7  2  26.3 0.02510 0.02510 0.32227   2232       6925.8 0.0212
7  2  26.3 0.02530 0.02529 0.34594   2304       6660.2 0.0208
7  2  26.3 0.02550 0.02549 0.35681   2232       6255.5 0.0212
7  2  26.3 0.02570 0.02568 0.38403   2376       6187.0 0.0205
7  2  26.3 0.02590 0.02588 0.40659   2282       5612.5 0.0209
7  2  26.3 0.02610 0.02607 0.42440   2280       5372.3 0.0209
7  2  26.3 0.02630 0.02627 0.44025   2236       5078.9 0.0211
7  2  26.3 0.02650 0.02646 0.48113   2334       4851.0 0.0207
7  2  26.3 0.02670 0.02666 0.51201   2270       4433.5 0.0210
7  2  26.3 0.02690 0.02686 0.55281   2284       4131.6 0.0209
7  2  26.3 0.02710 0.02715 0.62101   2238       3603.8 0.0211
7  2  26.3 0.02730 0.02734 0.73149   2334       3190.7 0.0207
7  2  26.3 0.02750 0.02754 0.75952   2308       3038.7 0.0208
7  2  26.3 0.02770 0.02773 0.84892   2266       2669.3 0.0210
7  2  26.3 0.02790 0.02793 0.98985   2362       2386.2 0.0206
7  2  26.3 0.02810 0.02813 1.11196   2320       2086.4 0.0208
7  2  26.3 0.02830 0.02832 1.20643   2248       1863.3 0.0211
7  2  26.3 0.02850 0.02852 1.21000   2020       1669.4 0.0222
7  2  26.3 0.02870 0.02871 1.21000   1898       1568.6 0.0230
7  2  26.3 0.02890 0.02891 1.21000   1710       1413.2 0.0242
7  2  26.3 0.02910 0.02910 1.21000   1610       1330.6 0.0249
7  2  26.3 0.02930 0.02930 1.21000   1510       1247.9 0.0257
7  2  26.3 0.02950 0.02949 1.21000   1392       1150.4 0.0268
7  2  26.3 0.02970 0.02969 1.21000   1438       1188.4 0.0264
7  2  26.3 0.02990 0.02988 1.21000   1348       1114.0 0.0272
7  2  26.3 0.03010 0.03008 1.21000   1318       1089.3 0.0275
7  2  26.3 0.03030 0.03027 1.21000   1250       1033.1 0.0283
7  2  26.3 0.03050 0.03047 1.21000   1256       1038.0 0.0282
7  2  26.3 0.03070 0.03066 1.21000   1108        915.7 0.0300
7  2  26.3 0.03090 0.03086 1.21000   1206        996.7 0.0288
7  2  26.3 0.03110 0.03105 1.21000   1062        877.7 0.0307
7  2  26.3 0.03130 0.03135 1.21000   1096        905.8 0.0302
7  2  26.3 0.03150 0.03154 1.21000   1030        851.2 0.0312
7  2  26.3 0.03170 0.03174 1.21000   1028        849.6 0.0312
7  2  26.3 0.03190 0.03193 1.21000    992        819.8 0.0318
7  2  26.3 0.03210 0.03213 1.21000    992        819.8 0.0318
7  2  26.3 0.03230 0.03232 1.21000    916        757.0 0.0330
7  2  26.3 0.03250 0.03252 1.21000    884        730.6 0.0336
7  2  26.3 0.03270 0.03271 1.21000    848        700.8 0.0343
7  2  26.3 0.03290 0.03291 1.21000    824        681.0 0.0348
7  2  26.3 0.03310 0.03311 1.21000    800        661.2 0.0354
7  2  26.3 0.03330 0.03330 1.21000    748        618.2 0.0366
7  2  26.3 0.03350 0.03350 1.21000    804        664.5 0.0353
7  2  26.3 0.03370 0.03369 1.21000    694        573.6 0.0380
7  2  26.3 0.03390 0.03389 1.21000    676        558.7 0.0385
7  2  26.3 0.03410 0.03408 1.21000    682        563.6 0.0383
7  2  26.3 0.03430 0.03428 1.21000    630        520.7 0.0398
7  2  26.3 0.03450 0.03447 1.21000    646        533.9 0.0393
7  2  26.3 0.03470 0.03467 1.21000    564        466.1 0.0421
7  2  26.3 0.03490 0.03486 1.21000    556        459.5 0.0424
7  2  26.2 0.03510 0.03506 1.21000    520        429.8 0.0439
7  2  26.2 0.03530 0.03525 1.21000    492        406.6 0.0451
7  2  26.2 0.03550 0.03555 1.21000    428        353.7 0.0483
7  2  26.2 0.03570 0.03574 1.21000    468        386.8 0.0462
7  2  26.2 0.03590 0.03594 1.21000    412        340.5 0.0493
7  2  26.2 0.03610 0.03613 1.21000    378        312.4 0.0514
7  2  26.2 0.03630 0.03633 1.21000    404        333.9 0.0498
7  2  26.2 0.03650 0.03652 1.21000    378        312.4 0.0514
7  2  26.2 0.03670 0.03672 1.21000    352        290.9 0.0533
7  2  26.2 0.03690 0.03691 1.21000    346        286.0 0.0538
7  2  26.2 0.03710 0.03711 1.21000    322        266.1 0.0557
7  2  26.2 0.03730 0.03730 1.21000    340        281.0 0.0542
7  2  26.2 0.03750 0.03750 1.21000    314        259.5 0.0564
7  2  26.2 0.03770 0.03770 1.21000    294        243.0 0.0583
7  2  26.2 0.03790 0.03789 1.21000    316        261.2 0.0563
7  2  26.2 0.03810 0.03809 1.21000    312        257.9 0.0566
7  2  26.2 0.03830 0.03828 1.21000    278        229.8 0.0600
7  2  26.2 0.03850 0.03848 1.21000    308        254.5 0.0570
7  2  26.2 0.03870 0.03867 1.21000    326        269.4 0.0554
7  2  26.2 0.03890 0.03887 1.21000    282        233.1 0.0595
7  2  26.2 0.03910 0.03906 1.21000    288        238.0 0.0589
7  2  26.2 0.03930 0.03926 1.21000    254        209.9 0.0627
7  2  26.2 0.03950 0.03945 1.21000    254        209.9 0.0627
7  2  26.2 0.03970 0.03975 1.21000    266        219.8 0.0613
7  2  26.2 0.03990 0.03994 1.21000    306        252.9 0.0572
7  3  26.2 0.00010 0.00010 0.06323  72392    1144901.5 0.0037
7  3  26.2 0.00030 0.00029 0.05525  72032    1303665.3 0.0037
7  3  26.2 0.00050 0.00049 0.03676  71808    1953388.0 0.0037
7  3  26.2 0.00070 0.00068 0.02776  71794    2585889.9 0.0037
7  3  26.2 0.00090 0.00088 0.02279  71716    3146263.8 0.0037
7  3  26.2 0.00110 0.00107 0.02002  71950    3593972.1 0.0037
7  3  26.2 0.00130 0.00127 0.02002  78548    3923548.5 0.0036
7  3  26.2 0.00150 0.00146 0.01739  71976    4137956.9 0.0037
7  3  26.2 0.00170 0.00166 0.01739  74296    4271335.6 0.0037
7  3  26.2 0.00190 0.00186 0.01739  76020    4370449.7 0.0036
7  3  26.2 0.00210 0.00215 0.01739  77594    4460940.2 0.0036
7  3  26.2 0.00230 0.00234 0.01739  78212    4496469.5 0.0036
7  3  26.2 0.00250 0.00254 0.01739  78620    4519925.7 0.0036
7  3  26.2 0.00270 0.00273 0.01739  78920    4537173.0 0.0036
7  3  26.2 0.00290 0.00293 0.01739  79076    4546141.5 0.0036
7  3  26.2 0.00310 0.00313 0.01739  79140    4549820.9 0.0036
7  3  26.2 0.00330 0.00332 0.01739  79102    4547636.3 0.0036
7  3  26.2 0.00350 0.00352 0.01739  78954    4539127.7 0.0036
7  3  26.2 0.00370 0.00371 0.01739  78702    4524640.0 0.0036
7  3  26.2 0.00390 0.00391 0.01739  78290    4500953.8 0.0036
7  3  26.2 0.00410 0.00410 0.01739  77666    4465079.5 0.0036
7  3  26.2 0.00430 0.00430 0.01739  76678    4408278.6 0.0036
7  3  26.2 0.00450 0.00449 0.01739  75324    4330436.1 0.0036
7  3  26.2 0.00470 0.00469 0.01739  73344    4216604.3 0.0037
7  3  26.2 0.00490 0.00488 0.01739  70342    4044017.0 0.0038
7  3  26.2 0.00510 0.00508 0.01739  65704    3777374.7 0.0039
7  3  26.2 0.00530 0.00527 0.01739  59828    3439558.8 0.0041
7  3  26.2 0.00550 0.00547 0.01739  52590    3023440.5 0.0044
7  3  26.2 0.00570 0.00566 0.01739  44166    2539138.1 0.0048
7  3  26.2 0.00590 0.00586 0.01739  36162    2078981.9 0.0053
7  3  26.2 0.00610 0.00605 0.01739  30116    1731392.6 0.0058
7  3  26.2 0.00630 0.00635 0.01739  24384    1401855.4 0.0064
7  3  26.2 0.00650 0.00654 0.01739  22546    1296187.3 0.0067
7  3  26.2 0.00670 0.00674 0.01739  21672    1245940.4 0.0068
7  3  26.2 0.00690 0.00693 0.01739  21006    1207651.5 0.0069
7  3  26.2 0.00710 0.00713 0.01739  20704    1190289.3 0.0069
7  3  26.2 0.00730 0.00732 0.01739  20720    1191209.1 0.0069
7  3  26.2 0.00750 0.00752 0.01739  20614    1185115.1 0.0070
7  3  26.2 0.00770 0.00771 0.01739  20550    1181435.7 0.0070
7  3  26.2 0.00790 0.00791 0.01739  20568    1182470.5 0.0070
7  3  26.2 0.00810 0.00811 0.01739  20690    1189484.4 0.0070
7  3  26.2 0.00830 0.00830 0.01739  20508    1179021.1 0.0070
7  3  26.2 0.00850 0.00850 0.01739  20562    1182125.6 0.0070
7  3  26.2 0.00870 0.00869 0.01739  20592    1183850.3 0.0070
7  3  26.2 0.00890 0.00889 0.01739  20514    1179366.0 0.0070
7  3  26.2 0.00910 0.00908 0.01739  20292    1166603.1 0.0070
7  3  26.2 0.00930 0.00928 0.01739  20610    1184885.1 0.0070
7  3  26.2 0.00950 0.00947 0.01739  20690    1189484.4 0.0070
7  3  26.2 0.00970 0.00967 0.01739  20638    1186494.9 0.0070
7  3  26.2 0.00990 0.00986 0.01739  20554    1181665.7 0.0070
7  3  26.2 0.01010 0.01006 0.01739  20230    1163038.6 0.0070
7  3  26.2 0.01030 0.01025 0.01739  20024    1151195.5 0.0071
7  3  26.2 0.01050 0.01055 0.01739  19430    1117046.0 0.0072
7  3  26.2 0.01070 0.01074 0.01739  18992    1091865.0 0.0073
7  3  26.2 0.01090 0.01094 0.01739  18042    1037248.8 0.0074
7  3  26.2 0.01110 0.01113 0.01739  17008     977803.3 0.0077
7  3  26.2 0.01130 0.01133 0.01739  15734     904560.1 0.0080
7  3  26.2 0.01150 0.01152 0.01739  14200     816369.2 0.0084
7  3  26.2 0.01170 0.01172 0.01739  12280     705986.9 0.0090
7  3  26.2 0.01190 0.01191 0.01739  10780     619750.7 0.0096
7  3  26.2 0.01210 0.01211 0.01739   9018     518451.9 0.0105
7  3  26.2 0.01230 0.01230 0.01739   7472     429571.2 0.0116
7  3  26.2 0.01250 0.01250 0.01739   6386     367136.2 0.0125
7  3  26.2 0.01270 0.01270 0.01739   5246     301596.7 0.0138
7  3  26.2 0.01290 0.01289 0.01739   4354     250314.9 0.0152
7  3  26.2 0.01310 0.01309 0.01739   3852     221454.5 0.0161
7  3  26.2 0.01330 0.01328 0.01739   3424     196848.5 0.0171
7  3  26.2 0.01350 0.01348 0.01739   3128     179831.2 0.0179
7  3  26.2 0.01370 0.01367 0.01739   2872     165113.5 0.0187
7  3  26.2 0.01390 0.01387 0.01739   2646     152120.6 0.0194
7  3  26.2 0.01410 0.01406 0.01739   2490     143152.1 0.0200
7  3  26.2 0.01430 0.01426 0.01739   2492     143267.0 0.0200
7  3  26.2 0.01450 0.01445 0.01739   2492     143267.0 0.0200
7  3  26.2 0.01470 0.01475 0.01739   2402     138092.9 0.0204
7  3  26.2 0.01490 0.01494 0.01739   2338     134413.5 0.0207
7  3  26.2 0.01510 0.01514 0.01739   2260     129929.2 0.0210
7  3  26.2 0.01530 0.01533 0.01770   2228     125898.9 0.0212
7  3  26.2 0.01550 0.01553 0.01905   2324     121965.7 0.0207
7  3  26.2 0.01570 0.01572 0.01918   2252     117442.4 0.0211
7  3  26.2 0.01590 0.01592 0.01918   2300     119945.6 0.0209
7  3  26.2 0.01610 0.01611 0.01923   2224     115669.0 0.0212
7  3  26.2 0.01630 0.01631 0.02040   2274     111456.5 0.0210
7  3  26.2 0.01650 0.01650 0.02040   2228     109201.9 0.0212
7  3  26.2 0.01670 0.01670 0.02101   2228     106056.6 0.0212
7  3  26.2 0.01690 0.01689 0.02171   2326     107133.8 0.0207
7  3  26.2 0.01710 0.01709 0.02209   2248     101770.4 0.0211
7  3  26.2 0.01730 0.01729 0.02311   2334     100978.7 0.0207
7  3  26.2 0.01750 0.01748 0.02386   2286      95809.2 0.0209
7  3  26.2 0.01770 0.01768 0.02461   2230      90602.0 0.0212
7  3  26.2 0.01790 0.01787 0.02523   2266      89827.2 0.0210
7  3  26.2 0.01810 0.01807 0.02795   2304      82422.4 0.0208
7  3  26.2 0.01830 0.01826 0.02865   2266      79093.0 0.0210
7  3  26.2 0.01850 0.01846 0.03003   2238      74529.8 0.0211
7  3  26.2 0.01870 0.01865 0.03157   2260      71580.1 0.0210
7  3  26.2 0.01890 0.01895 0.03624   2286      63084.3 0.0209
7  3  26.2 0.01910 0.01914 0.03924   2274      57952.1 0.0210
7  3  26.2 0.01930 0.01934 0.04342   2248      51771.9 0.0211
7  3  26.2 0.01950 0.01953 0.04893   2350      48031.8 0.0206
7  3  26.2 0.01970 0.01973 0.05518   2250      40772.3 0.0211
7  3  26.2 0.01990 0.01992 0.06321   2338      36989.3 0.0207
7  3  26.2 0.02010 0.02012 0.07392   2318      31358.5 0.0208
7  3  26.2 0.02030 0.02031 0.08262   2298      27814.0 0.0209
7  3  26.2 0.02050 0.02051 0.09453   2228      23568.6 0.0212
7  3  26.2 0.02070 0.02070 0.11126   2278      20475.3 0.0210
7  3  26.2 0.02090 0.02090 0.12285   2228      18136.6 0.0212
7  3  26.2 0.02110 0.02109 0.13884   2222      16003.8 0.0212
7  3  26.1 0.02130 0.02129 0.15628   2258      14448.0 0.0210
7  3  26.1 0.02150 0.02148 0.17576   2390      13598.3 0.0205
7  3  26.1 0.02170 0.02168 0.18456   2340      12678.7 0.0207
7  3  26.1 0.02190 0.02188 0.19927   2336      11722.9 0.0207
7  3  26.1 0.02210 0.02207 0.19927   2256      11321.4 0.0211
7  3  26.1 0.02230 0.02227 0.21634   2260      10446.5 0.0210
7  3  26.1 0.02250 0.02246 0.21634   2306      10659.1 0.0208
7  3  26.1 0.02270 0.02266 0.23381   2292       9802.9 0.0209
7  3  26.1 0.02290 0.02285 0.24052   2316       9629.2 0.0208
7  3  26.1 0.02310 0.02314 0.24204   2240       9254.5 0.0211
7  3  26.1 0.02330 0.02334 0.25610   2372       9262.2 0.0205
7  3  26.1 0.02350 0.02354 0.25610   2232       8715.5 0.0212
7  3  26.1 0.02370 0.02373 0.25610   2248       8778.0 0.0211
7  3  26.1 0.02390 0.02393 0.28300   2254       7964.7 0.0211
7  3  26.1 0.02410 0.02412 0.28300   2276       8042.4 0.0210
7  3  26.1 0.02430 0.02432 0.30001   2322       7739.7 0.0208
7  3  26.1 0.02450 0.02451 0.31866   2224       6979.3 0.0212
7  3  26.1 0.02470 0.02471 0.31866   2290       7186.4 0.0209
7  3  26.1 0.02490 0.02490 0.35009   2328       6649.8 0.0207
7  3  26.1 0.02510 0.02510 0.35009   2284       6524.1 0.0209
7  3  26.1 0.02530 0.02529 0.37362   2354       6300.6 0.0206
7  3  26.1 0.02550 0.02549 0.38222   2254       5897.2 0.0211
7  3  26.1 0.02570 0.02568 0.39491   2244       5682.3 0.0211
7  3  26.1 0.02590 0.02588 0.43549   2316       5318.1 0.0208
7  3  26.1 0.02610 0.02607 0.43549   2318       5322.7 0.0208
7  3  26.1 0.02630 0.02627 0.46344   2244       4842.1 0.0211
7  3  26.1 0.02650 0.02646 0.49005   2332       4758.7 0.0207
7  3  26.1 0.02670 0.02666 0.54282   2354       4336.7 0.0206
7  3  26.1 0.02690 0.02686 0.57820   2324       4019.3 0.0207
7  3  26.1 0.02710 0.02715 0.63729   2242       3518.0 0.0211
7  3  26.1 0.02730 0.02734 0.67884   2254       3320.4 0.0211
7  3  26.1 0.02750 0.02754 0.78006   2366       3033.1 0.0206
7  3  26.1 0.02770 0.02773 0.83251   2226       2673.8 0.0212
7  3  26.1 0.02790 0.02793 0.91667   2308       2517.8 0.0208
7  3  26.1 0.02810 0.02813 1.03288   2296       2222.9 0.0209
7  3  26.1 0.02830 0.02832 1.15679   2240       1936.4 0.0211
7  3  26.1 0.02850 0.02852 1.21000   2020       1669.4 0.0222
7  3  26.1 0.02870 0.02871 1.21000   1802       1489.3 0.0236
7  3  26.1 0.02890 0.02891 1.21000   1764       1457.9 0.0238
7  3  26.1 0.02910 0.02910 1.21000   1510       1247.9 0.0257
7  3  26.1 0.02930 0.02930 1.21000   1456       1203.3 0.0262
7  3  26.1 0.02950 0.02949 1.21000   1360       1124.0 0.0271
7  3  26.1 0.02970 0.02969 1.21000   1192        985.1 0.0290
7  3  26.1 0.02990 0.02988 1.21000   1116        922.3 0.0299
7  3  26.1 0.03010 0.03008 1.21000   1136        938.8 0.0297
7  3  26.1 0.03030 0.03027 1.21000   1102        910.7 0.0301
7  3  26.1 0.03050 0.03047 1.21000   1072        886.0 0.0305
7  3  26.1 0.03070 0.03066 1.21000   1020        843.0 0.0313
7  3  26.1 0.03090 0.03086 1.21000   1018        841.3 0.0313
7  3  26.1 0.03110 0.03105 1.21000    930        768.6 0.0328
7  3  26.1 0.03130 0.03135 1.21000    894        738.8 0.0334
7  3  26.1 0.03150 0.03154 1.21000    886        732.2 0.0336
7  3  26.1 0.03170 0.03174 1.21000    884        730.6 0.0336
7  3  26.1 0.03190 0.03193 1.21000    784        647.9 0.0357
7  3  26.1 0.03210 0.03213 1.21000    860        710.7 0.0341
7  3  26.1 0.03230 0.03232 1.21000    800        661.2 0.0354
7  3  26.1 0.03250 0.03252 1.21000    806        666.1 0.0352
7  3  26.1 0.03270 0.03271 1.21000    726        600.0 0.0371
7  3  26.1 0.03290 0.03291 1.21000    730        603.3 0.0370
7  3  26.1 0.03310 0.03311 1.21000    698        576.9 0.0379
7  3  26.1 0.03330 0.03330 1.21000    660        545.5 0.0389
7  3  26.1 0.03350 0.03350 1.21000    602        497.5 0.0408
7  3  26.1 0.03370 0.03369 1.21000    604        499.2 0.0407
7  3  26.1 0.03390 0.03389 1.21000    642        530.6 0.0395
7  3  26.1 0.03410 0.03408 1.21000    538        444.6 0.0431
7  3  26.1 0.03430 0.03428 1.21000    576        476.0 0.0417
7  3  26.1 0.03450 0.03447 1.21000    530        438.0 0.0434
7  3  26.1 0.03470 0.03467 1.21000    534        441.3 0.0433
7  3  26.1 0.03490 0.03486 1.21000    516        426.4 0.0440
7  3  26.1 0.03510 0.03506 1.21000    460        380.2 0.0466
7  3  26.1 0.03530 0.03525 1.21000    488        403.3 0.0453
7  3  26.1 0.03550 0.03555 1.21000    400        330.6 0.0500
7  3  26.1 0.03570 0.03574 1.21000    394        325.6 0.0504
7  3  26.1 0.03590 0.03594 1.21000    400        330.6 0.0500
7  3  26.1 0.03610 0.03613 1.21000    366        302.5 0.0523
7  3  26.1 0.03630 0.03633 1.21000    372        307.4 0.0518
7  3  26.1 0.03650 0.03652 1.21000    346        286.0 0.0538
7  3  26.1 0.03670 0.03672 1.21000    368        304.1 0.0521
7  3  26.1 0.03690 0.03691 1.21000    310        256.2 0.0568
7  3  26.1 0.03710 0.03711 1.21000    310        256.2 0.0568
7  3  26.1 0.03730 0.03730 1.21000    310        256.2 0.0568
7  3  26.1 0.03750 0.03750 1.21000    272        224.8 0.0606
7  3  26.1 0.03770 0.03770 1.21000    314        259.5 0.0564
7  3  26.1 0.03790 0.03789 1.21000    248        205.0 0.0635
7  3  26.1 0.03810 0.03809 1.21000    284        234.7 0.0593
7  3  26.1 0.03830 0.03828 1.21000    262        216.5 0.0618
7  3  26.1 0.03850 0.03848 1.21000    260        214.9 0.0620
7  3  26.1 0.03870 0.03867 1.21000    234        193.4 0.0654
7  3  26.1 0.03890 0.03887 1.21000    274        226.4 0.0604
7  3  26.1 0.03910 0.03906 1.21000    274        226.4 0.0604
7  3  26.1 0.03930 0.03926 1.21000    248        205.0 0.0635
7  3  26.1 0.03950 0.03945 1.21000    240        198.3 0.0645
7  3  26.1 0.03970 0.03975 1.21000    236        195.0 0.0651
7  3  26.1 0.03990 0.03994 1.21000    248        205.0 0.0635
