# Scan Time    : Fri, 18 Mar 2022 01:55:34 +0000 (GMT) +880794000 nsec
# Board Lane   : 0
# Board Loc    : Bore Paddle
# SiPM Biases  :  56.397  56.494  57.314  57.245
# SiPM Currents:   1.174   1.235   1.490   1.281
#
3 -1  26.2 0.00010 0.00010 0.00629  70890   11264837.1 0.0038
3 -1  26.2 0.00030 0.00029 0.00629  71932   11430417.0 0.0037
3 -1  26.2 0.00050 0.00049 0.00629  75060   11927474.6 0.0037
3 -1  26.2 0.00070 0.00068 0.00629  77518   12318065.2 0.0036
3 -1  26.2 0.00090 0.00088 0.00629  79230   12590112.0 0.0036
3 -1  26.2 0.00110 0.00107 0.00562  72082   12821127.1 0.0037
3 -1  26.2 0.00130 0.00127 0.00562  72938   12973382.6 0.0037
3 -1  26.2 0.00150 0.00146 0.00562  73326   13042395.6 0.0037
3 -1  26.2 0.00170 0.00166 0.00562  73430   13060894.0 0.0037
3 -1  26.2 0.00190 0.00186 0.00562  73302   13038126.8 0.0037
3 -1  26.2 0.00210 0.00215 0.00562  72250   12851009.0 0.0037
3 -1  26.2 0.00230 0.00234 0.00562  70846   12601281.4 0.0038
3 -1  26.2 0.00250 0.00254 0.00562  68634   12207836.0 0.0038
3 -1  26.2 0.00270 0.00273 0.00562  65734   11692016.9 0.0039
3 -1  26.2 0.00290 0.00293 0.00562  60990   10848208.1 0.0040
3 -1  26.2 0.00310 0.00313 0.00562  54940    9772102.9 0.0043
3 -1  26.2 0.00330 0.00332 0.00562  49018    8718764.8 0.0045
3 -1  26.2 0.00350 0.00352 0.00562  41928    7457676.2 0.0049
3 -1  26.2 0.00370 0.00371 0.00562  37112    6601060.8 0.0052
3 -1  26.2 0.00390 0.00391 0.00562  32354    5754761.9 0.0056
3 -1  26.2 0.00410 0.00410 0.00562  30104    5354557.4 0.0058
3 -1  26.2 0.00430 0.00430 0.00562  28044    4988148.0 0.0060
3 -1  26.2 0.00450 0.00449 0.00562  27424    4877869.5 0.0060
3 -1  26.2 0.00470 0.00469 0.00562  26726    4753717.2 0.0061
3 -1  26.2 0.00490 0.00488 0.00562  26460    4706404.1 0.0061
3 -1  26.2 0.00510 0.00508 0.00562  26146    4650553.4 0.0062
3 -1  26.2 0.00530 0.00527 0.00562  26196    4659446.8 0.0062
3 -1  26.2 0.00550 0.00547 0.00562  25838    4595769.8 0.0062
3 -1  26.2 0.00570 0.00566 0.00562  25908    4608220.6 0.0062
3 -1  26.2 0.00590 0.00586 0.00562  25718    4574425.6 0.0062
3 -1  26.2 0.00610 0.00605 0.00562  25760    4581896.1 0.0062
3 -1  26.2 0.00630 0.00635 0.00562  25600    4553437.1 0.0063
3 -1  26.2 0.00650 0.00654 0.00562  25424    4522132.2 0.0063
3 -1  26.2 0.00670 0.00674 0.00562  25614    4555927.3 0.0062
3 -1  26.2 0.00690 0.00693 0.00562  25560    4546322.3 0.0063
3 -1  26.2 0.00710 0.00713 0.00562  25366    4511815.8 0.0063
3 -1  26.2 0.00730 0.00732 0.00562  25212    4484424.1 0.0063
3 -1  26.2 0.00750 0.00752 0.00562  25036    4453119.2 0.0063
3 -1  26.2 0.00770 0.00771 0.00562  24866    4422881.5 0.0063
3 -1  26.2 0.00790 0.00791 0.00562  24446    4348176.7 0.0064
3 -1  26.2 0.00810 0.00811 0.00562  23750    4224380.1 0.0065
3 -1  26.2 0.00830 0.00830 0.00562  23156    4118726.1 0.0066
3 -1  26.2 0.00850 0.00850 0.00562  22314    3968960.8 0.0067
3 -1  26.2 0.00870 0.00869 0.00562  21082    3749826.6 0.0069
3 -1  26.2 0.00890 0.00889 0.00562  19950    3548479.3 0.0071
3 -1  26.2 0.00910 0.00908 0.00562  18812    3346064.8 0.0073
3 -1  26.2 0.00930 0.00928 0.00562  17542    3120171.6 0.0076
3 -1  26.2 0.00950 0.00947 0.00562  16074    2859060.5 0.0079
3 -1  26.2 0.00970 0.00967 0.00562  14586    2594391.9 0.0083
3 -1  26.2 0.00990 0.00986 0.00562  13332    2371344.7 0.0087
3 -1  26.2 0.01010 0.01006 0.00562  12114    2154700.7 0.0091
3 -1  26.2 0.01030 0.01025 0.00562  10568    1879715.7 0.0097
3 -1  26.2 0.01050 0.01055 0.00562   9300    1654178.3 0.0104
3 -1  26.2 0.01070 0.01074 0.00562   8394    1493029.3 0.0109
3 -1  26.2 0.01090 0.01094 0.00562   7816    1390221.3 0.0113
3 -1  26.2 0.01110 0.01113 0.00562   7330    1303777.1 0.0117
3 -1  26.2 0.01130 0.01133 0.00562   6794    1208439.5 0.0121
3 -1  26.2 0.01150 0.01152 0.00562   6460    1149031.4 0.0124
3 -1  26.2 0.01170 0.01172 0.00562   6096    1084287.2 0.0128
3 -1  26.2 0.01190 0.01191 0.00562   5986    1064721.7 0.0129
3 -1  26.2 0.01210 0.01211 0.00562   5640    1003179.1 0.0133
3 -1  26.2 0.01230 0.01230 0.00562   5522     982190.6 0.0135
3 -1  26.1 0.01250 0.01250 0.00562   5416     963336.5 0.0136
3 -1  26.1 0.01270 0.01270 0.00562   5386     958000.5 0.0136
3 -1  26.1 0.01290 0.01289 0.00562   5264     936300.5 0.0138
3 -1  26.1 0.01310 0.01309 0.00562   5036     895746.5 0.0141
3 -1  26.1 0.01330 0.01328 0.00562   4870     866220.3 0.0143
3 -1  26.1 0.01350 0.01348 0.00562   4898     871200.6 0.0143
3 -1  26.1 0.01370 0.01367 0.00562   4506     801476.1 0.0149
3 -1  26.1 0.01390 0.01387 0.00562   4600     818195.7 0.0147
3 -1  26.1 0.01410 0.01406 0.00562   4258     757364.7 0.0153
3 -1  26.1 0.01430 0.01426 0.00562   4192     745625.3 0.0154
3 -1  26.1 0.01450 0.01445 0.00562   4148     737799.1 0.0155
3 -1  26.1 0.01470 0.01475 0.00562   3968     705782.7 0.0159
3 -1  26.1 0.01490 0.01494 0.00562   3606     641394.3 0.0167
3 -1  26.1 0.01510 0.01514 0.00562   3504     623251.7 0.0169
3 -1  26.1 0.01530 0.01533 0.00562   3276     582697.7 0.0175
3 -1  26.1 0.01550 0.01553 0.00562   3098     551037.0 0.0180
3 -1  26.1 0.01570 0.01572 0.00562   2852     507281.4 0.0187
3 -1  26.1 0.01590 0.01592 0.00562   2718     483447.0 0.0192
3 -1  26.1 0.01610 0.01611 0.00562   2582     459256.8 0.0197
3 -1  26.1 0.01630 0.01631 0.00562   2390     425106.0 0.0205
3 -1  26.1 0.01650 0.01650 0.00562   2298     408742.1 0.0209
3 -1  26.1 0.01670 0.01670 0.00585   2306     394290.1 0.0208
3 -1  26.1 0.01690 0.01689 0.00635   2258     355725.0 0.0210
3 -1  26.1 0.01710 0.01709 0.00660   2290     347128.0 0.0209
3 -1  26.1 0.01730 0.01729 0.00694   2252     324468.4 0.0211
3 -1  26.1 0.01750 0.01748 0.00768   2306     300079.8 0.0208
3 -1  26.1 0.01770 0.01768 0.00811   2348     289440.5 0.0206
3 -1  26.1 0.01790 0.01787 0.00841   2250     267623.7 0.0211
3 -1  26.1 0.01810 0.01807 0.00922   2326     252360.9 0.0207
3 -1  26.1 0.01830 0.01826 0.01020   2282     223815.9 0.0209
3 -1  26.1 0.01850 0.01846 0.01068   2412     225919.6 0.0204
3 -1  26.1 0.01870 0.01865 0.01068   2226     208497.9 0.0212
3 -1  26.1 0.01890 0.01895 0.01238   2278     184067.3 0.0210
3 -1  26.1 0.01910 0.01914 0.01265   2258     178510.0 0.0210
3 -1  26.1 0.01930 0.01934 0.01322   2310     174730.9 0.0208
3 -1  26.1 0.01950 0.01953 0.01410   2232     158345.4 0.0212
3 -1  26.1 0.01970 0.01973 0.01417   2228     157208.1 0.0212
3 -1  26.1 0.01990 0.01992 0.01511   2256     149301.7 0.0211
3 -1  26.1 0.02010 0.02012 0.01599   2280     142605.3 0.0209
3 -1  26.1 0.02030 0.02031 0.01631   2282     139904.1 0.0209
3 -1  26.1 0.02050 0.02051 0.01631   2236     137083.9 0.0211
3 -1  26.1 0.02070 0.02070 0.01764   2276     129034.0 0.0210
3 -1  26.1 0.02090 0.02090 0.01780   2246     126187.1 0.0211
3 -1  26.1 0.02110 0.02109 0.01909   2464     129089.7 0.0201
3 -1  26.1 0.02130 0.02129 0.01909   2272     119030.8 0.0210
3 -1  26.1 0.02150 0.02148 0.02059   2294     111433.7 0.0209
3 -1  26.1 0.02170 0.02168 0.02059   2234     108519.1 0.0212
3 -1  26.1 0.02190 0.02188 0.02150   2244     104393.5 0.0211
3 -1  26.1 0.02210 0.02207 0.02407   2250      93461.1 0.0211
3 -1  26.1 0.02230 0.02227 0.02569   2354      91620.2 0.0206
3 -1  26.1 0.02250 0.02246 0.02675   2288      85527.8 0.0209
3 -1  26.1 0.02270 0.02266 0.02675   2270      84854.9 0.0210
3 -1  26.1 0.02290 0.02285 0.02974   2276      76527.1 0.0210
3 -1  26.1 0.02310 0.02314 0.03309   2236      67576.1 0.0211
3 -1  26.1 0.02330 0.02334 0.03530   2302      65210.5 0.0208
3 -1  26.1 0.02350 0.02354 0.03700   2308      62379.2 0.0208
3 -1  26.1 0.02370 0.02373 0.03838   2256      58778.5 0.0211
3 -1  26.1 0.02390 0.02393 0.04069   2298      56477.6 0.0209
3 -1  26.1 0.02410 0.02412 0.04314   2262      52432.0 0.0210
3 -1  26.1 0.02430 0.02432 0.04643   2292      49368.6 0.0209
3 -1  26.1 0.02450 0.02451 0.04643   2246      48377.8 0.0211
3 -1  26.1 0.02470 0.02471 0.05037   2304      45740.9 0.0208
3 -1  26.1 0.02490 0.02490 0.05242   2302      43917.2 0.0208
3 -1  26.1 0.02510 0.02510 0.05372   2262      42105.4 0.0210
3 -1  26.1 0.02530 0.02529 0.05863   2416      41207.4 0.0203
3 -1  26.1 0.02550 0.02549 0.05922   2276      38435.2 0.0210
3 -1  26.1 0.02570 0.02568 0.06177   2228      36066.8 0.0212
3 -1  26.1 0.02590 0.02588 0.06466   2256      34892.6 0.0211
3 -1  26.1 0.02610 0.02607 0.06701   2280      34025.9 0.0209
3 -1  26.1 0.02630 0.02627 0.07030   2248      31978.2 0.0211
3 -1  26.1 0.02650 0.02646 0.07327   2236      30519.1 0.0211
3 -1  26.1 0.02670 0.02666 0.07735   2232      28855.7 0.0212
3 -1  26.1 0.02690 0.02686 0.07735   2282      29502.1 0.0209
3 -1  26.1 0.02710 0.02715 0.08509   2274      26726.1 0.0210
3 -1  26.1 0.02730 0.02734 0.08918   2230      25005.8 0.0212
3 -1  26.1 0.02750 0.02754 0.09113   2280      25018.0 0.0209
3 -1  26.1 0.02770 0.02773 0.09840   2286      23232.5 0.0209
3 -1  26.1 0.02790 0.02793 0.09840   2322      23598.4 0.0208
3 -1  26.1 0.02810 0.02813 0.10281   2260      21982.1 0.0210
3 -1  26.1 0.02830 0.02832 0.11253   2402      21344.5 0.0204
3 -1  26.1 0.02850 0.02852 0.11253   2258      20064.9 0.0210
3 -1  26.1 0.02870 0.02871 0.12012   2282      18998.0 0.0209
3 -1  26.1 0.02890 0.02891 0.12012   2236      18615.0 0.0211
3 -1  26.1 0.02910 0.02910 0.12783   2244      17554.2 0.0211
3 -1  26.1 0.02930 0.02930 0.13894   2282      16423.8 0.0209
3 -1  26.1 0.02950 0.02949 0.14252   2282      16011.4 0.0209
3 -1  26.1 0.02970 0.02969 0.14952   2246      15021.9 0.0211
3 -1  26.1 0.02990 0.02988 0.15921   2338      14684.8 0.0207
3 -1  26.1 0.03010 0.03008 0.17248   2248      13033.4 0.0211
3 -1  26.1 0.03030 0.03027 0.17564   2222      12650.8 0.0212
3 -1  26.1 0.03050 0.03047 0.19378   2236      11538.8 0.0211
3 -1  26.1 0.03070 0.03066 0.19679   2232      11341.9 0.0212
3 -1  26.1 0.03090 0.03086 0.20243   2256      11144.8 0.0211
3 -1  26.1 0.03110 0.03105 0.22157   2276      10272.0 0.0210
3 -1  26.1 0.03130 0.03135 0.22709   2274      10013.6 0.0210
3 -1  26.1 0.03150 0.03154 0.24519   2246       9160.4 0.0211
3 -1  26.1 0.03170 0.03174 0.24519   2222       9062.5 0.0212
3 -1  26.1 0.03190 0.03193 0.26654   2274       8531.6 0.0210
3 -1  26.1 0.03210 0.03213 0.28315   2276       8038.0 0.0210
3 -1  26.1 0.03230 0.03232 0.28315   2268       8009.8 0.0210
3 -1  26.1 0.03250 0.03252 0.29706   2352       7917.7 0.0206
3 -1  26.1 0.03270 0.03271 0.31522   2350       7455.2 0.0206
3 -1  26.0 0.03290 0.03291 0.31522   2262       7176.0 0.0210
3 -1  26.0 0.03310 0.03311 0.32010   2232       6972.9 0.0212
3 -1  26.0 0.03330 0.03330 0.33575   2278       6784.9 0.0210
3 -1  26.0 0.03350 0.03350 0.34992   2304       6584.4 0.0208
3 -1  26.0 0.03370 0.03369 0.36198   2314       6392.7 0.0208
3 -1  26.0 0.03390 0.03389 0.38706   2360       6097.3 0.0206
3 -1  26.0 0.03410 0.03408 0.39022   2282       5848.0 0.0209
3 -1  26.0 0.03430 0.03428 0.39128   2266       5791.3 0.0210
3 -1  26.0 0.03450 0.03447 0.39519   2266       5734.0 0.0210
3 -1  26.0 0.03470 0.03467 0.41775   2270       5433.9 0.0210
3 -1  26.0 0.03490 0.03486 0.42385   2228       5256.5 0.0212
3 -1  26.0 0.03510 0.03506 0.44555   2252       5054.4 0.0211
3 -1  26.0 0.03530 0.03525 0.48537   2318       4775.8 0.0208
3 -1  26.0 0.03550 0.03555 0.49336   2296       4653.8 0.0209
3 -1  26.0 0.03570 0.03574 0.52943   2278       4302.7 0.0210
3 -1  26.0 0.03590 0.03594 0.55126   2320       4208.5 0.0208
3 -1  26.0 0.03610 0.03613 0.58482   2262       3867.9 0.0210
3 -1  26.0 0.03630 0.03633 0.59939   2346       3914.0 0.0206
3 -1  26.0 0.03650 0.03652 0.60869   2326       3821.3 0.0207
3 -1  26.0 0.03670 0.03672 0.63648   2246       3528.8 0.0211
3 -1  26.0 0.03690 0.03691 0.68653   2240       3262.8 0.0211
3 -1  26.0 0.03710 0.03711 0.68653   2238       3259.9 0.0211
3 -1  26.0 0.03730 0.03730 0.73129   2238       3060.4 0.0211
3 -1  26.0 0.03750 0.03750 0.76216   2230       2925.9 0.0212
3 -1  26.0 0.03770 0.03770 0.76216   2224       2918.0 0.0212
3 -1  26.0 0.03790 0.03789 0.86669   2394       2762.2 0.0204
3 -1  26.0 0.03810 0.03809 0.87695   2238       2552.0 0.0211
3 -1  26.0 0.03830 0.03828 0.93995   2362       2512.9 0.0206
3 -1  26.0 0.03850 0.03848 0.93995   2236       2378.8 0.0211
3 -1  26.0 0.03870 0.03867 0.98828   2256       2282.8 0.0211
3 -1  26.0 0.03890 0.03887 1.04104   2282       2192.0 0.0209
3 -1  26.0 0.03910 0.03906 1.04104   2244       2155.5 0.0211
3 -1  26.0 0.03930 0.03926 1.12571   2296       2039.6 0.0209
3 -1  26.0 0.03950 0.03945 1.17654   2238       1902.2 0.0211
3 -1  26.0 0.03970 0.03975 1.17654   2260       1920.9 0.0210
3 -1  26.0 0.03990 0.03994 1.21000   2106       1740.5 0.0218
3  0  26.0 0.00010 0.00010 0.01639  72292    4410672.2 0.0037
3  0  26.0 0.00030 0.00029 0.01639  72482    4422264.5 0.0037
3  0  26.0 0.00050 0.00049 0.01639  73294    4471806.2 0.0037
3  0  26.0 0.00070 0.00068 0.01639  73808    4503166.3 0.0037
3  0  26.0 0.00090 0.00088 0.01639  74180    4525862.7 0.0037
3  0  26.0 0.00110 0.00107 0.01639  74370    4537455.0 0.0037
3  0  26.0 0.00130 0.00127 0.01639  74464    4543190.1 0.0037
3  0  26.0 0.00150 0.00146 0.01639  74434    4541359.7 0.0037
3  0  25.9 0.00170 0.00166 0.01639  74302    4533306.2 0.0037
3  0  25.9 0.00190 0.00186 0.01639  74050    4517931.2 0.0037
3  0  25.9 0.00210 0.00215 0.01639  73302    4472294.3 0.0037
3  0  25.9 0.00230 0.00234 0.01639  72430    4419091.9 0.0037
3  0  25.9 0.00250 0.00254 0.01639  71164    4341850.8 0.0037
3  0  25.9 0.00270 0.00273 0.01639  69052    4212993.7 0.0038
3  0  25.9 0.00290 0.00293 0.01639  66230    4040818.1 0.0039
3  0  25.9 0.00310 0.00313 0.01639  61368    3744178.3 0.0040
3  0  25.9 0.00330 0.00332 0.01639  55452    3383231.9 0.0042
3  0  25.9 0.00350 0.00352 0.01639  47510    2898675.3 0.0046
3  0  25.9 0.00370 0.00371 0.01639  39420    2405089.1 0.0050
3  0  25.9 0.00390 0.00391 0.01639  32258    1968121.9 0.0056
3  0  25.9 0.00410 0.00410 0.01639  26518    1617913.6 0.0061
3  0  25.9 0.00430 0.00430 0.01639  23030    1405104.0 0.0066
3  0  25.9 0.00450 0.00449 0.01639  21114    1288205.2 0.0069
3  0  25.9 0.00470 0.00469 0.01639  20046    1223044.5 0.0071
3  0  25.9 0.00490 0.00488 0.01639  19714    1202788.6 0.0071
3  0  25.9 0.00510 0.00508 0.01639  19430    1185461.2 0.0072
3  0  25.9 0.00530 0.00527 0.01639  19030    1161056.4 0.0072
3  0  25.9 0.00550 0.00547 0.01639  18956    1156541.6 0.0073
3  0  25.9 0.00570 0.00566 0.01639  18928    1154833.2 0.0073
3  0  25.9 0.00590 0.00586 0.01639  18774    1145437.4 0.0073
3  0  25.9 0.00610 0.00605 0.01639  18912    1153857.0 0.0073
3  0  25.9 0.00630 0.00635 0.01639  18946    1155931.4 0.0073
3  0  25.9 0.00650 0.00654 0.01639  18896    1152880.9 0.0073
3  0  25.9 0.00670 0.00674 0.01639  18914    1153979.1 0.0073
3  0  25.9 0.00690 0.00693 0.01639  18714    1141776.7 0.0073
3  0  25.9 0.00710 0.00713 0.01639  18658    1138360.0 0.0073
3  0  25.9 0.00730 0.00732 0.01639  18180    1109196.3 0.0074
3  0  25.9 0.00750 0.00752 0.01639  17714    1080764.8 0.0075
3  0  25.9 0.00770 0.00771 0.01639  17156    1046720.1 0.0076
3  0  25.9 0.00790 0.00791 0.01639  16468    1004744.0 0.0078
3  0  25.9 0.00810 0.00811 0.01639  14878     907735.0 0.0082
3  0  25.9 0.00830 0.00830 0.01639  13528     825369.0 0.0086
3  0  25.9 0.00850 0.00850 0.01639  12064     736047.6 0.0091
3  0  25.9 0.00870 0.00869 0.01639  10538     642943.4 0.0097
3  0  25.9 0.00890 0.00889 0.01639   9064     553011.9 0.0105
3  0  25.9 0.00910 0.00908 0.01639   7698     469669.6 0.0114
3  0  25.9 0.00930 0.00928 0.01639   6614     403532.7 0.0123
3  0  25.9 0.00950 0.00947 0.01639   5640     344107.1 0.0133
3  0  25.9 0.00970 0.00967 0.01639   4984     304083.3 0.0142
3  0  25.9 0.00990 0.00986 0.01639   4556     277970.2 0.0148
3  0  25.9 0.01010 0.01006 0.01639   4086     249294.6 0.0156
3  0  25.9 0.01030 0.01025 0.01639   3788     231113.1 0.0162
3  0  25.9 0.01050 0.01055 0.01639   3538     215860.1 0.0168
3  0  25.9 0.01070 0.01074 0.01639   3554     216836.3 0.0168
3  0  25.9 0.01090 0.01094 0.01639   3456     210857.1 0.0170
3  0  25.9 0.01110 0.01113 0.01639   3494     213175.6 0.0169
3  0  25.9 0.01130 0.01133 0.01639   3408     207928.6 0.0171
3  0  25.9 0.01150 0.01152 0.01639   3344     204023.8 0.0173
3  0  25.9 0.01170 0.01172 0.01639   3210     195848.2 0.0177
3  0  25.9 0.01190 0.01191 0.01639   3190     194628.0 0.0177
3  0  25.9 0.01210 0.01211 0.01639   3278     199997.0 0.0175
3  0  25.9 0.01230 0.01230 0.01639   3074     187550.6 0.0180
3  0  25.9 0.01250 0.01250 0.01639   3136     191333.3 0.0179
3  0  25.9 0.01270 0.01270 0.01639   3060     186696.4 0.0181
3  0  25.9 0.01290 0.01289 0.01639   2970     181205.3 0.0183
3  0  25.9 0.01310 0.01309 0.01639   3060     186696.4 0.0181
3  0  25.9 0.01330 0.01328 0.01639   2942     179497.0 0.0184
3  0  25.9 0.01350 0.01348 0.01639   2808     171321.4 0.0189
3  0  25.9 0.01370 0.01367 0.01639   2790     170223.2 0.0189
3  0  25.9 0.01390 0.01387 0.01639   2690     164122.0 0.0193
3  0  25.9 0.01410 0.01406 0.01639   2668     162779.7 0.0194
3  0  25.9 0.01430 0.01426 0.01639   2472     150821.4 0.0201
3  0  25.9 0.01450 0.01445 0.01639   2414     147282.7 0.0204
3  0  25.9 0.01470 0.01475 0.01751   2236     127704.3 0.0211
3  0  25.9 0.01490 0.01494 0.01978   2280     115247.2 0.0209
3  0  25.9 0.01510 0.01514 0.02083   2306     110701.2 0.0208
3  0  25.9 0.01530 0.01533 0.02452   2232      91042.7 0.0212
3  0  25.9 0.01550 0.01553 0.02670   2236      83735.3 0.0211
3  0  25.9 0.01570 0.01572 0.03039   2294      75477.8 0.0209
3  0  25.9 0.01590 0.01592 0.03375   2256      66845.2 0.0211
3  0  25.9 0.01610 0.01611 0.03698   2242      60630.4 0.0211
3  0  25.9 0.01630 0.01631 0.04016   2272      56575.0 0.0210
3  0  25.9 0.01650 0.01650 0.04433   2316      52248.8 0.0208
3  0  25.9 0.01670 0.01670 0.04628   2328      50305.1 0.0207
3  0  25.9 0.01690 0.01689 0.04999   2300      46013.4 0.0209
3  0  25.9 0.01710 0.01709 0.04999   2246      44933.0 0.0211
3  0  25.9 0.01730 0.01729 0.05224   2340      44791.0 0.0207
3  0  25.9 0.01750 0.01748 0.05404   2310      42744.2 0.0208
3  0  25.9 0.01770 0.01768 0.05404   2234      41337.9 0.0212
3  0  25.8 0.01790 0.01787 0.05538   2286      41278.2 0.0209
3  0  25.8 0.01810 0.01807 0.05538   2256      40736.5 0.0211
3  0  25.8 0.01830 0.01826 0.05777   2318      40123.0 0.0208
3  0  25.8 0.01850 0.01846 0.05777   2290      39638.3 0.0209
3  0  25.8 0.01870 0.01865 0.05777   2252      38980.6 0.0211
3  0  25.8 0.01890 0.01895 0.05943   2228      37489.1 0.0212
3  0  25.8 0.01910 0.01914 0.05943   2294      38599.6 0.0209
3  0  25.8 0.01930 0.01934 0.06385   2346      36741.5 0.0206
3  0  25.8 0.01950 0.01953 0.06385   2320      36334.3 0.0208
3  0  25.8 0.01970 0.01973 0.06385   2232      34956.1 0.0212
3  0  25.8 0.01990 0.01992 0.06385   2226      34862.1 0.0212
3  0  25.8 0.02010 0.02012 0.06478   2270      35039.2 0.0210
3  0  25.8 0.02030 0.02031 0.06971   2268      32532.6 0.0210
3  0  25.8 0.02050 0.02051 0.07132   2260      31688.4 0.0210
3  0  25.8 0.02070 0.02070 0.07296   2286      31331.7 0.0209
3  0  25.8 0.02090 0.02090 0.07663   2254      29413.4 0.0211
3  0  25.8 0.02110 0.02109 0.08201   2300      28044.1 0.0209
3  0  25.8 0.02130 0.02129 0.08548   2334      27306.0 0.0207
3  0  25.8 0.02150 0.02148 0.09168   2278      24847.5 0.0210
3  0  25.8 0.02170 0.02168 0.09922   2320      23382.6 0.0208
3  0  25.8 0.02190 0.02188 0.11034   2242      20318.5 0.0211
3  0  25.8 0.02210 0.02207 0.11340   2276      20069.7 0.0210
3  0  25.8 0.02230 0.02227 0.12680   2284      18012.6 0.0209
3  0  25.8 0.02250 0.02246 0.13943   2338      16768.5 0.0207
3  0  25.8 0.02270 0.02266 0.15647   2272      14520.5 0.0210
3  0  25.8 0.02290 0.02285 0.16384   2252      13744.9 0.0211
3  0  25.8 0.02310 0.02314 0.18443   2240      12145.7 0.0211
3  0  25.8 0.02330 0.02334 0.19690   2226      11305.4 0.0212
3  0  25.8 0.02350 0.02354 0.21403   2308      10783.6 0.0208
3  0  25.8 0.02370 0.02373 0.22369   2342      10469.7 0.0207
3  0  25.8 0.02390 0.02393 0.22369   2230       9969.0 0.0212
3  0  25.8 0.02410 0.02412 0.22800   2234       9798.1 0.0212
3  0  25.8 0.02430 0.02432 0.22800   2224       9754.2 0.0212
3  0  25.8 0.02450 0.02451 0.24264   2368       9759.5 0.0205
3  0  25.8 0.02470 0.02471 0.24264   2240       9231.9 0.0211
3  0  25.8 0.02490 0.02490 0.24686   2304       9333.3 0.0208
3  0  25.8 0.02510 0.02510 0.24842   2236       9000.8 0.0211
3  0  25.8 0.02530 0.02529 0.26336   2282       8665.1 0.0209
3  0  25.8 0.02550 0.02549 0.26336   2308       8763.8 0.0208
3  0  25.8 0.02570 0.02568 0.26720   2276       8517.8 0.0210
3  0  25.8 0.02590 0.02588 0.27085   2324       8580.3 0.0207
3  0  25.8 0.02610 0.02607 0.27085   2238       8262.8 0.0211
3  0  25.8 0.02630 0.02627 0.28796   2294       7966.4 0.0209
3  0  25.8 0.02650 0.02646 0.28796   2234       7758.0 0.0212
3  0  25.8 0.02670 0.02666 0.29217   2252       7707.9 0.0211
3  0  25.8 0.02690 0.02686 0.29375   2224       7571.0 0.0212
3  0  25.8 0.02710 0.02715 0.31312   2240       7153.8 0.0211
3  0  25.8 0.02730 0.02734 0.31312   2280       7281.6 0.0209
3  0  25.8 0.02750 0.02754 0.32634   2246       6882.5 0.0211
3  0  25.8 0.02770 0.02773 0.34062   2274       6676.1 0.0210
3  0  25.8 0.02790 0.02793 0.36138   2310       6392.1 0.0208
3  0  25.8 0.02810 0.02813 0.38032   2350       6179.1 0.0206
3  0  25.8 0.02830 0.02832 0.38032   2226       5853.0 0.0212
3  0  25.8 0.02850 0.02852 0.42085   2278       5412.9 0.0210
3  0  25.8 0.02870 0.02871 0.45930   2276       4955.4 0.0210
3  0  25.8 0.02890 0.02891 0.48230   2294       4756.3 0.0209
3  0  25.7 0.02910 0.02910 0.53335   2312       4334.9 0.0208
3  0  25.7 0.02930 0.02930 0.59174   2368       4001.8 0.0205
3  0  25.7 0.02950 0.02949 0.59174   2248       3799.0 0.0211
3  0  25.7 0.02970 0.02969 0.65415   2296       3509.9 0.0209
3  0  25.7 0.02990 0.02988 0.69881   2254       3225.5 0.0211
3  0  25.7 0.03010 0.03008 0.79734   2316       2904.7 0.0208
3  0  25.7 0.03030 0.03027 0.79734   2230       2796.8 0.0212
3  0  25.7 0.03050 0.03047 0.83684   2260       2700.6 0.0210
3  0  25.7 0.03070 0.03066 0.89143   2280       2557.7 0.0209
3  0  25.7 0.03090 0.03086 0.89143   2320       2602.6 0.0208
3  0  25.7 0.03110 0.03105 0.89143   2228       2499.4 0.0212
3  0  25.7 0.03130 0.03135 0.97001   2300       2371.1 0.0209
3  0  25.7 0.03150 0.03154 0.97001   2244       2313.4 0.0211
3  0  25.7 0.03170 0.03174 0.98234   2240       2280.3 0.0211
3  0  25.7 0.03190 0.03193 0.99126   2230       2249.7 0.0212
3  0  25.7 0.03210 0.03213 0.99126   2252       2271.9 0.0211
3  0  25.7 0.03230 0.03232 1.06508   2244       2106.9 0.0211
3  0  25.7 0.03250 0.03252 1.06508   2260       2121.9 0.0210
3  0  25.7 0.03270 0.03271 1.06508   2250       2112.5 0.0211
3  0  25.7 0.03290 0.03291 1.12695   2310       2049.8 0.0208
3  0  25.7 0.03310 0.03311 1.12899   2260       2001.8 0.0210
3  0  25.6 0.03330 0.03330 1.12899   2246       1989.4 0.0211
3  0  25.6 0.03350 0.03350 1.12899   2222       1968.1 0.0212
3  0  25.6 0.03370 0.03369 1.21000   2068       1709.1 0.0220
3  0  25.6 0.03390 0.03389 1.21000   2124       1755.4 0.0217
3  0  25.6 0.03410 0.03408 1.21000   2050       1694.2 0.0221
3  0  25.6 0.03430 0.03428 1.21000   1948       1609.9 0.0227
3  0  25.6 0.03450 0.03447 1.21000   1924       1590.1 0.0228
3  0  25.6 0.03470 0.03467 1.21000   1822       1505.8 0.0234
3  0  25.6 0.03490 0.03486 1.21000   1740       1438.0 0.0240
3  0  25.6 0.03510 0.03506 1.21000   1742       1439.7 0.0240
3  0  25.6 0.03530 0.03525 1.21000   1562       1290.9 0.0253
3  0  25.6 0.03550 0.03555 1.21000   1428       1180.2 0.0265
3  0  25.6 0.03570 0.03574 1.21000   1350       1115.7 0.0272
3  0  25.6 0.03590 0.03594 1.21000   1324       1094.2 0.0275
3  0  25.6 0.03610 0.03613 1.21000   1212       1001.7 0.0287
3  0  25.6 0.03630 0.03633 1.21000   1142        943.8 0.0296
3  0  25.6 0.03650 0.03652 1.21000   1100        909.1 0.0302
3  0  25.6 0.03670 0.03672 1.21000    994        821.5 0.0317
3  0  25.6 0.03690 0.03691 1.21000    976        806.6 0.0320
3  0  25.6 0.03710 0.03711 1.21000    920        760.3 0.0330
3  0  25.6 0.03730 0.03730 1.21000    862        712.4 0.0341
3  0  25.6 0.03750 0.03750 1.21000    862        712.4 0.0341
3  0  25.6 0.03770 0.03770 1.21000    834        689.3 0.0346
3  0  25.6 0.03790 0.03789 1.21000    730        603.3 0.0370
3  0  25.6 0.03810 0.03809 1.21000    786        649.6 0.0357
3  0  25.6 0.03830 0.03828 1.21000    702        580.2 0.0377
3  0  25.6 0.03850 0.03848 1.21000    692        571.9 0.0380
3  0  25.6 0.03870 0.03867 1.21000    682        563.6 0.0383
3  0  25.6 0.03890 0.03887 1.21000    676        558.7 0.0385
3  0  25.6 0.03910 0.03906 1.21000    656        542.1 0.0390
3  0  25.6 0.03930 0.03926 1.21000    682        563.6 0.0383
3  0  25.6 0.03950 0.03945 1.21000    670        553.7 0.0386
3  0  25.6 0.03970 0.03975 1.21000    692        571.9 0.0380
3  0  25.6 0.03990 0.03994 1.21000    642        530.6 0.0395
3  1  25.5 0.00010 0.00010 0.01633  72482    4437477.6 0.0037
3  1  25.5 0.00030 0.00029 0.01633  72682    4449721.9 0.0037
3  1  25.5 0.00050 0.00049 0.01633  73428    4495393.4 0.0037
3  1  25.5 0.00070 0.00068 0.01633  73916    4525269.6 0.0037
3  1  25.5 0.00090 0.00088 0.01633  74216    4543636.2 0.0037
3  1  25.5 0.00110 0.00107 0.01633  74406    4555268.3 0.0037
3  1  25.5 0.00130 0.00127 0.01633  74458    4558451.8 0.0037
3  1  25.5 0.00150 0.00146 0.01633  74418    4556003.0 0.0037
3  1  25.5 0.00170 0.00166 0.01633  74246    4545472.8 0.0037
3  1  25.5 0.00190 0.00186 0.01633  73948    4527228.7 0.0037
3  1  25.5 0.00210 0.00215 0.01633  73120    4476537.1 0.0037
3  1  25.5 0.00230 0.00234 0.01633  72136    4416294.8 0.0037
3  1  25.5 0.00250 0.00254 0.01633  70760    4332053.7 0.0038
3  1  25.5 0.00270 0.00273 0.01633  68472    4191978.2 0.0038
3  1  25.5 0.00290 0.00293 0.01633  65222    3993007.4 0.0039
3  1  25.5 0.00310 0.00313 0.01633  60034    3675388.8 0.0041
3  1  25.5 0.00330 0.00332 0.01633  53400    3269243.4 0.0043
3  1  25.5 0.00350 0.00352 0.01633  45580    2790489.1 0.0047
3  1  25.5 0.00370 0.00371 0.01633  37800    2314183.6 0.0051
3  1  25.5 0.00390 0.00391 0.01633  30682    1878406.9 0.0057
3  1  25.5 0.00410 0.00410 0.01633  25852    1582705.6 0.0062
3  1  25.5 0.00430 0.00430 0.01633  22540    1379939.1 0.0067
3  1  25.5 0.00450 0.00449 0.01633  20838    1275739.6 0.0069
3  1  25.5 0.00470 0.00469 0.01633  19816    1213170.9 0.0071
3  1  25.5 0.00490 0.00488 0.01633  19470    1191988.2 0.0072
3  1  25.5 0.00510 0.00508 0.01633  19106    1169703.5 0.0072
3  1  25.5 0.00530 0.00527 0.01633  19288    1180845.8 0.0072
3  1  25.5 0.00550 0.00547 0.01633  19364    1185498.7 0.0072
3  1  25.5 0.00570 0.00566 0.01633  19326    1183172.3 0.0072
3  1  25.5 0.00590 0.00586 0.01633  19062    1167009.7 0.0072
3  1  25.5 0.00610 0.00605 0.01633  19180    1174233.9 0.0072
3  1  25.5 0.00630 0.00635 0.01633  19016    1164193.5 0.0073
3  1  25.5 0.00650 0.00654 0.01633  19260    1179131.6 0.0072
3  1  25.5 0.00670 0.00674 0.01633  19130    1171172.8 0.0072
3  1  25.5 0.00690 0.00693 0.01633  18910    1157704.0 0.0073
3  1  25.5 0.00710 0.00713 0.01633  18898    1156969.3 0.0073
3  1  25.5 0.00730 0.00732 0.01633  18756    1148275.8 0.0073
3  1  25.5 0.00750 0.00752 0.01633  18292    1119868.9 0.0074
3  1  25.5 0.00770 0.00771 0.01633  17862    1093543.6 0.0075
3  1  25.5 0.00790 0.00791 0.01633  17616    1078483.0 0.0075
3  1  25.5 0.00810 0.00811 0.01633  16542    1012730.8 0.0078
3  1  25.5 0.00830 0.00830 0.01633  15290     936081.1 0.0081
3  1  25.5 0.00850 0.00850 0.01633  14180     868124.9 0.0084
3  1  25.5 0.00870 0.00869 0.01633  12434     761231.7 0.0090
3  1  25.5 0.00890 0.00889 0.01633  11010     674051.9 0.0095
3  1  25.5 0.00910 0.00908 0.01633   9458     579035.7 0.0103
3  1  25.5 0.00930 0.00928 0.01633   8046     492590.5 0.0111
3  1  25.5 0.00950 0.00947 0.01633   6734     412267.5 0.0122
3  1  25.5 0.00970 0.00967 0.01633   5814     355943.5 0.0131
3  1  25.5 0.00990 0.00986 0.01633   5034     308190.5 0.0141
3  1  25.5 0.01010 0.01006 0.01633   4402     269498.3 0.0151
3  1  25.5 0.01030 0.01025 0.01633   4032     246846.2 0.0157
3  1  25.5 0.01050 0.01055 0.01633   3756     229949.0 0.0163
3  1  25.5 0.01070 0.01074 0.01633   3478     212929.4 0.0170
3  1  25.5 0.01090 0.01094 0.01633   3536     216480.2 0.0168
3  1  25.5 0.01110 0.01113 0.01633   3266     199950.4 0.0175
3  1  25.5 0.01130 0.01133 0.01633   3164     193705.7 0.0178
3  1  25.5 0.01150 0.01152 0.01633   3252     199093.3 0.0175
3  1  25.5 0.01170 0.01172 0.01633   3200     195909.7 0.0177
3  1  25.5 0.01190 0.01191 0.01633   3062     187461.1 0.0181
3  1  25.5 0.01210 0.01211 0.01633   3132     191746.6 0.0179
3  1  25.5 0.01230 0.01230 0.01633   2976     182196.0 0.0183
3  1  25.5 0.01250 0.01250 0.01633   3004     183910.2 0.0182
3  1  25.5 0.01270 0.01270 0.01633   2906     177910.5 0.0186
3  1  25.5 0.01290 0.01289 0.01633   2956     180971.6 0.0184
3  1  25.5 0.01310 0.01309 0.01633   2836     173625.0 0.0188
3  1  25.5 0.01330 0.01328 0.01633   2856     174849.4 0.0187
3  1  25.5 0.01350 0.01348 0.01633   2792     170931.2 0.0189
3  1  25.5 0.01370 0.01367 0.01633   2744     167992.6 0.0191
3  1  25.4 0.01390 0.01387 0.01633   2690     164686.6 0.0193
3  1  25.4 0.01410 0.01406 0.01633   2564     156972.7 0.0197
3  1  25.4 0.01430 0.01426 0.01633   2472     151340.3 0.0201
3  1  25.4 0.01450 0.01445 0.01633   2492     152564.7 0.0200
3  1  25.4 0.01470 0.01475 0.01633   2264     138606.1 0.0210
3  1  25.4 0.01490 0.01494 0.01700   2256     132700.1 0.0211
3  1  25.4 0.01510 0.01514 0.01700   2230     131170.8 0.0212
3  1  25.4 0.01530 0.01533 0.01964   2268     115454.6 0.0210
3  1  25.4 0.01550 0.01553 0.02136   2242     104947.5 0.0211
3  1  25.4 0.01570 0.01572 0.02421   2284      94329.3 0.0209
3  1  25.4 0.01590 0.01592 0.02717   2282      83999.2 0.0209
3  1  25.4 0.01610 0.01611 0.02977   2276      76463.7 0.0210
3  1  25.4 0.01630 0.01631 0.03399   2238      65847.9 0.0211
3  1  25.4 0.01650 0.01650 0.03881   2330      60039.5 0.0207
3  1  25.4 0.01670 0.01670 0.04139   2256      54502.7 0.0211
3  1  25.4 0.01690 0.01689 0.04491   2222      49481.4 0.0212
3  1  25.4 0.01710 0.01709 0.04974   2276      45756.9 0.0210
3  1  25.4 0.01730 0.01729 0.05277   2304      43658.4 0.0208
3  1  25.4 0.01750 0.01748 0.05519   2226      40333.4 0.0212
3  1  25.4 0.01770 0.01768 0.05718   2308      40367.0 0.0208
3  1  25.4 0.01790 0.01787 0.05935   2256      38009.0 0.0211
3  1  25.4 0.01810 0.01807 0.05935   2246      37840.5 0.0211
3  1  25.4 0.01830 0.01826 0.06256   2230      35643.4 0.0212
3  1  25.4 0.01850 0.01846 0.06256   2336      37337.6 0.0207
3  1  25.4 0.01870 0.01865 0.06256   2236      35739.3 0.0211
3  1  25.4 0.01890 0.01895 0.06772   2300      33962.0 0.0209
3  1  25.4 0.01910 0.01914 0.06772   2394      35350.0 0.0204
3  1  25.4 0.01930 0.01934 0.07045   2328      33045.0 0.0207
3  1  25.4 0.01950 0.01953 0.07045   2272      32250.1 0.0210
3  1  25.4 0.01970 0.01973 0.07045   2264      32136.5 0.0210
3  1  25.4 0.01990 0.01992 0.07045   2264      32136.5 0.0210
3  1  25.4 0.02010 0.02012 0.07266   2264      31157.4 0.0210
3  1  25.4 0.02030 0.02031 0.07266   2286      31460.2 0.0209
3  1  25.4 0.02050 0.02051 0.07604   2304      30299.4 0.0208
3  1  25.4 0.02070 0.02070 0.07604   2258      29694.5 0.0210
3  1  25.4 0.02090 0.02090 0.07645   2224      29089.4 0.0212
3  1  25.4 0.02110 0.02109 0.08038   2262      28139.8 0.0210
3  1  25.4 0.02130 0.02129 0.08038   2222      27642.1 0.0212
3  1  25.4 0.02150 0.02148 0.08602   2274      26436.2 0.0210
3  1  25.4 0.02170 0.02168 0.08602   2252      26180.4 0.0211
3  1  25.4 0.02190 0.02188 0.09305   2330      25039.2 0.0207
3  1  25.4 0.02210 0.02207 0.09528   2292      24054.4 0.0209
3  1  25.4 0.02230 0.02227 0.10101   2232      22096.4 0.0212
3  1  25.4 0.02250 0.02246 0.10716   2238      20884.8 0.0211
3  1  25.4 0.02270 0.02266 0.11953   2378      19894.2 0.0205
3  1  25.4 0.02290 0.02285 0.12998   2282      17556.6 0.0209
3  1  25.4 0.02310 0.02314 0.14602   2326      15929.2 0.0207
3  1  25.4 0.02330 0.02334 0.16031   2316      14447.4 0.0208
3  1  25.4 0.02350 0.02354 0.16930   2240      13231.2 0.0211
3  1  25.4 0.02370 0.02373 0.18085   2224      12297.2 0.0212
3  1  25.4 0.02390 0.02393 0.19796   2340      11820.6 0.0207
3  1  25.4 0.02410 0.02412 0.22176   2414      10885.4 0.0204
3  1  25.4 0.02430 0.02432 0.23618   2378      10068.5 0.0205
3  1  25.4 0.02450 0.02451 0.23618   2246       9509.6 0.0211
3  1  25.4 0.02470 0.02471 0.25556   2284       8937.3 0.0209
3  1  25.4 0.02490 0.02490 0.25556   2270       8882.6 0.0210
3  1  25.4 0.02510 0.02510 0.26836   2270       8458.8 0.0210
3  1  25.4 0.02530 0.02529 0.27678   2234       8071.4 0.0212
3  1  25.4 0.02550 0.02549 0.28597   2222       7770.0 0.0212
3  1  25.4 0.02570 0.02568 0.28597   2222       7770.0 0.0212
3  1  25.4 0.02590 0.02588 0.29495   2278       7723.4 0.0210
3  1  25.4 0.02610 0.02607 0.29844   2228       7465.5 0.0212
3  1  25.4 0.02630 0.02627 0.29844   2242       7512.4 0.0211
3  1  25.4 0.02650 0.02646 0.30447   2264       7435.9 0.0210
3  1  25.4 0.02670 0.02666 0.30585   2266       7408.9 0.0210
3  1  25.3 0.02690 0.02686 0.31668   2238       7067.1 0.0211
3  1  25.3 0.02710 0.02715 0.32397   2372       7321.7 0.0205
3  1  25.3 0.02730 0.02734 0.32397   2226       6871.0 0.0212
3  1  25.3 0.02750 0.02754 0.32928   2286       6942.4 0.0209
3  1  25.3 0.02770 0.02773 0.34181   2266       6629.4 0.0210
3  1  25.3 0.02790 0.02793 0.35590   2380       6687.2 0.0205
3  1  25.3 0.02810 0.02813 0.36045   2300       6381.0 0.0209
3  1  25.3 0.02830 0.02832 0.36045   2314       6419.8 0.0208
3  1  25.3 0.02850 0.02852 0.38381   2324       6055.1 0.0207
3  1  25.3 0.02870 0.02871 0.38519   2278       5913.9 0.0210
3  1  25.3 0.02890 0.02891 0.40130   2318       5776.2 0.0208
3  1  25.3 0.02910 0.02910 0.42358   2312       5458.3 0.0208
3  1  25.3 0.02930 0.02930 0.43695   2270       5195.1 0.0210
3  1  25.3 0.02950 0.02949 0.45327   2222       4902.2 0.0212
3  1  25.3 0.02970 0.02969 0.47983   2266       4722.5 0.0210
3  1  25.3 0.02990 0.02988 0.53660   2366       4409.2 0.0206
3  1  25.3 0.03010 0.03008 0.54845   2254       4109.8 0.0211
3  1  25.3 0.03030 0.03027 0.61926   2412       3895.0 0.0204
3  1  25.3 0.03050 0.03047 0.64299   2230       3468.2 0.0212
3  1  25.3 0.03070 0.03066 0.67584   2268       3355.8 0.0210
3  1  25.3 0.03090 0.03086 0.75308   2244       2979.8 0.0211
3  1  25.3 0.03110 0.03105 0.79456   2322       2922.4 0.0208
3  1  25.3 0.03130 0.03135 0.88647   2380       2684.8 0.0205
3  1  25.3 0.03150 0.03154 0.93353   2290       2453.1 0.0209
3  1  25.3 0.03170 0.03174 0.93353   2282       2444.5 0.0209
3  1  25.3 0.03190 0.03193 0.96122   2242       2332.5 0.0211
3  1  25.3 0.03210 0.03213 1.03514   2324       2245.1 0.0207
3  1  25.3 0.03230 0.03232 1.09479   2392       2184.9 0.0204
3  1  25.3 0.03250 0.03252 1.09479   2344       2141.1 0.0207
3  1  25.3 0.03270 0.03271 1.09479   2268       2071.6 0.0210
3  1  25.3 0.03290 0.03291 1.10977   2236       2014.8 0.0211
3  1  25.3 0.03310 0.03311 1.12087   2288       2041.3 0.0209
3  1  25.3 0.03330 0.03330 1.12087   2246       2003.8 0.0211
3  1  25.3 0.03350 0.03350 1.18036   2360       1999.4 0.0206
3  1  25.3 0.03370 0.03369 1.18036   2282       1933.3 0.0209
3  1  25.3 0.03390 0.03389 1.21000   2152       1778.5 0.0216
3  1  25.3 0.03410 0.03408 1.21000   2152       1778.5 0.0216
3  1  25.3 0.03430 0.03428 1.21000   2082       1720.7 0.0219
3  1  25.3 0.03450 0.03447 1.21000   2062       1704.1 0.0220
3  1  25.3 0.03470 0.03467 1.21000   2044       1689.3 0.0221
3  1  25.3 0.03490 0.03486 1.21000   2006       1657.9 0.0223
3  1  25.3 0.03510 0.03506 1.21000   2022       1671.1 0.0222
3  1  25.3 0.03530 0.03525 1.21000   1922       1588.4 0.0228
3  1  25.3 0.03550 0.03555 1.21000   1860       1537.2 0.0232
3  1  25.2 0.03570 0.03574 1.21000   1832       1514.0 0.0234
3  1  25.2 0.03590 0.03594 1.21000   1780       1471.1 0.0237
3  1  25.2 0.03610 0.03613 1.21000   1706       1409.9 0.0242
3  1  25.2 0.03630 0.03633 1.21000   1612       1332.2 0.0249
3  1  25.2 0.03650 0.03652 1.21000   1588       1312.4 0.0251
3  1  25.2 0.03670 0.03672 1.21000   1440       1190.1 0.0264
3  1  25.2 0.03690 0.03691 1.21000   1386       1145.5 0.0269
3  1  25.2 0.03710 0.03711 1.21000   1306       1079.3 0.0277
3  1  25.2 0.03730 0.03730 1.21000   1244       1028.1 0.0284
3  1  25.2 0.03750 0.03750 1.21000   1190        983.5 0.0290
3  1  25.2 0.03770 0.03770 1.21000   1122        927.3 0.0299
3  1  25.2 0.03790 0.03789 1.21000   1078        890.9 0.0305
3  1  25.2 0.03810 0.03809 1.21000   1024        846.3 0.0312
3  1  25.2 0.03830 0.03828 1.21000    930        768.6 0.0328
3  1  25.2 0.03850 0.03848 1.21000    906        748.8 0.0332
3  1  25.2 0.03870 0.03867 1.21000    826        682.6 0.0348
3  1  25.2 0.03890 0.03887 1.21000    846        699.2 0.0344
3  1  25.2 0.03910 0.03906 1.21000    768        634.7 0.0361
3  1  25.2 0.03930 0.03926 1.21000    734        606.6 0.0369
3  1  25.2 0.03950 0.03945 1.21000    750        619.8 0.0365
3  1  25.2 0.03970 0.03975 1.21000    704        581.8 0.0377
3  1  25.2 0.03990 0.03994 1.21000    682        563.6 0.0383
3  2  25.2 0.00010 0.00010 0.01631  72632    4453178.4 0.0037
3  2  25.2 0.00030 0.00029 0.01631  72834    4465563.4 0.0037
3  2  25.2 0.00050 0.00049 0.01631  73504    4506642.1 0.0037
3  2  25.2 0.00070 0.00068 0.01631  73928    4532638.2 0.0037
3  2  25.2 0.00090 0.00088 0.01631  74224    4550786.4 0.0037
3  2  25.2 0.00110 0.00107 0.01631  74382    4560473.6 0.0037
3  2  25.2 0.00130 0.00127 0.01631  74432    4563539.2 0.0037
3  2  25.2 0.00150 0.00146 0.01631  74360    4559124.8 0.0037
3  2  25.2 0.00170 0.00166 0.01631  74174    4547720.8 0.0037
3  2  25.2 0.00190 0.00186 0.01631  73834    4526874.9 0.0037
3  2  25.2 0.00210 0.00215 0.01631  72932    4471571.9 0.0037
3  2  25.2 0.00230 0.00234 0.01631  71912    4409034.2 0.0037
3  2  25.2 0.00250 0.00254 0.01631  70376    4314859.7 0.0038
3  2  25.2 0.00270 0.00273 0.01631  67964    4166976.3 0.0038
3  2  25.2 0.00290 0.00293 0.01631  64492    3954102.7 0.0039
3  2  25.2 0.00310 0.00313 0.01631  58954    3614559.5 0.0041
3  2  25.2 0.00330 0.00332 0.01631  52148    3197273.2 0.0044
3  2  25.2 0.00350 0.00352 0.01631  44296    2715855.2 0.0048
3  2  25.2 0.00370 0.00371 0.01631  36450    2234805.0 0.0052
3  2  25.2 0.00390 0.00391 0.01631  30088    1844741.1 0.0058
3  2  25.2 0.00410 0.00410 0.01631  25788    1581101.5 0.0062
3  2  25.2 0.00430 0.00430 0.01631  23204    1422672.6 0.0066
3  2  25.2 0.00450 0.00449 0.01631  21734    1332544.6 0.0068
3  2  25.2 0.00470 0.00469 0.01631  20746    1271968.8 0.0069
3  2  25.2 0.00490 0.00488 0.01631  20298    1244501.3 0.0070
3  2  25.2 0.00510 0.00508 0.01631  20202    1238615.4 0.0070
3  2  25.2 0.00530 0.00527 0.01631  20068    1230399.6 0.0071
3  2  25.2 0.00550 0.00547 0.01631  20176    1237021.3 0.0070
3  2  25.2 0.00570 0.00566 0.01631  20032    1228192.4 0.0071
3  2  25.2 0.00590 0.00586 0.01631  20148    1235304.5 0.0070
3  2  25.2 0.00610 0.00605 0.01631  19934    1222183.9 0.0071
3  2  25.2 0.00630 0.00635 0.01631  20128    1234078.3 0.0070
3  2  25.2 0.00650 0.00654 0.01631  20200    1238492.7 0.0070
3  2  25.2 0.00670 0.00674 0.01631  19828    1215684.9 0.0071
3  2  25.2 0.00690 0.00693 0.01631  19838    1216298.0 0.0071
3  2  25.2 0.00710 0.00713 0.01631  19908    1220589.8 0.0071
3  2  25.2 0.00730 0.00732 0.01631  19910    1220712.4 0.0071
3  2  25.2 0.00750 0.00752 0.01631  20072    1230644.9 0.0071
3  2  25.2 0.00770 0.00771 0.01631  19834    1216052.7 0.0071
3  2  25.2 0.00790 0.00791 0.01631  19888    1219363.5 0.0071
3  2  25.2 0.00810 0.00811 0.01631  19552    1198762.9 0.0072
3  2  25.2 0.00830 0.00830 0.01631  19450    1192509.1 0.0072
3  2  25.2 0.00850 0.00850 0.01631  19538    1197904.5 0.0072
3  2  25.2 0.00870 0.00869 0.01631  18748    1149468.4 0.0073
3  2  25.2 0.00890 0.00889 0.01631  18178    1114520.8 0.0074
3  2  25.1 0.00910 0.00908 0.01631  16904    1036410.0 0.0077
3  2  25.1 0.00930 0.00928 0.01631  15824     970193.5 0.0079
3  2  25.1 0.00950 0.00947 0.01631  14186     869765.2 0.0084
3  2  25.1 0.00970 0.00967 0.01631  12902     791041.3 0.0088
3  2  25.1 0.00990 0.00986 0.01631  11016     675407.7 0.0095
3  2  25.1 0.01010 0.01006 0.01631   9466     580374.9 0.0103
3  2  25.1 0.01030 0.01025 0.01631   7976     489020.7 0.0112
3  2  25.1 0.01050 0.01055 0.01631   6128     375717.0 0.0128
3  2  25.1 0.01070 0.01074 0.01631   5068     310726.8 0.0140
3  2  25.1 0.01090 0.01094 0.01631   4320     264865.8 0.0152
3  2  25.1 0.01110 0.01113 0.01631   3810     233596.9 0.0162
3  2  25.1 0.01130 0.01133 0.01631   3424     209930.7 0.0171
3  2  25.1 0.01150 0.01152 0.01631   3100     190065.7 0.0180
3  2  25.1 0.01170 0.01172 0.01631   2924     179274.9 0.0185
3  2  25.1 0.01190 0.01191 0.01631   2880     176577.2 0.0186
3  2  25.1 0.01210 0.01211 0.01631   2700     165541.1 0.0192
3  2  25.1 0.01230 0.01230 0.01631   2690     164928.0 0.0193
3  2  25.1 0.01250 0.01250 0.01631   2550     156344.4 0.0198
3  2  25.1 0.01270 0.01270 0.01631   2576     157938.5 0.0197
3  2  25.1 0.01290 0.01289 0.01631   2424     148619.1 0.0203
3  2  25.1 0.01310 0.01309 0.01631   2334     143101.1 0.0207
3  2  25.1 0.01330 0.01328 0.01631   2404     147392.9 0.0204
3  2  25.1 0.01350 0.01348 0.01631   2332     142978.5 0.0207
3  2  25.1 0.01370 0.01367 0.01631   2230     136724.7 0.0212
3  2  25.1 0.01390 0.01387 0.01631   2230     136724.7 0.0212
3  2  25.1 0.01410 0.01406 0.01695   2290     135104.7 0.0209
3  2  25.1 0.01430 0.01426 0.01742   2262     129849.2 0.0210
3  2  25.1 0.01450 0.01445 0.01803   2308     127996.0 0.0208
3  2  25.1 0.01470 0.01475 0.01803   2264     125555.8 0.0210
3  2  25.1 0.01490 0.01494 0.01868   2310     123630.4 0.0208
3  2  25.1 0.01510 0.01514 0.01913   2256     117914.8 0.0211
3  2  25.1 0.01530 0.01533 0.02038   2314     113543.6 0.0208
3  2  25.1 0.01550 0.01553 0.02038   2240     109912.6 0.0211
3  2  25.1 0.01570 0.01572 0.02152   2300     106863.4 0.0209
3  2  25.1 0.01590 0.01592 0.02271   2320     102165.3 0.0208
3  2  25.1 0.01610 0.01611 0.02281   2304     101004.1 0.0208
3  2  25.1 0.01630 0.01631 0.02498   2384      95429.3 0.0205
3  2  25.1 0.01650 0.01650 0.02530   2290      90511.4 0.0209
3  2  25.1 0.01670 0.01670 0.02758   2294      83161.3 0.0209
3  2  25.1 0.01690 0.01689 0.02964   2292      77330.2 0.0209
3  2  25.1 0.01710 0.01709 0.03086   2234      72388.2 0.0212
3  2  25.1 0.01730 0.01729 0.03475   2224      64004.8 0.0212
3  2  25.1 0.01750 0.01748 0.03919   2356      60114.0 0.0206
3  2  25.1 0.01770 0.01768 0.04277   2308      53959.7 0.0208
3  2  25.1 0.01790 0.01787 0.04859   2230      45894.8 0.0212
3  2  25.1 0.01810 0.01807 0.05520   2272      41161.5 0.0210
3  2  25.1 0.01830 0.01826 0.06530   2310      35376.5 0.0208
3  2  25.1 0.01850 0.01846 0.07620   2346      30786.1 0.0206
3  2  25.1 0.01870 0.01865 0.08718   2240      25694.2 0.0211
3  2  25.1 0.01890 0.01895 0.10437   2276      21806.9 0.0210
3  2  25.1 0.01910 0.01914 0.11528   2230      19344.2 0.0212
3  2  25.1 0.01930 0.01934 0.12520   2304      18403.1 0.0208
3  2  25.1 0.01950 0.01953 0.14007   2256      16105.8 0.0211
3  2  25.1 0.01970 0.01973 0.14949   2294      15345.2 0.0209
3  2  25.1 0.01990 0.01992 0.16172   2296      14197.4 0.0209
3  2  25.1 0.02010 0.02012 0.16468   2330      14148.3 0.0207
3  2  25.1 0.02030 0.02031 0.16573   2236      13491.9 0.0211
3  2  25.1 0.02050 0.02051 0.17354   2264      13046.1 0.0210
3  2  25.1 0.02070 0.02070 0.18468   2288      12389.3 0.0209
3  2  25.1 0.02090 0.02090 0.19104   2288      11976.7 0.0209
3  2  25.1 0.02110 0.02109 0.19104   2236      11704.5 0.0211
3  2  25.1 0.02130 0.02129 0.19104   2238      11714.9 0.0211
3  2  25.1 0.02150 0.02148 0.20954   2240      10689.8 0.0211
3  2  25.1 0.02170 0.02168 0.21417   2316      10813.8 0.0208
3  2  25.1 0.02190 0.02188 0.22792   2300      10091.4 0.0209
3  2  25.1 0.02210 0.02207 0.22792   2244       9845.7 0.0211
3  2  25.1 0.02230 0.02227 0.24070   2300       9555.5 0.0209
3  2  25.1 0.02250 0.02246 0.24070   2224       9239.8 0.0212
3  2  25.1 0.02270 0.02266 0.25110   2296       9143.9 0.0209
3  2  25.1 0.02290 0.02285 0.27358   2424       8860.2 0.0203
3  2  25.1 0.02310 0.02314 0.27358   2276       8319.2 0.0210
3  2  25.1 0.02330 0.02334 0.27358   2242       8194.9 0.0211
3  2  25.1 0.02350 0.02354 0.30290   2338       7718.6 0.0207
3  2  25.1 0.02370 0.02373 0.31451   2274       7230.3 0.0210
3  2  25.1 0.02390 0.02393 0.33002   2320       7029.9 0.0208
3  2  25.1 0.02410 0.02412 0.34635   2224       6421.3 0.0212
3  2  25.1 0.02430 0.02432 0.36665   2348       6403.8 0.0206
3  2  25.1 0.02450 0.02451 0.39533   2254       5701.6 0.0211
3  2  25.1 0.02470 0.02471 0.39928   2276       5700.3 0.0210
3  2  25.1 0.02490 0.02490 0.44899   2300       5122.6 0.0209
3  2  25.1 0.02510 0.02510 0.47443   2240       4721.4 0.0211
3  2  25.1 0.02530 0.02529 0.49867   2322       4656.4 0.0208
3  2  25.1 0.02550 0.02549 0.55681   2222       3990.6 0.0212
3  2  25.1 0.02570 0.02568 0.62676   2364       3771.8 0.0206
3  2  25.1 0.02590 0.02588 0.69121   2352       3402.7 0.0206
3  2  25.1 0.02610 0.02607 0.75362   2284       3030.7 0.0209
3  2  25.1 0.02630 0.02627 0.82788   2282       2756.4 0.0209
3  2  25.1 0.02650 0.02646 0.93731   2352       2509.3 0.0206
3  2  25.1 0.02670 0.02666 1.02293   2272       2221.1 0.0210
3  2  25.1 0.02690 0.02686 1.16921   2280       1950.0 0.0209
3  2  25.1 0.02710 0.02715 1.21000   2070       1710.7 0.0220
3  2  25.1 0.02730 0.02734 1.21000   1888       1560.3 0.0230
3  2  25.1 0.02750 0.02754 1.21000   1748       1444.6 0.0239
3  2  25.1 0.02770 0.02773 1.21000   1682       1390.1 0.0244
3  2  25.1 0.02790 0.02793 1.21000   1532       1266.1 0.0255
3  2  25.1 0.02810 0.02813 1.21000   1416       1170.2 0.0266
3  2  25.1 0.02830 0.02832 1.21000   1340       1107.4 0.0273
3  2  25.1 0.02850 0.02852 1.21000   1290       1066.1 0.0278
3  2  25.1 0.02870 0.02871 1.21000   1310       1082.6 0.0276
3  2  25.1 0.02890 0.02891 1.21000   1190        983.5 0.0290
3  2  25.1 0.02910 0.02910 1.21000   1180        975.2 0.0291
3  2  25.1 0.02930 0.02930 1.21000   1176        971.9 0.0292
3  2  25.1 0.02950 0.02949 1.21000   1150        950.4 0.0295
3  2  25.1 0.02970 0.02969 1.21000   1144        945.5 0.0296
3  2  25.1 0.02990 0.02988 1.21000   1082        894.2 0.0304
3  2  25.1 0.03010 0.03008 1.21000   1002        828.1 0.0316
3  2  25.1 0.03030 0.03027 1.21000    980        809.9 0.0319
3  2  25.1 0.03050 0.03047 1.21000    988        816.5 0.0318
3  2  25.1 0.03070 0.03066 1.21000    912        753.7 0.0331
3  2  25.1 0.03090 0.03086 1.21000    884        730.6 0.0336
3  2  25.1 0.03110 0.03105 1.21000    868        717.4 0.0339
3  2  25.1 0.03130 0.03135 1.21000    870        719.0 0.0339
3  2  25.1 0.03150 0.03154 1.21000    748        618.2 0.0366
3  2  25.1 0.03170 0.03174 1.21000    724        598.3 0.0372
3  2  25.1 0.03190 0.03193 1.21000    744        614.9 0.0367
3  2  25.1 0.03210 0.03213 1.21000    726        600.0 0.0371
3  2  25.1 0.03230 0.03232 1.21000    662        547.1 0.0389
3  2  25.1 0.03250 0.03252 1.21000    684        565.3 0.0382
3  2  25.1 0.03270 0.03271 1.21000    560        462.8 0.0423
3  2  25.1 0.03290 0.03291 1.21000    638        527.3 0.0396
3  2  25.2 0.03310 0.03311 1.21000    576        476.0 0.0417
3  2  25.2 0.03330 0.03330 1.21000    576        476.0 0.0417
3  2  25.2 0.03350 0.03350 1.21000    550        454.5 0.0426
3  2  25.2 0.03370 0.03369 1.21000    496        409.9 0.0449
3  2  25.2 0.03390 0.03389 1.21000    448        370.2 0.0472
3  2  25.2 0.03410 0.03408 1.21000    448        370.2 0.0472
3  2  25.2 0.03430 0.03428 1.21000    416        343.8 0.0490
3  2  25.2 0.03450 0.03447 1.21000    400        330.6 0.0500
3  2  25.2 0.03470 0.03467 1.21000    356        294.2 0.0530
3  2  25.2 0.03490 0.03486 1.21000    326        269.4 0.0554
3  2  25.2 0.03510 0.03506 1.21000    332        274.4 0.0549
3  2  25.2 0.03530 0.03525 1.21000    300        247.9 0.0577
3  2  25.2 0.03550 0.03555 1.21000    288        238.0 0.0589
3  2  25.2 0.03570 0.03574 1.21000    292        241.3 0.0585
3  2  25.2 0.03590 0.03594 1.21000    272        224.8 0.0606
3  2  25.2 0.03610 0.03613 1.21000    290        239.7 0.0587
3  2  25.2 0.03630 0.03633 1.21000    296        244.6 0.0581
3  2  25.2 0.03650 0.03652 1.21000    246        203.3 0.0638
3  2  25.2 0.03670 0.03672 1.21000    244        201.7 0.0640
3  2  25.2 0.03690 0.03691 1.21000    238        196.7 0.0648
3  2  25.2 0.03710 0.03711 1.21000    218        180.2 0.0677
3  2  25.2 0.03730 0.03730 1.21000    254        209.9 0.0627
3  2  25.2 0.03750 0.03750 1.21000    258        213.2 0.0623
3  2  25.2 0.03770 0.03770 1.21000    244        201.7 0.0640
3  2  25.2 0.03790 0.03789 1.21000    256        211.6 0.0625
3  2  25.2 0.03810 0.03809 1.21000    244        201.7 0.0640
3  2  25.2 0.03830 0.03828 1.21000    226        186.8 0.0665
3  2  25.2 0.03850 0.03848 1.21000    242        200.0 0.0643
3  2  25.2 0.03870 0.03867 1.21000    228        188.4 0.0662
3  2  25.2 0.03890 0.03887 1.21000    216        178.5 0.0680
3  2  25.2 0.03910 0.03906 1.21000    222        183.5 0.0671
3  2  25.2 0.03930 0.03926 1.21000    224        185.1 0.0668
3  2  25.2 0.03950 0.03945 1.21000    226        186.8 0.0665
3  2  25.2 0.03970 0.03975 1.21000    208        171.9 0.0693
3  2  25.2 0.03990 0.03994 1.21000    212        175.2 0.0687
3  3  25.2 0.00010 0.00010 0.01630  72674    4457632.6 0.0037
3  3  25.2 0.00030 0.00029 0.01630  72848    4468305.3 0.0037
3  3  25.2 0.00050 0.00049 0.01630  73536    4510505.4 0.0037
3  3  25.2 0.00070 0.00068 0.01630  73966    4536880.5 0.0037
3  3  25.2 0.00090 0.00088 0.01630  74264    4555159.0 0.0037
3  3  25.2 0.00110 0.00107 0.01630  74426    4565095.7 0.0037
3  3  25.2 0.00130 0.00127 0.01630  74462    4567303.8 0.0037
3  3  25.2 0.00150 0.00146 0.01630  74378    4562151.5 0.0037
3  3  25.2 0.00170 0.00166 0.01630  74218    4552337.5 0.0037
3  3  25.2 0.00190 0.00186 0.01630  73866    4530746.7 0.0037
3  3  25.2 0.00210 0.00215 0.01630  72978    4476279.1 0.0037
3  3  25.2 0.00230 0.00234 0.01630  71950    4413224.3 0.0037
3  3  25.2 0.00250 0.00254 0.01630  70408    4318642.1 0.0038
3  3  25.2 0.00270 0.00273 0.01630  67990    4170328.3 0.0038
3  3  25.2 0.00290 0.00293 0.01630  64544    3958959.7 0.0039
3  3  25.2 0.00310 0.00313 0.01630  58906    3613139.6 0.0041
3  3  25.2 0.00330 0.00332 0.01630  52104    3195922.7 0.0044
3  3  25.2 0.00350 0.00352 0.01630  44030    2700684.7 0.0048
3  3  25.2 0.00370 0.00371 0.01630  35580    2182383.9 0.0053
3  3  25.2 0.00390 0.00391 0.01630  28886    1771791.5 0.0059
3  3  25.2 0.00410 0.00410 0.01630  24034    1474182.5 0.0065
3  3  25.2 0.00430 0.00430 0.01630  20884    1280969.8 0.0069
3  3  25.2 0.00450 0.00449 0.01630  19422    1191294.5 0.0072
3  3  25.2 0.00470 0.00469 0.01630  18636    1143083.4 0.0073
3  3  25.2 0.00490 0.00488 0.01630  18200    1116340.3 0.0074
3  3  25.2 0.00510 0.00508 0.01630  17806    1092173.3 0.0075
3  3  25.2 0.00530 0.00527 0.01630  17554    1076716.3 0.0075
3  3  25.2 0.00550 0.00547 0.01630  17792    1091314.6 0.0075
3  3  25.2 0.00570 0.00566 0.01630  17874    1096344.3 0.0075
3  3  25.2 0.00590 0.00586 0.01630  17584    1078556.4 0.0075
3  3  25.2 0.00610 0.00605 0.01630  17598    1079415.2 0.0075
3  3  25.2 0.00630 0.00635 0.01630  17634    1081623.3 0.0075
3  3  25.2 0.00650 0.00654 0.01630  17748    1088615.8 0.0075
3  3  25.2 0.00670 0.00674 0.01630  17762    1089474.5 0.0075
3  3  25.2 0.00690 0.00693 0.01630  17580    1078311.1 0.0075
3  3  25.2 0.00710 0.00713 0.01630  17480    1072177.4 0.0076
3  3  25.2 0.00730 0.00732 0.01630  17516    1074385.5 0.0076
3  3  25.2 0.00750 0.00752 0.01630  17636    1081746.0 0.0075
3  3  25.2 0.00770 0.00771 0.01630  17480    1072177.4 0.0076
3  3  25.2 0.00790 0.00791 0.01630  17540    1075857.6 0.0076
3  3  25.2 0.00810 0.00811 0.01630  17294    1060768.6 0.0076
3  3  25.2 0.00830 0.00830 0.01630  17402    1067393.0 0.0076
3  3  25.2 0.00850 0.00850 0.01630  17382    1066166.3 0.0076
3  3  25.2 0.00870 0.00869 0.01630  16864    1034393.5 0.0077
3  3  25.2 0.00890 0.00889 0.01630  16110     988145.2 0.0079
3  3  25.2 0.00910 0.00908 0.01630  15422     945945.0 0.0081
3  3  25.2 0.00930 0.00928 0.01630  14556     892826.9 0.0083
3  3  25.2 0.00950 0.00947 0.01630  13012     798122.0 0.0088
3  3  25.2 0.00970 0.00967 0.01630  11588     710777.5 0.0093
3  3  25.3 0.00990 0.00986 0.01630  10182     624537.2 0.0099
3  3  25.3 0.01010 0.01006 0.01630   8746     536456.7 0.0107
3  3  25.3 0.01030 0.01025 0.01630   7250     444696.0 0.0117
3  3  25.3 0.01050 0.01055 0.01630   5366     329136.4 0.0137
3  3  25.3 0.01070 0.01074 0.01630   4426     271479.2 0.0150
3  3  25.3 0.01090 0.01094 0.01630   3906     239583.8 0.0160
3  3  25.3 0.01110 0.01113 0.01630   3304     202658.7 0.0174
3  3  25.3 0.01130 0.01133 0.01630   2880     176651.6 0.0186
3  3  25.3 0.01150 0.01152 0.01630   2654     162789.4 0.0194
3  3  25.3 0.01170 0.01172 0.01630   2406     147577.7 0.0204
3  3  25.3 0.01190 0.01191 0.01630   2264     138867.8 0.0210
3  3  25.3 0.01210 0.01211 0.01630   2246     137763.7 0.0211
3  3  25.3 0.01230 0.01230 0.01742   2248     129074.6 0.0211
3  3  25.3 0.01250 0.01250 0.01785   2244     125729.3 0.0211
3  3  25.3 0.01270 0.01270 0.01785   2286     128082.5 0.0209
3  3  25.3 0.01290 0.01289 0.01869   2248     120285.0 0.0211
3  3  25.3 0.01310 0.01309 0.01869   2274     121676.2 0.0210
3  3  25.3 0.01330 0.01328 0.01869   2312     123709.5 0.0208
3  3  25.3 0.01350 0.01348 0.01997   2300     115163.6 0.0209
3  3  25.3 0.01370 0.01367 0.02085   2336     112018.0 0.0207
3  3  25.3 0.01390 0.01387 0.02085   2288     109716.2 0.0209
3  3  25.3 0.01410 0.01406 0.02085   2352     112785.2 0.0206
3  3  25.3 0.01430 0.01426 0.02155   2354     109237.6 0.0206
3  3  25.3 0.01450 0.01445 0.02167   2232     103016.8 0.0212
3  3  25.3 0.01470 0.01475 0.02272   2338     102889.3 0.0207
3  3  25.3 0.01490 0.01494 0.02335   2244      96086.0 0.0211
3  3  25.3 0.01510 0.01514 0.02402   2224      92572.5 0.0212
3  3  25.3 0.01530 0.01533 0.02485   2264      91099.0 0.0210
3  3  25.3 0.01550 0.01553 0.02485   2246      90374.7 0.0211
3  3  25.3 0.01570 0.01572 0.02712   2284      84210.7 0.0209
3  3  25.3 0.01590 0.01592 0.02777   2280      82095.9 0.0209
3  3  25.3 0.01610 0.01611 0.02777   2254      81159.7 0.0211
3  3  25.3 0.01630 0.01631 0.03109   2230      71732.1 0.0212
3  3  25.3 0.01650 0.01650 0.03168   2250      71012.7 0.0211
3  3  25.3 0.01670 0.01670 0.03475   2306      66365.1 0.0208
3  3  25.3 0.01690 0.01689 0.03630   2244      61819.4 0.0211
3  3  25.3 0.01710 0.01709 0.03863   2240      57987.7 0.0211
3  3  25.3 0.01730 0.01729 0.04165   2286      54888.8 0.0209
3  3  25.3 0.01750 0.01748 0.04572   2228      48729.2 0.0212
3  3  25.3 0.01770 0.01768 0.05221   2234      42791.4 0.0212
3  3  25.3 0.01790 0.01787 0.06013   2264      37652.7 0.0210
3  3  25.3 0.01810 0.01807 0.06817   2296      33682.4 0.0209
3  3  25.3 0.01830 0.01826 0.07824   2288      29244.8 0.0209
3  3  25.3 0.01850 0.01846 0.09164   2414      26342.2 0.0204
3  3  25.3 0.01870 0.01865 0.10011   2334      23314.3 0.0207
3  3  25.3 0.01890 0.01895 0.12889   2246      17426.1 0.0211
3  3  25.3 0.01910 0.01914 0.14738   2314      15701.1 0.0208
3  3  25.3 0.01930 0.01934 0.16407   2296      13994.4 0.0209
3  3  25.3 0.01950 0.01953 0.17115   2294      13403.3 0.0209
3  3  25.3 0.01970 0.01973 0.19191   2258      11765.9 0.0210
3  3  25.3 0.01990 0.01992 0.20561   2316      11264.3 0.0208
3  3  25.3 0.02010 0.02012 0.21402   2310      10793.6 0.0208
3  3  25.3 0.02030 0.02031 0.22316   2266      10154.1 0.0210
3  3  25.3 0.02050 0.02051 0.22788   2264       9935.1 0.0210
3  3  25.3 0.02070 0.02070 0.23464   2280       9717.1 0.0209
3  3  25.3 0.02090 0.02090 0.24639   2260       9172.4 0.0210
3  3  25.3 0.02110 0.02109 0.25504   2286       8963.3 0.0209
3  3  25.3 0.02130 0.02129 0.27067   2334       8622.9 0.0207
3  3  25.3 0.02150 0.02148 0.27844   2368       8504.4 0.0205
3  3  25.3 0.02170 0.02168 0.27844   2304       8274.6 0.0208
3  3  25.3 0.02190 0.02188 0.29062   2370       8155.0 0.0205
3  3  25.3 0.02210 0.02207 0.30750   2302       7486.1 0.0208
3  3  25.3 0.02230 0.02227 0.30973   2226       7186.9 0.0212
3  3  25.3 0.02250 0.02246 0.31770   2292       7214.4 0.0209
3  3  25.3 0.02270 0.02266 0.33267   2330       7004.0 0.0207
3  3  25.3 0.02290 0.02285 0.34606   2234       6455.5 0.0212
3  3  25.3 0.02310 0.02314 0.36125   2254       6239.4 0.0211
3  3  25.3 0.02330 0.02334 0.38726   2248       5804.8 0.0211
3  3  25.3 0.02350 0.02354 0.39949   2240       5607.2 0.0211
3  3  25.3 0.02370 0.02373 0.41792   2370       5670.9 0.0205
3  3  25.3 0.02390 0.02393 0.44387   2376       5352.9 0.0205
3  3  25.3 0.02410 0.02412 0.44387   2242       5051.0 0.0211
3  3  25.3 0.02430 0.02432 0.48453   2348       4845.9 0.0206
3  3  25.3 0.02450 0.02451 0.50831   2272       4469.8 0.0210
3  3  25.3 0.02470 0.02471 0.54405   2300       4227.5 0.0209
3  3  25.3 0.02490 0.02490 0.58329   2352       4032.3 0.0206
3  3  25.3 0.02510 0.02510 0.60963   2236       3667.8 0.0211
3  3  25.3 0.02530 0.02529 0.64382   2256       3504.1 0.0211
3  3  25.3 0.02550 0.02549 0.68843   2280       3311.9 0.0209
3  3  25.3 0.02570 0.02568 0.76195   2260       2966.1 0.0210
3  3  25.3 0.02590 0.02588 0.85327   2256       2644.0 0.0211
3  3  25.3 0.02610 0.02607 0.96354   2308       2395.3 0.0208
3  3  25.3 0.02630 0.02627 1.03130   2242       2174.0 0.0211
3  3  25.4 0.02650 0.02646 1.20354   2292       1904.4 0.0209
3  3  25.4 0.02670 0.02666 1.21000   2126       1757.0 0.0217
3  3  25.4 0.02690 0.02686 1.21000   1898       1568.6 0.0230
3  3  25.4 0.02710 0.02715 1.21000   1608       1328.9 0.0249
3  3  25.4 0.02730 0.02734 1.21000   1498       1238.0 0.0258
3  3  25.4 0.02750 0.02754 1.21000   1362       1125.6 0.0271
3  3  25.4 0.02770 0.02773 1.21000   1294       1069.4 0.0278
3  3  25.4 0.02790 0.02793 1.21000   1240       1024.8 0.0284
3  3  25.4 0.02810 0.02813 1.21000   1122        927.3 0.0299
3  3  25.4 0.02830 0.02832 1.21000   1098        907.4 0.0302
3  3  25.4 0.02850 0.02852 1.21000   1062        877.7 0.0307
3  3  25.4 0.02870 0.02871 1.21000   1068        882.6 0.0306
3  3  25.4 0.02890 0.02891 1.21000    996        823.1 0.0317
3  3  25.4 0.02910 0.02910 1.21000    930        768.6 0.0328
3  3  25.4 0.02930 0.02930 1.21000    952        786.8 0.0324
3  3  25.4 0.02950 0.02949 1.21000    942        778.5 0.0326
3  3  25.4 0.02970 0.02969 1.21000    850        702.5 0.0343
3  3  25.4 0.02990 0.02988 1.21000    806        666.1 0.0352
3  3  25.4 0.03010 0.03008 1.21000    808        667.8 0.0352
3  3  25.4 0.03030 0.03027 1.21000    780        644.6 0.0358
3  3  25.4 0.03050 0.03047 1.21000    784        647.9 0.0357
3  3  25.4 0.03070 0.03066 1.21000    736        608.3 0.0369
3  3  25.4 0.03090 0.03086 1.21000    702        580.2 0.0377
3  3  25.4 0.03110 0.03105 1.21000    674        557.0 0.0385
3  3  25.4 0.03130 0.03135 1.21000    636        525.6 0.0397
3  3  25.4 0.03150 0.03154 1.21000    612        505.8 0.0404
3  3  25.4 0.03170 0.03174 1.21000    638        527.3 0.0396
3  3  25.4 0.03190 0.03193 1.21000    600        495.9 0.0408
3  3  25.4 0.03210 0.03213 1.21000    558        461.2 0.0423
3  3  25.4 0.03230 0.03232 1.21000    592        489.3 0.0411
3  3  25.4 0.03250 0.03252 1.21000    528        436.4 0.0435
3  3  25.4 0.03270 0.03271 1.21000    490        405.0 0.0452
3  3  25.4 0.03290 0.03291 1.21000    524        433.1 0.0437
3  3  25.4 0.03310 0.03311 1.21000    474        391.7 0.0459
3  3  25.4 0.03330 0.03330 1.21000    448        370.2 0.0472
3  3  25.4 0.03350 0.03350 1.21000    446        368.6 0.0474
3  3  25.4 0.03370 0.03369 1.21000    412        340.5 0.0493
3  3  25.4 0.03390 0.03389 1.21000    380        314.0 0.0513
3  3  25.4 0.03410 0.03408 1.21000    360        297.5 0.0527
3  3  25.4 0.03430 0.03428 1.21000    370        305.8 0.0520
3  3  25.4 0.03450 0.03447 1.21000    330        272.7 0.0550
3  3  25.4 0.03470 0.03467 1.21000    344        284.3 0.0539
3  3  25.4 0.03490 0.03486 1.21000    338        279.3 0.0544
3  3  25.4 0.03510 0.03506 1.21000    300        247.9 0.0577
3  3  25.4 0.03530 0.03525 1.21000    298        246.3 0.0579
3  3  25.4 0.03550 0.03555 1.21000    286        236.4 0.0591
3  3  25.4 0.03570 0.03574 1.21000    244        201.7 0.0640
3  3  25.4 0.03590 0.03594 1.21000    264        218.2 0.0615
3  3  25.4 0.03610 0.03613 1.21000    270        223.1 0.0609
3  3  25.4 0.03630 0.03633 1.21000    262        216.5 0.0618
3  3  25.4 0.03650 0.03652 1.21000    234        193.4 0.0654
3  3  25.4 0.03670 0.03672 1.21000    224        185.1 0.0668
3  3  25.4 0.03690 0.03691 1.21000    256        211.6 0.0625
3  3  25.5 0.03710 0.03711 1.21000    254        209.9 0.0627
3  3  25.5 0.03730 0.03730 1.21000    230        190.1 0.0659
3  3  25.5 0.03750 0.03750 1.21000    242        200.0 0.0643
3  3  25.5 0.03770 0.03770 1.21000    232        191.7 0.0657
3  3  25.5 0.03790 0.03789 1.21000    250        206.6 0.0632
3  3  25.5 0.03810 0.03809 1.21000    236        195.0 0.0651
3  3  25.5 0.03830 0.03828 1.21000    226        186.8 0.0665
3  3  25.5 0.03850 0.03848 1.21000    228        188.4 0.0662
3  3  25.5 0.03870 0.03867 1.21000    204        168.6 0.0700
3  3  25.5 0.03890 0.03887 1.21000    218        180.2 0.0677
3  3  25.5 0.03910 0.03906 1.21000    210        173.6 0.0690
3  3  25.5 0.03930 0.03926 1.21000    196        162.0 0.0714
3  3  25.5 0.03950 0.03945 1.21000    242        200.0 0.0643
3  3  25.5 0.03970 0.03975 1.21000    214        176.9 0.0684
3  3  25.5 0.03990 0.03994 1.21000    198        163.6 0.0711
