# Scan Time    : Fri, 18 Mar 2022 17:53:59 +0000 (GMT) +700787000 nsec
# Board Lane   : 8
# Board Loc    : BTOF - Northeast
# SiPM Biases  :  56.910  57.055  56.864  56.087
# SiPM Currents:   0.966   1.239   0.954   0.929
#
7 -1  25.6 0.00010 0.00010 1.21000     44         36.4 0.1508
7 -1  25.6 0.00030 0.00029 1.21000     34         28.1 0.1715
7 -1  25.6 0.00050 0.00049 1.21000     54         44.6 0.1361
7 -1  25.6 0.00070 0.00068 1.21000     68         56.2 0.1213
7 -1  25.6 0.00090 0.00088 1.21000     58         47.9 0.1313
7 -1  25.6 0.00110 0.00107 1.21000     54         44.6 0.1361
7 -1  25.6 0.00130 0.00127 1.21000     62         51.2 0.1270
7 -1  25.6 0.00150 0.00146 1.21000     74         61.2 0.1162
7 -1  25.6 0.00170 0.00166 1.21000    118         97.5 0.0921
7 -1  25.6 0.00190 0.00186 1.21000    194        160.3 0.0718
7 -1  25.6 0.00210 0.00215 1.21000    628        519.0 0.0399
7 -1  25.6 0.00230 0.00234 1.21000   1500       1239.7 0.0258
7 -1  25.6 0.00250 0.00254 1.21000   3548       2932.2 0.0168
7 -1  25.6 0.00270 0.00273 1.21000   8952       7398.3 0.0106
7 -1  25.6 0.00290 0.00293 1.21000  21106      17443.0 0.0069
7 -1  25.6 0.00310 0.00313 1.21000  49506      40914.0 0.0045
7 -1  25.6 0.00330 0.00332 0.79515  72004      90553.8 0.0037
7 -1  25.5 0.00350 0.00352 0.36978  71824     194232.6 0.0037
7 -1  25.5 0.00370 0.00371 0.20313  79490     391323.3 0.0035
7 -1  25.5 0.00390 0.00391 0.09679  71300     736648.9 0.0037
7 -1  25.5 0.00410 0.00410 0.05378  72734    1352490.1 0.0037
7 -1  25.5 0.00430 0.00430 0.03128  72726    2324674.7 0.0037
7 -1  25.5 0.00450 0.00449 0.02001  72722    3634429.0 0.0037
7 -1  25.5 0.00470 0.00469 0.01360  72060    5298277.5 0.0037
7 -1  25.5 0.00490 0.00488 0.01022  71238    6969090.6 0.0037
7 -1  25.5 0.00510 0.00508 0.00845  73282    8675349.0 0.0037
7 -1  25.5 0.00530 0.00527 0.00722  71336    9879448.4 0.0037
7 -1  25.5 0.00550 0.00547 0.00722  78456   10865509.8 0.0036
7 -1  25.5 0.00570 0.00566 0.00623  72364   11606935.5 0.0037
7 -1  25.5 0.00590 0.00586 0.00623  75986   12187891.8 0.0036
7 -1  25.5 0.00610 0.00605 0.00623  78640   12613584.2 0.0036
7 -1  25.5 0.00630 0.00635 0.00552  72786   13176433.4 0.0037
7 -1  25.5 0.00650 0.00654 0.00552  73856   13370135.2 0.0037
7 -1  25.5 0.00670 0.00674 0.00552  74554   13496494.0 0.0037
7 -1  25.5 0.00690 0.00693 0.00552  75020   13580853.9 0.0037
7 -1  25.5 0.00710 0.00713 0.00552  75166   13607284.2 0.0036
7 -1  25.5 0.00730 0.00732 0.00552  75044   13585198.6 0.0037
7 -1  25.5 0.00750 0.00752 0.00552  74512   13488890.8 0.0037
7 -1  25.5 0.00770 0.00771 0.00552  73528   13310757.5 0.0037
7 -1  25.5 0.00790 0.00791 0.00552  71994   13033057.8 0.0037
7 -1  25.5 0.00810 0.00811 0.00552  69660   12610534.3 0.0038
7 -1  25.5 0.00830 0.00830 0.00552  66416   12023273.7 0.0039
7 -1  25.5 0.00850 0.00850 0.00552  61818   11190898.8 0.0040
7 -1  25.5 0.00870 0.00869 0.00552  56248   10182562.9 0.0042
7 -1  25.5 0.00890 0.00889 0.00552  49348    8933457.4 0.0045
7 -1  25.5 0.00910 0.00908 0.00552  42286    7655025.2 0.0049
7 -1  25.5 0.00930 0.00928 0.00552  35394    6407367.9 0.0053
7 -1  25.5 0.00950 0.00947 0.00552  30540    5528649.4 0.0057
7 -1  25.5 0.00970 0.00967 0.00552  26846    4859925.4 0.0061
7 -1  25.5 0.00990 0.00986 0.00552  24910    4509451.7 0.0063
7 -1  25.5 0.01010 0.01006 0.00552  23314    4220528.2 0.0065
7 -1  25.5 0.01030 0.01025 0.00552  22622    4095255.6 0.0066
7 -1  25.5 0.01050 0.01055 0.00552  22122    4004740.7 0.0067
7 -1  25.5 0.01070 0.01074 0.00552  21806    3947535.3 0.0068
7 -1  25.5 0.01090 0.01094 0.00552  21730    3933777.1 0.0068
7 -1  25.5 0.01110 0.01113 0.00552  21566    3904088.2 0.0068
7 -1  25.5 0.01130 0.01133 0.00552  21544    3900105.5 0.0068
7 -1  25.5 0.01150 0.01152 0.00552  21750    3937397.7 0.0068
7 -1  25.5 0.01170 0.01172 0.00552  21510    3893950.5 0.0068
7 -1  25.5 0.01190 0.01191 0.00552  21400    3874037.2 0.0068
7 -1  25.5 0.01210 0.01211 0.00552  21462    3885261.1 0.0068
7 -1  25.5 0.01230 0.01230 0.00552  21314    3858468.7 0.0068
7 -1  25.5 0.01250 0.01250 0.00552  21390    3872226.9 0.0068
7 -1  25.5 0.01270 0.01270 0.00552  21642    3917846.4 0.0068
7 -1  25.5 0.01290 0.01289 0.00552  21492    3890692.0 0.0068
7 -1  25.5 0.01310 0.01309 0.00552  21348    3864623.7 0.0068
7 -1  25.5 0.01330 0.01328 0.00552  21126    3824435.1 0.0069
7 -1  25.5 0.01350 0.01348 0.00552  21010    3803435.6 0.0069
7 -1  25.5 0.01370 0.01367 0.00552  20578    3725230.8 0.0070
7 -1  25.5 0.01390 0.01387 0.00552  20108    3640146.8 0.0071
7 -1  25.5 0.01410 0.01406 0.00552  19474    3525373.9 0.0072
7 -1  25.5 0.01430 0.01426 0.00552  19022    3443548.4 0.0073
7 -1  25.5 0.01450 0.01445 0.00552  18054    3268311.6 0.0074
7 -1  25.5 0.01470 0.01475 0.00552  16008    2897924.7 0.0079
7 -1  25.5 0.01490 0.01494 0.00552  14854    2689016.3 0.0082
7 -1  25.5 0.01510 0.01514 0.00552  13446    2434126.4 0.0086
7 -1  25.5 0.01530 0.01533 0.00552  11866    2148099.3 0.0092
7 -1  25.5 0.01550 0.01553 0.00552  10614    1921450.1 0.0097
7 -1  25.5 0.01570 0.01572 0.00552   9234    1671629.0 0.0104
7 -1  25.5 0.01590 0.01592 0.00552   8038    1455117.3 0.0112
7 -1  25.5 0.01610 0.01611 0.00552   7182    1300155.9 0.0118
7 -1  25.5 0.01630 0.01631 0.00552   6408    1160038.8 0.0125
7 -1  25.5 0.01650 0.01650 0.00552   5778    1045990.1 0.0132
7 -1  25.5 0.01670 0.01670 0.00552   5260     952216.6 0.0138
7 -1  25.5 0.01690 0.01689 0.00552   4904     887770.0 0.0143
7 -1  25.5 0.01710 0.01709 0.00552   4676     846495.2 0.0146
7 -1  25.5 0.01730 0.01729 0.00552   4280     774807.4 0.0153
7 -1  25.5 0.01750 0.01748 0.00552   4196     759600.9 0.0154
7 -1  25.5 0.01770 0.01768 0.00552   4064     735705.0 0.0157
7 -1  25.5 0.01790 0.01787 0.00552   3852     697326.7 0.0161
7 -1  25.5 0.01810 0.01807 0.00552   3854     697688.8 0.0161
7 -1  25.5 0.01830 0.01826 0.00552   3714     672344.6 0.0164
7 -1  25.5 0.01850 0.01846 0.00552   3680     666189.6 0.0165
7 -1  25.5 0.01870 0.01865 0.00552   3534     639759.2 0.0168
7 -1  25.5 0.01890 0.01895 0.00552   3456     625638.9 0.0170
7 -1  25.5 0.01910 0.01914 0.00552   3502     633966.3 0.0169
7 -1  25.5 0.01930 0.01934 0.00552   3202     579657.3 0.0177
7 -1  25.5 0.01950 0.01953 0.00552   3228     584364.1 0.0176
7 -1  25.5 0.01970 0.01973 0.00552   3134     567347.3 0.0179
7 -1  25.5 0.01990 0.01992 0.00552   3014     545623.7 0.0182
7 -1  25.5 0.02010 0.02012 0.00552   2872     519917.5 0.0187
7 -1  25.5 0.02030 0.02031 0.00552   2880     521365.8 0.0186
7 -1  25.5 0.02050 0.02051 0.00552   2698     488418.3 0.0193
7 -1  25.5 0.02070 0.02070 0.00552   2574     465970.6 0.0197
7 -1  25.5 0.02090 0.02090 0.00552   2506     453660.6 0.0200
7 -1  25.5 0.02110 0.02109 0.00552   2358     426868.2 0.0206
7 -1  25.5 0.02130 0.02129 0.00552   2250     407317.0 0.0211
7 -1  25.5 0.02150 0.02148 0.00587   2262     385163.3 0.0210
7 -1  25.5 0.02170 0.02168 0.00646   2282     353322.4 0.0209
7 -1  25.5 0.02190 0.02188 0.00701   2406     342996.3 0.0204
7 -1  25.5 0.02210 0.02207 0.00743   2254     303353.6 0.0211
7 -1  25.5 0.02230 0.02227 0.00804   2286     284233.0 0.0209
7 -1  25.5 0.02250 0.02246 0.00850   2256     265354.3 0.0211
7 -1  25.5 0.02270 0.02266 0.00915   2224     243037.8 0.0212
7 -1  25.5 0.02290 0.02285 0.01047   2422     231336.4 0.0203
7 -1  25.5 0.02310 0.02314 0.01142   2304     201731.7 0.0208
7 -1  25.5 0.02330 0.02334 0.01213   2234     184103.9 0.0212
7 -1  25.5 0.02350 0.02354 0.01365   2272     166506.5 0.0210
7 -1  25.5 0.02370 0.02373 0.01498   2268     151402.2 0.0210
7 -1  25.5 0.02390 0.02393 0.01591   2262     142167.2 0.0210
7 -1  25.5 0.02410 0.02412 0.01675   2242     133836.7 0.0211
7 -1  25.5 0.02430 0.02432 0.01825   2274     124628.2 0.0210
7 -1  25.5 0.02450 0.02451 0.01927   2234     115934.0 0.0212
7 -1  25.5 0.02470 0.02471 0.02043   2314     113276.0 0.0208
7 -1  25.5 0.02490 0.02490 0.02136   2242     104950.4 0.0211
7 -1  25.5 0.02510 0.02510 0.02268   2290     100973.4 0.0209
7 -1  25.5 0.02530 0.02529 0.02377   2352      98946.6 0.0206
7 -1  25.5 0.02550 0.02549 0.02392   2256      94310.0 0.0211
7 -1  25.5 0.02570 0.02568 0.02533   2266      89453.6 0.0210
7 -1  25.5 0.02590 0.02588 0.02601   2240      86119.0 0.0211
7 -1  25.5 0.02610 0.02607 0.02673   2260      84557.5 0.0210
7 -1  25.5 0.02630 0.02627 0.02692   2266      84171.5 0.0210
7 -1  25.5 0.02650 0.02646 0.02913   2282      78337.5 0.0209
7 -1  25.5 0.02670 0.02666 0.02939   2300      78244.7 0.0209
7 -1  25.5 0.02690 0.02686 0.03072   2318      75450.1 0.0208
7 -1  25.5 0.02710 0.02715 0.03318   2310      69622.4 0.0208
7 -1  25.5 0.02730 0.02734 0.03391   2258      66592.7 0.0210
7 -1  25.5 0.02750 0.02754 0.03514   2238      63685.9 0.0211
7 -1  25.5 0.02770 0.02773 0.03790   2296      60572.9 0.0209
7 -1  25.5 0.02790 0.02793 0.04037   2262      56034.2 0.0210
7 -1  25.5 0.02810 0.02813 0.04444   2380      53553.7 0.0205
7 -1  25.5 0.02830 0.02832 0.04534   2304      50816.9 0.0208
7 -1  25.5 0.02850 0.02852 0.04886   2338      47853.7 0.0207
7 -1  25.5 0.02870 0.02871 0.05272   2290      43434.5 0.0209
7 -1  25.5 0.02890 0.02891 0.05483   2354      42934.4 0.0206
7 -1  25.5 0.02910 0.02910 0.05670   2246      39611.7 0.0211
7 -1  25.5 0.02930 0.02930 0.06262   2236      35708.4 0.0211
7 -1  25.5 0.02950 0.02949 0.06538   2264      34626.0 0.0210
7 -1  25.5 0.02970 0.02969 0.06946   2324      33460.3 0.0207
7 -1  25.5 0.02990 0.02988 0.07218   2228      30865.5 0.0212
7 -1  25.5 0.03010 0.03008 0.07768   2268      29197.6 0.0210
7 -1  25.5 0.03030 0.03027 0.08081   2282      28240.8 0.0209
7 -1  25.5 0.03050 0.03047 0.08704   2270      26081.2 0.0210
7 -1  25.5 0.03070 0.03066 0.09236   2254      24405.6 0.0211
7 -1  25.5 0.03090 0.03086 0.09658   2276      23567.0 0.0210
7 -1  25.5 0.03110 0.03105 0.10263   2282      22235.3 0.0209
7 -1  25.5 0.03130 0.03135 0.10985   2268      20646.8 0.0210
7 -1  25.5 0.03150 0.03154 0.12049   2364      19619.2 0.0206
7 -1  25.5 0.03170 0.03174 0.12049   2224      18457.3 0.0212
7 -1  25.5 0.03190 0.03193 0.12987   2314      17818.5 0.0208
7 -1  25.5 0.03210 0.03213 0.13384   2248      16796.1 0.0211
7 -1  25.5 0.03230 0.03232 0.14463   2342      16193.5 0.0207
7 -1  25.5 0.03250 0.03252 0.14755   2252      15262.8 0.0211
7 -1  25.5 0.03270 0.03271 0.15094   2306      15277.1 0.0208
7 -1  25.5 0.03290 0.03291 0.16002   2396      14973.3 0.0204
7 -1  25.5 0.03310 0.03311 0.16002   2228      13923.4 0.0212
7 -1  25.5 0.03330 0.03330 0.16693   2278      13646.4 0.0210
7 -1  25.5 0.03350 0.03350 0.17820   2264      12705.1 0.0210
7 -1  25.5 0.03370 0.03369 0.19147   2360      12325.6 0.0206
7 -1  25.5 0.03390 0.03389 0.19147   2324      12137.6 0.0207
7 -1  25.5 0.03410 0.03408 0.19570   2224      11364.4 0.0212
7 -1  25.5 0.03430 0.03428 0.20188   2284      11313.8 0.0209
7 -1  25.5 0.03450 0.03447 0.22012   2290      10403.6 0.0209
7 -1  25.5 0.03470 0.03467 0.22728   2260       9943.9 0.0210
7 -1  25.5 0.03490 0.03486 0.24002   2294       9557.4 0.0209
7 -1  25.5 0.03510 0.03506 0.25991   2314       8903.2 0.0208
7 -1  25.5 0.03530 0.03525 0.27031   2244       8301.5 0.0211
7 -1  25.5 0.03550 0.03555 0.29820   2378       7974.4 0.0205
7 -1  25.4 0.03570 0.03574 0.31347   2298       7330.8 0.0209
7 -1  25.4 0.03590 0.03594 0.32671   2226       6813.5 0.0212
7 -1  25.4 0.03610 0.03613 0.36028   2278       6322.9 0.0210
7 -1  25.4 0.03630 0.03633 0.37096   2262       6097.6 0.0210
7 -1  25.4 0.03650 0.03652 0.39264   2248       5725.3 0.0211
7 -1  25.4 0.03670 0.03672 0.39264   2236       5694.8 0.0211
7 -1  25.4 0.03690 0.03691 0.42927   2272       5292.7 0.0210
7 -1  25.4 0.03710 0.03711 0.45551   2292       5031.7 0.0209
7 -1  25.4 0.03730 0.03730 0.47238   2314       4898.6 0.0208
7 -1  25.4 0.03750 0.03750 0.47238   2256       4775.8 0.0211
7 -1  25.4 0.03770 0.03770 0.49699   2256       4539.4 0.0211
7 -1  25.4 0.03790 0.03789 0.52853   2292       4336.6 0.0209
7 -1  25.4 0.03810 0.03809 0.54878   2316       4220.3 0.0208
7 -1  25.4 0.03830 0.03828 0.54878   2264       4125.5 0.0210
7 -1  25.4 0.03850 0.03848 0.58639   2256       3847.2 0.0211
7 -1  25.4 0.03870 0.03867 0.58639   2228       3799.5 0.0212
7 -1  25.4 0.03890 0.03887 0.62286   2240       3596.3 0.0211
7 -1  25.4 0.03910 0.03906 0.64854   2226       3432.3 0.0212
7 -1  25.4 0.03930 0.03926 0.64854   2260       3484.7 0.0210
7 -1  25.4 0.03950 0.03945 0.67276   2256       3353.3 0.0211
7 -1  25.4 0.03970 0.03975 0.70847   2272       3206.9 0.0210
7 -1  25.4 0.03990 0.03994 0.72881   2234       3065.3 0.0212
7  0  25.4 0.00010 0.00010 1.21000    322        266.1 0.0557
7  0  25.4 0.00030 0.00029 1.21000     52         43.0 0.1387
7  0  25.4 0.00050 0.00049 1.21000     78         64.5 0.1132
7  0  25.4 0.00070 0.00068 1.21000     78         64.5 0.1132
7  0  25.4 0.00090 0.00088 1.21000     72         59.5 0.1179
7  0  25.4 0.00110 0.00107 1.21000     76         62.8 0.1147
7  0  25.4 0.00130 0.00127 1.21000     82         67.8 0.1104
7  0  25.4 0.00150 0.00146 1.21000    100         82.6 0.1000
7  0  25.4 0.00170 0.00166 1.21000    120         99.2 0.0913
7  0  25.4 0.00190 0.00186 1.21000    218        180.2 0.0677
7  0  25.4 0.00210 0.00215 1.21000    728        601.7 0.0371
7  0  25.4 0.00230 0.00234 1.21000   1568       1295.9 0.0253
7  0  25.4 0.00250 0.00254 1.21000   3922       3241.3 0.0160
7  0  25.4 0.00270 0.00273 1.21000   9554       7895.9 0.0102
7  0  25.4 0.00290 0.00293 1.21000  22758      18808.3 0.0066
7  0  25.4 0.00310 0.00313 1.21000  53728      44403.3 0.0043
7  0  25.4 0.00330 0.00332 0.62248  71994     115656.8 0.0037
7  0  25.4 0.00350 0.00352 0.29339  71656     244236.5 0.0037
7  0  25.4 0.00370 0.00371 0.16117  76068     471987.8 0.0036
7  0  25.4 0.00390 0.00391 0.08853  72990     824447.4 0.0037
7  0  25.4 0.00410 0.00410 0.05318  72020    1354349.4 0.0037
7  0  25.4 0.00430 0.00430 0.03582  71810    2004556.7 0.0037
7  0  25.4 0.00450 0.00449 0.02698  71834    2662495.4 0.0037
7  0  25.4 0.00470 0.00469 0.02203  71394    3240256.0 0.0037
7  0  25.4 0.00490 0.00488 0.01967  72250    3673145.2 0.0037
7  0  25.4 0.00510 0.00508 0.01967  78148    3972995.9 0.0036
7  0  25.4 0.00530 0.00527 0.01725  71794    4161869.7 0.0037
7  0  25.4 0.00550 0.00547 0.01725  73936    4286040.6 0.0037
7  0  25.4 0.00570 0.00566 0.01725  75436    4372995.0 0.0036
7  0  25.4 0.00590 0.00586 0.01725  76474    4433167.5 0.0036
7  0  25.4 0.00610 0.00605 0.01725  77140    4471775.2 0.0036
7  0  25.4 0.00630 0.00635 0.01725  77754    4507368.5 0.0036
7  0  25.4 0.00650 0.00654 0.01725  77986    4520817.5 0.0036
7  0  25.4 0.00670 0.00674 0.01725  78122    4528701.4 0.0036
7  0  25.4 0.00690 0.00693 0.01725  78144    4529976.7 0.0036
7  0  25.4 0.00710 0.00713 0.01725  78068    4525571.0 0.0036
7  0  25.4 0.00730 0.00732 0.01725  77888    4515136.5 0.0036
7  0  25.4 0.00750 0.00752 0.01725  77564    4496354.3 0.0036
7  0  25.4 0.00770 0.00771 0.01725  77040    4465978.3 0.0036
7  0  25.4 0.00790 0.00791 0.01725  76232    4419138.8 0.0036
7  0  25.3 0.00810 0.00811 0.01725  75034    4349691.2 0.0037
7  0  25.3 0.00830 0.00830 0.01725  73210    4243954.7 0.0037
7  0  25.3 0.00850 0.00850 0.01725  70538    4089059.9 0.0038
7  0  25.3 0.00870 0.00869 0.01725  66786    3871557.9 0.0039
7  0  25.3 0.00890 0.00889 0.01725  61028    3537769.0 0.0040
7  0  25.3 0.00910 0.00908 0.01725  53444    3098127.5 0.0043
7  0  25.3 0.00930 0.00928 0.01725  44590    2584864.6 0.0047
7  0  25.3 0.00950 0.00947 0.01725  35376    2050732.7 0.0053
7  0  25.3 0.00970 0.00967 0.01725  28468    1650278.7 0.0059
7  0  25.3 0.00990 0.00986 0.01725  22994    1332953.1 0.0066
7  0  25.3 0.01010 0.01006 0.01725  19760    1145479.4 0.0071
7  0  25.3 0.01030 0.01025 0.01725  18080    1048090.4 0.0074
7  0  25.3 0.01050 0.01055 0.01725  16984     984555.7 0.0077
7  0  25.3 0.01070 0.01074 0.01725  16562     960092.6 0.0078
7  0  25.3 0.01090 0.01094 0.01725  16454     953831.9 0.0078
7  0  25.3 0.01110 0.01113 0.01725  16526     958005.7 0.0078
7  0  25.3 0.01130 0.01133 0.01725  16220     940267.0 0.0079
7  0  25.3 0.01150 0.01152 0.01725  16360     948382.7 0.0078
7  0  25.3 0.01170 0.01172 0.01725  16432     952556.5 0.0078
7  0  25.3 0.01190 0.01191 0.01725  16320     946063.9 0.0078
7  0  25.3 0.01210 0.01211 0.01725  16134     935281.6 0.0079
7  0  25.3 0.01230 0.01230 0.01725  16408     951165.3 0.0078
7  0  25.3 0.01250 0.01250 0.01725  16404     950933.4 0.0078
7  0  25.3 0.01270 0.01270 0.01725  16274     943397.3 0.0078
7  0  25.3 0.01290 0.01289 0.01725  16160     936788.8 0.0079
7  0  25.3 0.01310 0.01309 0.01725  16256     942353.9 0.0078
7  0  25.3 0.01330 0.01328 0.01725  16270     943165.4 0.0078
7  0  25.3 0.01350 0.01348 0.01725  16344     947455.2 0.0078
7  0  25.3 0.01370 0.01367 0.01725  16046     930180.3 0.0079
7  0  25.3 0.01390 0.01387 0.01725  15900     921716.7 0.0079
7  0  25.3 0.01410 0.01406 0.01725  15698     910006.8 0.0080
7  0  25.3 0.01430 0.01426 0.01725  15170     879398.9 0.0081
7  0  25.3 0.01450 0.01445 0.01725  14404     834994.2 0.0083
7  0  25.3 0.01470 0.01475 0.01725  13092     758938.0 0.0087
7  0  25.3 0.01490 0.01494 0.01725  12028     697258.4 0.0091
7  0  25.3 0.01510 0.01514 0.01725  10668     618419.7 0.0097
7  0  25.3 0.01530 0.01533 0.01725   9002     521842.4 0.0105
7  0  25.3 0.01550 0.01553 0.01725   7702     446481.9 0.0114
7  0  25.3 0.01570 0.01572 0.01725   6450     373903.9 0.0125
7  0  25.3 0.01590 0.01592 0.01725   5080     294485.6 0.0140
7  0  25.3 0.01610 0.01611 0.01725   4370     253327.2 0.0151
7  0  25.3 0.01630 0.01631 0.01725   3512     203589.2 0.0169
7  0  25.3 0.01650 0.01650 0.01725   3038     176111.7 0.0181
7  0  25.3 0.01670 0.01670 0.01725   2624     152112.2 0.0195
7  0  25.3 0.01690 0.01689 0.01725   2316     134257.6 0.0208
7  0  25.3 0.01710 0.01709 0.01805   2276     126119.7 0.0210
7  0  25.3 0.01730 0.01729 0.01997   2236     111970.1 0.0211
7  0  25.3 0.01750 0.01748 0.02109   2256     106963.4 0.0211
7  0  25.3 0.01770 0.01768 0.02144   2272     105978.3 0.0210
7  0  25.3 0.01790 0.01787 0.02216   2252     101641.5 0.0211
7  0  25.3 0.01810 0.01807 0.02296   2292      99847.2 0.0209
7  0  25.3 0.01830 0.01826 0.02298   2330     101411.3 0.0207
7  0  25.3 0.01850 0.01846 0.02329   2300      98754.0 0.0209
7  0  25.3 0.01870 0.01865 0.02329   2306      99011.6 0.0208
7  0  25.3 0.01890 0.01895 0.02441   2246      92008.6 0.0211
7  0  25.3 0.01910 0.01914 0.02559   2288      89426.5 0.0209
7  0  25.3 0.01930 0.01934 0.02559   2226      87003.3 0.0212
7  0  25.3 0.01950 0.01953 0.02559   2246      87785.0 0.0211
7  0  25.3 0.01970 0.01973 0.02705   2232      82526.5 0.0212
7  0  25.3 0.01990 0.01992 0.02705   2238      82748.3 0.0211
7  0  25.3 0.02010 0.02012 0.02821   2354      83445.5 0.0206
7  0  25.3 0.02030 0.02031 0.02979   2366      79416.9 0.0206
7  0  25.3 0.02050 0.02051 0.02979   2230      74851.9 0.0212
7  0  25.3 0.02070 0.02070 0.03089   2244      72642.4 0.0211
7  0  25.3 0.02090 0.02090 0.03089   2264      73289.8 0.0210
7  0  25.3 0.02110 0.02109 0.03332   2308      69266.9 0.0208
7  0  25.3 0.02130 0.02129 0.03381   2226      65843.9 0.0212
7  0  25.3 0.02150 0.02148 0.03557   2320      65227.1 0.0208
7  0  25.3 0.02170 0.02168 0.03599   2246      62407.7 0.0211
7  0  25.3 0.02190 0.02188 0.03886   2250      57904.5 0.0211
7  0  25.3 0.02210 0.02207 0.04137   2242      54188.3 0.0211
7  0  25.3 0.02230 0.02227 0.04565   2242      49115.6 0.0211
7  0  25.3 0.02250 0.02246 0.04848   2240      46200.8 0.0211
7  0  25.3 0.02270 0.02266 0.05391   2274      42178.7 0.0210
7  0  25.3 0.02290 0.02285 0.06143   2244      36527.2 0.0211
7  0  25.3 0.02310 0.02314 0.07139   2224      31151.0 0.0212
7  0  25.3 0.02330 0.02334 0.08497   2252      26504.9 0.0211
7  0  25.3 0.02350 0.02354 0.10127   2316      22868.6 0.0208
7  0  25.3 0.02370 0.02373 0.11587   2278      19659.2 0.0210
7  0  25.3 0.02390 0.02393 0.13697   2318      16923.1 0.0208
7  0  25.3 0.02410 0.02412 0.15340   2230      14536.8 0.0212
7  0  25.3 0.02430 0.02432 0.17879   2272      12707.6 0.0210
7  0  25.3 0.02450 0.02451 0.20125   2274      11299.2 0.0210
7  0  25.3 0.02470 0.02471 0.22228   2234      10050.2 0.0212
7  0  25.3 0.02490 0.02490 0.24259   2276       9382.0 0.0210
7  0  25.3 0.02510 0.02510 0.26154   2252       8610.7 0.0211
7  0  25.3 0.02530 0.02529 0.27919   2362       8460.3 0.0206
7  0  25.3 0.02550 0.02549 0.28172   2264       8036.2 0.0210
7  0  25.3 0.02570 0.02568 0.28981   2268       7825.8 0.0210
7  0  25.3 0.02590 0.02588 0.30548   2254       7378.5 0.0211
7  0  25.3 0.02610 0.02607 0.31051   2236       7201.0 0.0211
7  0  25.3 0.02630 0.02627 0.31051   2236       7201.0 0.0211
7  0  25.3 0.02650 0.02646 0.32855   2270       6909.1 0.0210
7  0  25.3 0.02670 0.02666 0.35147   2328       6623.5 0.0207
7  0  25.3 0.02690 0.02686 0.35147   2264       6441.4 0.0210
7  0  25.3 0.02710 0.02715 0.36978   2232       6036.0 0.0212
7  0  25.3 0.02730 0.02734 0.38181   2308       6044.9 0.0208
7  0  25.3 0.02750 0.02754 0.39737   2230       5611.8 0.0212
7  0  25.3 0.02770 0.02773 0.40577   2286       5633.7 0.0209
7  0  25.3 0.02790 0.02793 0.43045   2292       5324.7 0.0209
7  0  25.3 0.02810 0.02813 0.46075   2352       5104.7 0.0206
7  0  25.3 0.02830 0.02832 0.46075   2254       4892.0 0.0211
7  0  25.3 0.02850 0.02852 0.47135   2226       4722.6 0.0212
7  0  25.3 0.02870 0.02871 0.49171   2240       4555.5 0.0211
7  0  25.3 0.02890 0.02891 0.52987   2312       4363.4 0.0208
7  0  25.3 0.02910 0.02910 0.54914   2274       4141.0 0.0210
7  0  25.2 0.02930 0.02930 0.57316   2290       3995.4 0.0209
7  0  25.2 0.02950 0.02949 0.60558   2338       3860.7 0.0207
7  0  25.2 0.02970 0.02969 0.63562   2252       3543.0 0.0211
7  0  25.2 0.02990 0.02988 0.67784   2348       3463.9 0.0206
7  0  25.2 0.03010 0.03008 0.72832   2364       3245.8 0.0206
7  0  25.2 0.03030 0.03027 0.79408   2254       2838.5 0.0211
7  0  25.2 0.03050 0.03047 0.85653   2244       2619.9 0.0211
7  0  25.2 0.03070 0.03066 0.91062   2278       2501.6 0.0210
7  0  25.2 0.03090 0.03086 1.02346   2244       2192.6 0.0211
7  0  25.2 0.03110 0.03105 1.13976   2262       1984.6 0.0210
7  0  25.2 0.03130 0.03135 1.21000   1930       1595.0 0.0228
7  0  25.2 0.03150 0.03154 1.21000   1792       1481.0 0.0236
7  0  25.2 0.03170 0.03174 1.21000   1616       1335.5 0.0249
7  0  25.2 0.03190 0.03193 1.21000   1430       1181.8 0.0264
7  0  25.2 0.03210 0.03213 1.21000   1328       1097.5 0.0274
7  0  25.2 0.03230 0.03232 1.21000   1202        993.4 0.0288
7  0  25.2 0.03250 0.03252 1.21000   1070        884.3 0.0306
7  0  25.2 0.03270 0.03271 1.21000   1054        871.1 0.0308
7  0  25.2 0.03290 0.03291 1.21000    940        776.9 0.0326
7  0  25.2 0.03310 0.03311 1.21000    952        786.8 0.0324
7  0  25.2 0.03330 0.03330 1.21000    868        717.4 0.0339
7  0  25.2 0.03350 0.03350 1.21000    876        724.0 0.0338
7  0  25.2 0.03370 0.03369 1.21000    808        667.8 0.0352
7  0  25.2 0.03390 0.03389 1.21000    826        682.6 0.0348
7  0  25.2 0.03410 0.03408 1.21000    768        634.7 0.0361
7  0  25.2 0.03430 0.03428 1.21000    722        596.7 0.0372
7  0  25.2 0.03450 0.03447 1.21000    780        644.6 0.0358
7  0  25.2 0.03470 0.03467 1.21000    692        571.9 0.0380
7  0  25.2 0.03490 0.03486 1.21000    710        586.8 0.0375
7  0  25.2 0.03510 0.03506 1.21000    666        550.4 0.0387
7  0  25.2 0.03530 0.03525 1.21000    642        530.6 0.0395
7  0  25.2 0.03550 0.03555 1.21000    644        532.2 0.0394
7  0  25.2 0.03570 0.03574 1.21000    612        505.8 0.0404
7  0  25.2 0.03590 0.03594 1.21000    602        497.5 0.0408
7  0  25.2 0.03610 0.03613 1.21000    652        538.8 0.0392
7  0  25.2 0.03630 0.03633 1.21000    606        500.8 0.0406
7  0  25.2 0.03650 0.03652 1.21000    552        456.2 0.0426
7  0  25.2 0.03670 0.03672 1.21000    534        441.3 0.0433
7  0  25.2 0.03690 0.03691 1.21000    528        436.4 0.0435
7  0  25.2 0.03710 0.03711 1.21000    476        393.4 0.0458
7  0  25.2 0.03730 0.03730 1.21000    504        416.5 0.0445
7  0  25.2 0.03750 0.03750 1.21000    482        398.3 0.0455
7  0  25.2 0.03770 0.03770 1.21000    432        357.0 0.0481
7  0  25.2 0.03790 0.03789 1.21000    472        390.1 0.0460
7  0  25.2 0.03810 0.03809 1.21000    428        353.7 0.0483
7  0  25.2 0.03830 0.03828 1.21000    398        328.9 0.0501
7  0  25.2 0.03850 0.03848 1.21000    404        333.9 0.0498
7  0  25.2 0.03870 0.03867 1.21000    422        348.8 0.0487
7  0  25.2 0.03890 0.03887 1.21000    348        287.6 0.0536
7  0  25.2 0.03910 0.03906 1.21000    362        299.2 0.0526
7  0  25.2 0.03930 0.03926 1.21000    386        319.0 0.0509
7  0  25.2 0.03950 0.03945 1.21000    358        295.9 0.0529
7  0  25.2 0.03970 0.03975 1.21000    256        211.6 0.0625
7  0  25.2 0.03990 0.03994 1.21000    306        252.9 0.0572
7  1  25.2 0.00010 0.00010 1.21000     26         21.5 0.1961
7  1  25.2 0.00030 0.00029 1.21000     30         24.8 0.1826
7  1  25.2 0.00050 0.00049 1.21000     44         36.4 0.1508
7  1  25.2 0.00070 0.00068 1.21000     38         31.4 0.1622
7  1  25.2 0.00090 0.00088 1.21000     26         21.5 0.1961
7  1  25.2 0.00110 0.00107 1.21000     36         29.8 0.1667
7  1  25.2 0.00130 0.00127 1.21000     48         39.7 0.1443
7  1  25.2 0.00150 0.00146 1.21000     46         38.0 0.1474
7  1  25.2 0.00170 0.00166 1.21000     78         64.5 0.1132
7  1  25.2 0.00190 0.00186 1.21000    166        137.2 0.0776
7  1  25.2 0.00210 0.00215 1.21000    618        510.7 0.0402
7  1  25.2 0.00230 0.00234 1.21000   1498       1238.0 0.0258
7  1  25.2 0.00250 0.00254 1.21000   3674       3036.4 0.0165
7  1  25.2 0.00270 0.00273 1.21000   9346       7724.0 0.0103
7  1  25.2 0.00290 0.00293 1.21000  22494      18590.1 0.0067
7  1  25.2 0.00310 0.00313 1.21000  51628      42667.8 0.0044
7  1  25.2 0.00330 0.00332 0.63254  72080     113952.9 0.0037
7  1  25.2 0.00350 0.00352 0.30026  71932     239563.3 0.0037
7  1  25.2 0.00370 0.00371 0.16494  75662     458719.1 0.0036
7  1  25.2 0.00390 0.00391 0.09061  72608     801353.7 0.0037
7  1  25.2 0.00410 0.00410 0.05394  71846    1331903.2 0.0037
7  1  25.2 0.00430 0.00430 0.03635  72206    1986522.6 0.0037
7  1  25.2 0.00450 0.00449 0.02736  72392    2646059.4 0.0037
7  1  25.2 0.00470 0.00469 0.02231  72082    3230542.9 0.0037
7  1  25.2 0.00490 0.00488 0.01970  71968    3653878.8 0.0037
7  1  25.2 0.00510 0.00508 0.01970  77960    3958098.0 0.0036
7  1  25.2 0.00530 0.00527 0.01733  72328    4174119.7 0.0037
7  1  25.2 0.00550 0.00547 0.01733  74522    4300737.6 0.0037
7  1  25.2 0.00570 0.00566 0.01733  76052    4389035.4 0.0036
7  1  25.2 0.00590 0.00586 0.01733  77082    4448477.7 0.0036
7  1  25.2 0.00610 0.00605 0.01733  77806    4490260.5 0.0036
7  1  25.2 0.00630 0.00635 0.01733  78434    4526503.0 0.0036
7  1  25.2 0.00650 0.00654 0.01733  78688    4541161.5 0.0036
7  1  25.2 0.00670 0.00674 0.01733  78834    4549587.3 0.0036
7  1  25.2 0.00690 0.00693 0.01733  78850    4550510.7 0.0036
7  1  25.2 0.00710 0.00713 0.01733  78794    4547278.9 0.0036
7  1  25.2 0.00730 0.00732 0.01733  78610    4536660.1 0.0036
7  1  25.2 0.00750 0.00752 0.01733  78270    4517038.4 0.0036
7  1  25.2 0.00770 0.00771 0.01733  77774    4488413.7 0.0036
7  1  25.2 0.00790 0.00791 0.01733  76976    4442360.3 0.0036
7  1  25.2 0.00810 0.00811 0.01733  75826    4375992.7 0.0036
7  1  25.2 0.00830 0.00830 0.01733  74034    4272574.6 0.0037
7  1  25.2 0.00850 0.00850 0.01733  71378    4119294.3 0.0037
7  1  25.2 0.00870 0.00869 0.01733  67490    3894914.0 0.0038
7  1  25.2 0.00890 0.00889 0.01733  61830    3568269.9 0.0040
7  1  25.2 0.00910 0.00908 0.01733  54270    3131974.9 0.0043
7  1  25.2 0.00930 0.00928 0.01733  45810    2643740.0 0.0047
7  1  25.2 0.00950 0.00947 0.01733  37288    2151927.0 0.0052
7  1  25.2 0.00970 0.00967 0.01733  30330    1750374.0 0.0057
7  1  25.2 0.00990 0.00986 0.01733  25614    1478209.0 0.0062
7  1  25.2 0.01010 0.01006 0.01733  22752    1313040.2 0.0066
7  1  25.2 0.01030 0.01025 0.01733  21094    1217355.4 0.0069
7  1  25.2 0.01050 0.01055 0.01733  19956    1151680.3 0.0071
7  1  25.2 0.01070 0.01074 0.01733  19760    1140369.0 0.0071
7  1  25.2 0.01090 0.01094 0.01733  19514    1126172.1 0.0072
7  1  25.2 0.01110 0.01113 0.01733  19648    1133905.3 0.0071
7  1  25.2 0.01130 0.01133 0.01733  19598    1131019.8 0.0071
7  1  25.2 0.01150 0.01152 0.01733  19564    1129057.6 0.0071
7  1  25.2 0.01170 0.01172 0.01733  19414    1120401.0 0.0072
7  1  25.2 0.01190 0.01191 0.01733  19468    1123517.3 0.0072
7  1  25.2 0.01210 0.01211 0.01733  19416    1120516.4 0.0072
7  1  25.2 0.01230 0.01230 0.01733  19538    1127557.1 0.0072
7  1  25.2 0.01250 0.01250 0.01733  19468    1123517.3 0.0072
7  1  25.2 0.01270 0.01270 0.01733  19488    1124671.6 0.0072
7  1  25.2 0.01290 0.01289 0.01733  19456    1122824.8 0.0072
7  1  25.2 0.01310 0.01309 0.01733  19402    1119708.4 0.0072
7  1  25.2 0.01330 0.01328 0.01733  19394    1119246.7 0.0072
7  1  25.2 0.01350 0.01348 0.01733  19524    1126749.2 0.0072
7  1  25.2 0.01370 0.01367 0.01733  19178    1106781.2 0.0072
7  1  25.2 0.01390 0.01387 0.01733  19114    1103087.7 0.0072
7  1  25.2 0.01410 0.01406 0.01733  18544    1070192.4 0.0073
7  1  25.2 0.01430 0.01426 0.01733  18260    1053802.5 0.0074
7  1  25.2 0.01450 0.01445 0.01733  17344    1000939.2 0.0076
7  1  25.2 0.01470 0.01475 0.01733  15754     909178.8 0.0080
7  1  25.2 0.01490 0.01494 0.01733  14562     840387.3 0.0083
7  1  25.2 0.01510 0.01514 0.01733  12830     740431.9 0.0088
7  1  25.2 0.01530 0.01533 0.01733  11152     643592.8 0.0095
7  1  25.2 0.01550 0.01553 0.01733   9942     573762.6 0.0100
7  1  25.2 0.01570 0.01572 0.01733   8222     474499.7 0.0110
7  1  25.2 0.01590 0.01592 0.01733   6924     399590.8 0.0120
7  1  25.2 0.01610 0.01611 0.01733   5738     331145.6 0.0132
7  1  25.2 0.01630 0.01631 0.01733   4850     279898.2 0.0144
7  1  25.2 0.01650 0.01650 0.01733   4180     241231.9 0.0155
7  1  25.2 0.01670 0.01670 0.01733   3518     203027.2 0.0169
7  1  25.2 0.01690 0.01689 0.01733   3160     182366.7 0.0178
7  1  25.2 0.01710 0.01709 0.01733   2898     167246.4 0.0186
7  1  25.2 0.01730 0.01729 0.01733   2778     160321.1 0.0190
7  1  25.2 0.01750 0.01748 0.01733   2616     150971.9 0.0196
7  1  25.2 0.01770 0.01768 0.01733   2452     141507.3 0.0202
7  1  25.2 0.01790 0.01787 0.01733   2398     138390.9 0.0204
7  1  25.2 0.01810 0.01807 0.01733   2314     133543.2 0.0208
7  1  25.2 0.01830 0.01826 0.01733   2234     128926.3 0.0212
7  1  25.2 0.01850 0.01846 0.01733   2268     130888.5 0.0210
7  1  25.2 0.01870 0.01865 0.01781   2280     128028.0 0.0209
7  1  25.2 0.01890 0.01895 0.01832   2276     124237.3 0.0210
7  1  25.2 0.01910 0.01914 0.01847   2262     122472.9 0.0210
7  1  25.2 0.01930 0.01934 0.01929   2370     122836.2 0.0205
7  1  25.2 0.01950 0.01953 0.01959   2320     118404.8 0.0208
7  1  25.2 0.01970 0.01973 0.01993   2252     112968.7 0.0211
7  1  25.2 0.01990 0.01992 0.02028   2266     111728.7 0.0210
7  1  25.2 0.02010 0.02012 0.02028   2224     109657.8 0.0212
7  1  25.2 0.02030 0.02031 0.02185   2234     102254.6 0.0212
7  1  25.2 0.02050 0.02051 0.02264   2284     100873.4 0.0209
7  1  25.2 0.02070 0.02070 0.02306   2246      97409.4 0.0211
7  1  25.2 0.02090 0.02090 0.02407   2246      93321.8 0.0211
7  1  25.2 0.02110 0.02109 0.02458   2260      91959.5 0.0210
7  1  25.2 0.02130 0.02129 0.02500   2246      89826.9 0.0211
7  1  25.2 0.02150 0.02148 0.02649   2262      85404.4 0.0210
7  1  25.2 0.02170 0.02168 0.02880   2318      80482.1 0.0208
7  1  25.2 0.02190 0.02188 0.02880   2228      77357.3 0.0212
7  1  25.2 0.02210 0.02207 0.03101   2260      72888.7 0.0210
7  1  25.2 0.02230 0.02227 0.03463   2312      66769.9 0.0208
7  1  25.2 0.02250 0.02246 0.03703   2298      62064.6 0.0209
7  1  25.2 0.02270 0.02266 0.04001   2254      56342.8 0.0211
7  1  25.2 0.02290 0.02285 0.04476   2280      50939.5 0.0209
7  1  25.2 0.02310 0.02314 0.05387   2372      44030.0 0.0205
7  1  25.2 0.02330 0.02334 0.06151   2294      37292.9 0.0209
7  1  25.2 0.02350 0.02354 0.07119   2438      34247.1 0.0203
7  1  25.2 0.02370 0.02373 0.07993   2250      28149.1 0.0211
7  1  25.2 0.02390 0.02393 0.09388   2312      24626.9 0.0208
7  1  25.2 0.02410 0.02412 0.10493   2258      21518.8 0.0210
7  1  25.2 0.02430 0.02432 0.11860   2236      18854.1 0.0211
7  1  25.2 0.02450 0.02451 0.13229   2252      17023.4 0.0211
7  1  25.2 0.02470 0.02471 0.15090   2304      15268.8 0.0208
7  1  25.2 0.02490 0.02490 0.16468   2242      13614.4 0.0211
7  1  25.2 0.02510 0.02510 0.17067   2244      13148.2 0.0211
7  1  25.2 0.02530 0.02529 0.18481   2224      12034.0 0.0212
7  1  25.2 0.02550 0.02549 0.19630   2308      11757.3 0.0208
7  1  25.2 0.02570 0.02568 0.19701   2226      11298.8 0.0212
7  1  25.2 0.02590 0.02588 0.20155   2238      11104.1 0.0211
7  1  25.2 0.02610 0.02607 0.21614   2226      10298.9 0.0212
7  1  25.2 0.02630 0.02627 0.21990   2250      10231.9 0.0211
7  1  25.2 0.02650 0.02646 0.22806   2228       9769.5 0.0212
7  1  25.2 0.02670 0.02666 0.24603   2348       9543.7 0.0206
7  1  25.2 0.02690 0.02686 0.24692   2330       9436.4 0.0207
7  1  25.2 0.02710 0.02715 0.26251   2274       8662.5 0.0210
7  1  25.2 0.02730 0.02734 0.26251   2222       8464.4 0.0212
7  1  25.2 0.02750 0.02754 0.26635   2226       8357.6 0.0212
7  1  25.2 0.02770 0.02773 0.28673   2270       7916.7 0.0210
7  1  25.2 0.02790 0.02793 0.29717   2276       7659.0 0.0210
7  1  25.2 0.02810 0.02813 0.31088   2360       7591.4 0.0206
7  1  25.2 0.02830 0.02832 0.32776   2322       7084.4 0.0208
7  1  25.2 0.02850 0.02852 0.34240   2332       6810.8 0.0207
7  1  25.2 0.02870 0.02871 0.35519   2228       6272.8 0.0212
7  1  25.2 0.02890 0.02891 0.36428   2238       6143.6 0.0211
7  1  25.2 0.02910 0.02910 0.38471   2226       5786.2 0.0212
7  1  25.2 0.02930 0.02930 0.41197   2358       5723.7 0.0206
7  1  25.2 0.02950 0.02949 0.42856   2286       5334.2 0.0209
7  1  25.2 0.02970 0.02969 0.42856   2230       5203.5 0.0212
7  1  25.2 0.02990 0.02988 0.47449   2280       4805.2 0.0209
7  1  25.2 0.03010 0.03008 0.51031   2280       4467.8 0.0209
7  1  25.2 0.03030 0.03027 0.55091   2260       4102.3 0.0210
7  1  25.2 0.03050 0.03047 0.59421   2322       3907.7 0.0208
7  1  25.2 0.03070 0.03066 0.62221   2240       3600.0 0.0211
7  1  25.2 0.03090 0.03086 0.68376   2274       3325.7 0.0210
7  1  25.2 0.03110 0.03105 0.78781   2316       2939.8 0.0208
7  1  25.2 0.03130 0.03135 0.88152   2300       2609.1 0.0209
7  1  25.2 0.03150 0.03154 0.93719   2230       2379.5 0.0212
7  1  25.2 0.03170 0.03174 1.08744   2256       2074.6 0.0211
7  1  25.2 0.03190 0.03193 1.21000   2158       1783.5 0.0215
7  1  25.2 0.03210 0.03213 1.21000   2042       1687.6 0.0221
7  1  25.2 0.03230 0.03232 1.21000   1788       1477.7 0.0236
7  1  25.2 0.03250 0.03252 1.21000   1666       1376.9 0.0245
7  1  25.2 0.03270 0.03271 1.21000   1538       1271.1 0.0255
7  1  25.2 0.03290 0.03291 1.21000   1458       1205.0 0.0262
7  1  25.2 0.03310 0.03311 1.21000   1344       1110.7 0.0273
7  1  25.2 0.03330 0.03330 1.21000   1302       1076.0 0.0277
7  1  25.2 0.03350 0.03350 1.21000   1252       1034.7 0.0283
7  1  25.2 0.03370 0.03369 1.21000   1140        942.1 0.0296
7  1  25.2 0.03390 0.03389 1.21000   1146        947.1 0.0295
7  1  25.2 0.03410 0.03408 1.21000   1070        884.3 0.0306
7  1  25.2 0.03430 0.03428 1.21000   1102        910.7 0.0301
7  1  25.2 0.03450 0.03447 1.21000   1036        856.2 0.0311
7  1  25.2 0.03470 0.03467 1.21000   1006        831.4 0.0315
7  1  25.2 0.03490 0.03486 1.21000    994        821.5 0.0317
7  1  25.2 0.03510 0.03506 1.21000    924        763.6 0.0329
7  1  25.2 0.03530 0.03525 1.21000    924        763.6 0.0329
7  1  25.2 0.03550 0.03555 1.21000    890        735.5 0.0335
7  1  25.2 0.03570 0.03574 1.21000    834        689.3 0.0346
7  1  25.2 0.03590 0.03594 1.21000    852        704.1 0.0343
7  1  25.2 0.03610 0.03613 1.21000    798        659.5 0.0354
7  1  25.2 0.03630 0.03633 1.21000    766        633.1 0.0361
7  1  25.2 0.03650 0.03652 1.21000    734        606.6 0.0369
7  1  25.2 0.03670 0.03672 1.21000    770        636.4 0.0360
7  1  25.2 0.03690 0.03691 1.21000    668        552.1 0.0387
7  1  25.2 0.03710 0.03711 1.21000    720        595.0 0.0373
7  1  25.2 0.03730 0.03730 1.21000    644        532.2 0.0394
7  1  25.2 0.03750 0.03750 1.21000    602        497.5 0.0408
7  1  25.2 0.03770 0.03770 1.21000    576        476.0 0.0417
7  1  25.2 0.03790 0.03789 1.21000    580        479.3 0.0415
7  1  25.2 0.03810 0.03809 1.21000    564        466.1 0.0421
7  1  25.2 0.03830 0.03828 1.21000    530        438.0 0.0434
7  1  25.2 0.03850 0.03848 1.21000    516        426.4 0.0440
7  1  25.2 0.03870 0.03867 1.21000    482        398.3 0.0455
7  1  25.2 0.03890 0.03887 1.21000    492        406.6 0.0451
7  1  25.2 0.03910 0.03906 1.21000    474        391.7 0.0459
7  1  25.2 0.03930 0.03926 1.21000    400        330.6 0.0500
7  1  25.2 0.03950 0.03945 1.21000    394        325.6 0.0504
7  1  25.2 0.03970 0.03975 1.21000    380        314.0 0.0513
7  1  25.2 0.03990 0.03994 1.21000    354        292.6 0.0531
7  2  25.2 0.00010 0.00010 1.21000     60         49.6 0.1291
7  2  25.2 0.00030 0.00029 1.21000     62         51.2 0.1270
7  2  25.2 0.00050 0.00049 1.21000     70         57.9 0.1195
7  2  25.2 0.00070 0.00068 1.21000     74         61.2 0.1162
7  2  25.2 0.00090 0.00088 1.21000     82         67.8 0.1104
7  2  25.2 0.00110 0.00107 1.21000     88         72.7 0.1066
7  2  25.3 0.00130 0.00127 1.21000     80         66.1 0.1118
7  2  25.3 0.00150 0.00146 1.21000    108         89.3 0.0962
7  2  25.3 0.00170 0.00166 1.21000    154        127.3 0.0806
7  2  25.3 0.00190 0.00186 1.21000    246        203.3 0.0638
7  2  25.3 0.00210 0.00215 1.21000    686        566.9 0.0382
7  2  25.3 0.00230 0.00234 1.21000   1686       1393.4 0.0244
7  2  25.3 0.00250 0.00254 1.21000   4006       3310.7 0.0158
7  2  25.3 0.00270 0.00273 1.21000  10022       8282.6 0.0100
7  2  25.3 0.00290 0.00293 1.21000  23414      19350.4 0.0065
7  2  25.3 0.00310 0.00313 1.21000  55042      45489.3 0.0043
7  2  25.3 0.00330 0.00332 0.60792  71258     117216.5 0.0037
7  2  25.3 0.00350 0.00352 0.29466  72222     245099.6 0.0037
7  2  25.3 0.00370 0.00371 0.16187  76642     473489.8 0.0036
7  2  25.3 0.00390 0.00391 0.08892  73446     826005.2 0.0037
7  2  25.3 0.00410 0.00410 0.05278  71556    1355846.4 0.0037
7  2  25.3 0.00430 0.00430 0.03594  71944    2001932.3 0.0037
7  2  25.3 0.00450 0.00449 0.02712  72182    2661837.5 0.0037
7  2  25.3 0.00470 0.00469 0.02210  71894    3252601.3 0.0037
7  2  25.3 0.00490 0.00488 0.01960  72164    3681262.1 0.0037
7  2  25.3 0.00510 0.00508 0.01960  78140    3986112.4 0.0036
7  2  25.3 0.00530 0.00527 0.01719  71816    4177011.7 0.0037
7  2  25.3 0.00550 0.00547 0.01719  73952    4301247.2 0.0037
7  2  25.3 0.00570 0.00566 0.01719  75482    4390236.1 0.0036
7  2  25.3 0.00590 0.00586 0.01719  76496    4449213.1 0.0036
7  2  25.3 0.00610 0.00605 0.01719  77136    4486437.2 0.0036
7  2  25.3 0.00630 0.00635 0.01719  77768    4523196.0 0.0036
7  2  25.3 0.00650 0.00654 0.01719  77996    4536457.1 0.0036
7  2  25.3 0.00670 0.00674 0.01719  78134    4544483.6 0.0036
7  2  25.3 0.00690 0.00693 0.01719  78152    4545530.5 0.0036
7  2  25.3 0.00710 0.00713 0.01719  78076    4541110.1 0.0036
7  2  25.3 0.00730 0.00732 0.01719  77882    4529826.6 0.0036
7  2  25.3 0.00750 0.00752 0.01719  77554    4510749.2 0.0036
7  2  25.3 0.00770 0.00771 0.01719  77064    4482249.5 0.0036
7  2  25.3 0.00790 0.00791 0.01719  76278    4436533.6 0.0036
7  2  25.3 0.00810 0.00811 0.01719  75094    4367669.0 0.0036
7  2  25.3 0.00830 0.00830 0.01719  73278    4262045.5 0.0037
7  2  25.3 0.00850 0.00850 0.01719  70654    4109426.6 0.0038
7  2  25.3 0.00870 0.00869 0.01719  66806    3885616.6 0.0039
7  2  25.3 0.00890 0.00889 0.01719  61010    3548505.7 0.0040
7  2  25.3 0.00910 0.00908 0.01719  53398    3105771.3 0.0043
7  2  25.3 0.00930 0.00928 0.01719  44824    2607084.4 0.0047
7  2  25.3 0.00950 0.00947 0.01719  35388    2058261.2 0.0053
7  2  25.3 0.00970 0.00967 0.01719  27982    1627508.4 0.0060
7  2  25.3 0.00990 0.00986 0.01719  22670    1318548.2 0.0066
7  2  25.3 0.01010 0.01006 0.01719  19432    1130217.4 0.0072
7  2  25.3 0.01030 0.01025 0.01719  17974    1045416.2 0.0075
7  2  25.3 0.01050 0.01055 0.01719  16556     962941.5 0.0078
7  2  25.3 0.01070 0.01074 0.01719  16370     952123.2 0.0078
7  2  25.3 0.01090 0.01094 0.01719  16108     936884.6 0.0079
7  2  25.3 0.01110 0.01113 0.01719  16116     937349.9 0.0079
7  2  25.3 0.01130 0.01133 0.01719  16240     944562.1 0.0078
7  2  25.3 0.01150 0.01152 0.01719  15844     921529.6 0.0079
7  2  25.3 0.01170 0.01172 0.01719  16004     930835.7 0.0079
7  2  25.3 0.01190 0.01191 0.01719  16108     936884.6 0.0079
7  2  25.3 0.01210 0.01211 0.01719  16060     934092.8 0.0079
7  2  25.3 0.01230 0.01230 0.01719  16096     936186.6 0.0079
7  2  25.3 0.01250 0.01250 0.01719  16020     931766.3 0.0079
7  2  25.3 0.01270 0.01270 0.01719  15922     926066.3 0.0079
7  2  25.3 0.01290 0.01289 0.01719  15920     925950.0 0.0079
7  2  25.3 0.01310 0.01309 0.01719  15892     924321.5 0.0079
7  2  25.3 0.01330 0.01328 0.01719  15760     916644.0 0.0080
7  2  25.3 0.01350 0.01348 0.01719  15954     927927.5 0.0079
7  2  25.3 0.01370 0.01367 0.01719  15806     919319.5 0.0080
7  2  25.3 0.01390 0.01387 0.01719  15546     904197.2 0.0080
7  2  25.3 0.01410 0.01406 0.01719  15426     897217.6 0.0081
7  2  25.3 0.01430 0.01426 0.01719  14918     867671.0 0.0082
7  2  25.3 0.01450 0.01445 0.01719  14196     825677.5 0.0084
7  2  25.3 0.01470 0.01475 0.01719  12878     749019.1 0.0088
7  2  25.3 0.01490 0.01494 0.01719  11750     683411.6 0.0092
7  2  25.3 0.01510 0.01514 0.01719  10422     606171.5 0.0098
7  2  25.3 0.01530 0.01533 0.01719   9076     527884.6 0.0105
7  2  25.3 0.01550 0.01553 0.01719   7604     442269.1 0.0115
7  2  25.3 0.01570 0.01572 0.01719   6274     364912.7 0.0126
7  2  25.3 0.01590 0.01592 0.01719   5236     304539.8 0.0138
7  2  25.3 0.01610 0.01611 0.01719   4170     242538.4 0.0155
7  2  25.3 0.01630 0.01631 0.01719   3418     198800.1 0.0171
7  2  25.3 0.01650 0.01650 0.01719   2866     166694.3 0.0187
7  2  25.3 0.01670 0.01670 0.01719   2404     139823.1 0.0204
7  2  25.3 0.01690 0.01689 0.01811   2230     123133.8 0.0212
7  2  25.3 0.01710 0.01709 0.02057   2242     108983.1 0.0211
7  2  25.3 0.01730 0.01729 0.02207   2276     103137.7 0.0210
7  2  25.3 0.01750 0.01748 0.02245   2278     101462.9 0.0210
7  2  25.3 0.01770 0.01768 0.02414   2342      97035.7 0.0207
7  2  25.3 0.01790 0.01787 0.02418   2272      93965.9 0.0210
7  2  25.3 0.01810 0.01807 0.02510   2308      91957.7 0.0208
7  2  25.3 0.01830 0.01826 0.02579   2276      88250.5 0.0210
7  2  25.3 0.01850 0.01846 0.02665   2334      87576.3 0.0207
7  2  25.3 0.01870 0.01865 0.02665   2254      84574.6 0.0211
7  2  25.3 0.01890 0.01895 0.02747   2410      87742.0 0.0204
7  2  25.3 0.01910 0.01914 0.02747   2246      81771.2 0.0211
7  2  25.3 0.01930 0.01934 0.02931   2378      81138.4 0.0205
7  2  25.3 0.01950 0.01953 0.02931   2324      79295.9 0.0207
7  2  25.3 0.01970 0.01973 0.02931   2272      77521.6 0.0210
7  2  25.3 0.01990 0.01992 0.03021   2314      76609.5 0.0208
7  2  25.3 0.02010 0.02012 0.03053   2236      73227.6 0.0211
7  2  25.3 0.02030 0.02031 0.03155   2228      70617.5 0.0212
7  2  25.3 0.02050 0.02051 0.03207   2232      69598.1 0.0212
7  2  25.3 0.02070 0.02070 0.03207   2240      69847.6 0.0211
7  2  25.3 0.02090 0.02090 0.03466   2252      64980.4 0.0211
7  2  25.3 0.02110 0.02109 0.03694   2258      61129.5 0.0210
7  2  25.3 0.02130 0.02129 0.03694   2226      60263.2 0.0212
7  2  25.3 0.02150 0.02148 0.03923   2242      57143.0 0.0211
7  2  25.3 0.02170 0.02168 0.04128   2256      54653.3 0.0211
7  2  25.3 0.02190 0.02188 0.04454   2332      52360.5 0.0207
7  2  25.3 0.02210 0.02207 0.04745   2344      49397.4 0.0207
7  2  25.3 0.02230 0.02227 0.05081   2298      45227.9 0.0209
7  2  25.3 0.02250 0.02246 0.05584   2300      41192.8 0.0209
7  2  25.3 0.02270 0.02266 0.06028   2306      38252.0 0.0208
7  2  25.3 0.02290 0.02285 0.07194   2368      32916.4 0.0205
7  2  25.3 0.02310 0.02314 0.08317   2290      27534.4 0.0209
7  2  25.3 0.02330 0.02334 0.09352   2286      24443.9 0.0209
7  2  25.3 0.02350 0.02354 0.11427   2234      19550.5 0.0212
7  2  25.3 0.02370 0.02373 0.13875   2432      17528.6 0.0203
7  2  25.3 0.02390 0.02393 0.15172   2222      14645.6 0.0212
7  2  25.3 0.02410 0.02412 0.17431   2278      13068.6 0.0210
7  2  25.3 0.02430 0.02432 0.20110   2246      11168.5 0.0211
7  2  25.3 0.02450 0.02451 0.22979   2260       9835.1 0.0210
7  2  25.3 0.02470 0.02471 0.25227   2302       9125.2 0.0208
7  2  25.3 0.02490 0.02490 0.28396   2388       8409.6 0.0205
7  2  25.3 0.02510 0.02510 0.28396   2252       7930.7 0.0211
7  2  25.3 0.02530 0.02529 0.31517   2306       7316.8 0.0208
7  2  25.3 0.02550 0.02549 0.34531   2268       6567.9 0.0210
7  2  25.3 0.02570 0.02568 0.34531   2286       6620.1 0.0209
7  2  25.3 0.02590 0.02588 0.36468   2232       6120.4 0.0212
7  2  25.3 0.02610 0.02607 0.37342   2256       6041.5 0.0211
7  2  25.3 0.02630 0.02627 0.37613   2228       5923.5 0.0212
7  2  25.3 0.02650 0.02646 0.39018   2236       5730.8 0.0211
7  2  25.3 0.02670 0.02666 0.40573   2304       5678.6 0.0208
7  2  25.3 0.02690 0.02686 0.43303   2384       5505.4 0.0205
7  2  25.3 0.02710 0.02715 0.43303   2248       5191.4 0.0211
7  2  25.3 0.02730 0.02734 0.44295   2222       5016.3 0.0212
7  2  25.3 0.02750 0.02754 0.47126   2358       5003.6 0.0206
7  2  25.3 0.02770 0.02773 0.47126   2226       4723.5 0.0212
7  2  25.3 0.02790 0.02793 0.48704   2262       4644.3 0.0210
7  2  25.3 0.02810 0.02813 0.51025   2260       4429.2 0.0210
7  2  25.3 0.02830 0.02832 0.51071   2222       4350.8 0.0212
7  2  25.3 0.02850 0.02852 0.57092   2394       4193.3 0.0204
7  2  25.3 0.02870 0.02871 0.57558   2316       4023.8 0.0208
7  2  25.3 0.02890 0.02891 0.63138   2344       3712.5 0.0207
7  2  25.3 0.02910 0.02910 0.64002   2278       3559.3 0.0210
7  2  25.3 0.02930 0.02930 0.69468   2316       3333.9 0.0208
7  2  25.3 0.02950 0.02949 0.71661   2404       3354.7 0.0204
7  2  25.3 0.02970 0.02969 0.73446   2256       3071.6 0.0211
7  2  25.3 0.02990 0.02988 0.79326   2308       2909.5 0.0208
7  2  25.3 0.03010 0.03008 0.87333   2386       2732.1 0.0205
7  2  25.3 0.03030 0.03027 0.91621   2244       2449.2 0.0211
7  2  25.3 0.03050 0.03047 0.98827   2306       2333.4 0.0208
7  2  25.3 0.03070 0.03066 1.07352   2290       2133.2 0.0209
7  2  25.3 0.03090 0.03086 1.21000   2134       1763.6 0.0216
7  2  25.3 0.03110 0.03105 1.21000   2034       1681.0 0.0222
7  2  25.3 0.03130 0.03135 1.21000   1810       1495.9 0.0235
7  2  25.3 0.03150 0.03154 1.21000   1548       1279.3 0.0254
7  2  25.3 0.03170 0.03174 1.21000   1438       1188.4 0.0264
7  2  25.3 0.03190 0.03193 1.21000   1278       1056.2 0.0280
7  2  25.3 0.03210 0.03213 1.21000   1134        937.2 0.0297
7  2  25.3 0.03230 0.03232 1.21000    992        819.8 0.0318
7  2  25.3 0.03250 0.03252 1.21000    938        775.2 0.0327
7  2  25.3 0.03270 0.03271 1.21000    910        752.1 0.0331
7  2  25.3 0.03290 0.03291 1.21000    862        712.4 0.0341
7  2  25.3 0.03310 0.03311 1.21000    750        619.8 0.0365
7  2  25.3 0.03330 0.03330 1.21000    782        646.3 0.0358
7  2  25.4 0.03350 0.03350 1.21000    724        598.3 0.0372
7  2  25.4 0.03370 0.03369 1.21000    708        585.1 0.0376
7  2  25.4 0.03390 0.03389 1.21000    722        596.7 0.0372
7  2  25.4 0.03410 0.03408 1.21000    678        560.3 0.0384
7  2  25.4 0.03430 0.03428 1.21000    640        528.9 0.0395
7  2  25.4 0.03450 0.03447 1.21000    630        520.7 0.0398
7  2  25.4 0.03470 0.03467 1.21000    594        490.9 0.0410
7  2  25.4 0.03490 0.03486 1.21000    618        510.7 0.0402
7  2  25.4 0.03510 0.03506 1.21000    632        522.3 0.0398
7  2  25.4 0.03530 0.03525 1.21000    572        472.7 0.0418
7  2  25.4 0.03550 0.03555 1.21000    604        499.2 0.0407
7  2  25.4 0.03570 0.03574 1.21000    578        477.7 0.0416
7  2  25.4 0.03590 0.03594 1.21000    536        443.0 0.0432
7  2  25.4 0.03610 0.03613 1.21000    538        444.6 0.0431
7  2  25.4 0.03630 0.03633 1.21000    508        419.8 0.0444
7  2  25.4 0.03650 0.03652 1.21000    522        431.4 0.0438
7  2  25.4 0.03670 0.03672 1.21000    508        419.8 0.0444
7  2  25.4 0.03690 0.03691 1.21000    488        403.3 0.0453
7  2  25.4 0.03710 0.03711 1.21000    528        436.4 0.0435
7  2  25.4 0.03730 0.03730 1.21000    446        368.6 0.0474
7  2  25.4 0.03750 0.03750 1.21000    404        333.9 0.0498
7  2  25.4 0.03770 0.03770 1.21000    438        362.0 0.0478
7  2  25.4 0.03790 0.03789 1.21000    398        328.9 0.0501
7  2  25.4 0.03810 0.03809 1.21000    412        340.5 0.0493
7  2  25.4 0.03830 0.03828 1.21000    394        325.6 0.0504
7  2  25.4 0.03850 0.03848 1.21000    350        289.3 0.0535
7  2  25.4 0.03870 0.03867 1.21000    332        274.4 0.0549
7  2  25.4 0.03890 0.03887 1.21000    338        279.3 0.0544
7  2  25.4 0.03910 0.03906 1.21000    332        274.4 0.0549
7  2  25.4 0.03930 0.03926 1.21000    324        267.8 0.0556
7  2  25.4 0.03950 0.03945 1.21000    356        294.2 0.0530
7  2  25.4 0.03970 0.03975 1.21000    284        234.7 0.0593
7  2  25.4 0.03990 0.03994 1.21000    316        261.2 0.0563
7  3  25.4 0.00010 0.00010 1.21000     28         23.1 0.1890
7  3  25.4 0.00030 0.00029 1.21000     26         21.5 0.1961
7  3  25.4 0.00050 0.00049 1.21000     36         29.8 0.1667
7  3  25.4 0.00070 0.00068 1.21000     40         33.1 0.1581
7  3  25.4 0.00090 0.00088 1.21000     42         34.7 0.1543
7  3  25.4 0.00110 0.00107 1.21000     46         38.0 0.1474
7  3  25.4 0.00130 0.00127 1.21000     52         43.0 0.1387
7  3  25.4 0.00150 0.00146 1.21000     66         54.5 0.1231
7  3  25.4 0.00170 0.00166 1.21000    104         86.0 0.0981
7  3  25.4 0.00190 0.00186 1.21000    184        152.1 0.0737
7  3  25.4 0.00210 0.00215 1.21000    690        570.2 0.0381
7  3  25.4 0.00230 0.00234 1.21000   1638       1353.7 0.0247
7  3  25.4 0.00250 0.00254 1.21000   4050       3347.1 0.0157
7  3  25.4 0.00270 0.00273 1.21000  10054       8309.1 0.0100
7  3  25.4 0.00290 0.00293 1.21000  23382      19324.0 0.0065
7  3  25.4 0.00310 0.00313 1.21000  54006      44633.1 0.0043
7  3  25.4 0.00330 0.00332 0.61891  72168     116604.6 0.0037
7  3  25.4 0.00350 0.00352 0.29572  71190     240731.4 0.0037
7  3  25.4 0.00370 0.00371 0.16245  75740     466240.4 0.0036
7  3  25.4 0.00390 0.00391 0.08924  73400     822529.4 0.0037
7  3  25.4 0.00410 0.00410 0.05385  72260    1341808.1 0.0037
7  3  25.4 0.00430 0.00430 0.03658  72106    1971155.2 0.0037
7  3  25.4 0.00450 0.00449 0.02744  72078    2626967.5 0.0037
7  3  25.4 0.00470 0.00469 0.02229  72130    3235618.8 0.0037
7  3  25.4 0.00490 0.00488 0.01968  71902    3653113.8 0.0037
7  3  25.4 0.00510 0.00508 0.01968  77858    3955719.4 0.0036
7  3  25.4 0.00530 0.00527 0.01732  72336    4175905.1 0.0037
7  3  25.4 0.00550 0.00547 0.01732  74590    4306026.9 0.0037
7  3  25.4 0.00570 0.00566 0.01732  76096    4392967.2 0.0036
7  3  25.4 0.00590 0.00586 0.01732  77138    4453121.1 0.0036
7  3  25.4 0.00610 0.00605 0.01732  77842    4493762.5 0.0036
7  3  25.4 0.00630 0.00635 0.01732  78466    4529785.5 0.0036
7  3  25.4 0.00650 0.00654 0.01732  78724    4544679.7 0.0036
7  3  25.4 0.00670 0.00674 0.01732  78854    4552184.5 0.0036
7  3  25.4 0.00690 0.00693 0.01732  78888    4554147.3 0.0036
7  3  25.4 0.00710 0.00713 0.01732  78824    4550452.6 0.0036
7  3  25.4 0.00730 0.00732 0.01732  78646    4540176.8 0.0036
7  3  25.4 0.00750 0.00752 0.01732  78328    4521818.9 0.0036
7  3  25.4 0.00770 0.00771 0.01732  77830    4493069.7 0.0036
7  3  25.4 0.00790 0.00791 0.01732  77026    4446655.4 0.0036
7  3  25.4 0.00810 0.00811 0.01732  75892    4381190.4 0.0036
7  3  25.4 0.00830 0.00830 0.01732  74092    4277277.7 0.0037
7  3  25.4 0.00850 0.00850 0.01732  71444    4124410.6 0.0037
7  3  25.4 0.00870 0.00869 0.01732  67780    3912890.5 0.0038
7  3  25.4 0.00890 0.00889 0.01732  62232    3592608.4 0.0040
7  3  25.4 0.00910 0.00908 0.01732  54684    3156867.9 0.0043
7  3  25.4 0.00930 0.00928 0.01732  45678    2636958.0 0.0047
7  3  25.4 0.00950 0.00947 0.01732  36112    2084719.7 0.0053
7  3  25.4 0.00970 0.00967 0.01732  28648    1653828.4 0.0059
7  3  25.4 0.00990 0.00986 0.01732  22930    1323732.4 0.0066
7  3  25.4 0.01010 0.01006 0.01732  19880    1147658.1 0.0071
7  3  25.4 0.01030 0.01025 0.01732  17998    1039011.6 0.0075
7  3  25.4 0.01050 0.01055 0.01732  16516     953456.8 0.0078
7  3  25.4 0.01070 0.01074 0.01732  16206     935560.7 0.0079
7  3  25.4 0.01090 0.01094 0.01732  16166     933251.5 0.0079
7  3  25.4 0.01110 0.01113 0.01732  15880     916740.9 0.0079
7  3  25.4 0.01130 0.01133 0.01732  16156     932674.2 0.0079
7  3  25.4 0.01150 0.01152 0.01732  15984     922744.8 0.0079
7  3  25.4 0.01170 0.01172 0.01732  16046     926324.0 0.0079
7  3  25.4 0.01190 0.01191 0.01732  15956     921128.4 0.0079
7  3  25.4 0.01210 0.01211 0.01732  16006     924014.8 0.0079
7  3  25.4 0.01230 0.01230 0.01732  15854     915240.0 0.0079
7  3  25.4 0.01250 0.01250 0.01732  15790     911545.3 0.0080
7  3  25.4 0.01270 0.01270 0.01732  15930     919627.4 0.0079
7  3  25.4 0.01290 0.01289 0.01732  15782     911083.5 0.0080
7  3  25.4 0.01310 0.01309 0.01732  15488     894111.1 0.0080
7  3  25.4 0.01330 0.01328 0.01732  15422     890300.9 0.0081
7  3  25.4 0.01350 0.01348 0.01732  14964     863860.9 0.0082
7  3  25.4 0.01370 0.01367 0.01732  13990     807632.6 0.0085
7  3  25.4 0.01390 0.01387 0.01732  13234     763989.3 0.0087
7  3  25.4 0.01410 0.01406 0.01732  11822     682475.5 0.0092
7  3  25.4 0.01430 0.01426 0.01732  10670     615971.4 0.0097
7  3  25.4 0.01450 0.01445 0.01732   9334     538845.1 0.0104
7  3  25.4 0.01470 0.01475 0.01732   7628     440358.9 0.0114
7  3  25.4 0.01490 0.01494 0.01732   6490     374663.0 0.0124
7  3  25.4 0.01510 0.01514 0.01732   5478     316241.0 0.0135
7  3  25.4 0.01530 0.01533 0.01732   4904     283104.4 0.0143
7  3  25.4 0.01550 0.01553 0.01732   4334     250198.7 0.0152
7  3  25.4 0.01570 0.01572 0.01732   3834     221334.1 0.0162
7  3  25.4 0.01590 0.01592 0.01732   3618     208864.5 0.0166
7  3  25.4 0.01610 0.01611 0.01732   3400     196279.5 0.0171
7  3  25.4 0.01630 0.01631 0.01732   3246     187389.2 0.0176
7  3  25.4 0.01650 0.01650 0.01732   3190     184156.4 0.0177
7  3  25.4 0.01670 0.01670 0.01732   3108     179422.6 0.0179
7  3  25.4 0.01690 0.01689 0.01732   3160     182424.5 0.0178
7  3  25.4 0.01710 0.01709 0.01732   3090     178383.5 0.0180
7  3  25.4 0.01730 0.01729 0.01732   3100     178960.8 0.0180
7  3  25.4 0.01750 0.01748 0.01732   3088     178268.0 0.0180
7  3  25.4 0.01770 0.01768 0.01732   3002     173303.3 0.0183
7  3  25.4 0.01790 0.01787 0.01732   2910     167992.2 0.0185
7  3  25.4 0.01810 0.01807 0.01732   2974     171686.9 0.0183
7  3  25.4 0.01830 0.01826 0.01732   2886     166606.7 0.0186
7  3  25.4 0.01850 0.01846 0.01732   2876     166029.4 0.0186
7  3  25.4 0.01870 0.01865 0.01732   2960     170878.7 0.0184
7  3  25.4 0.01890 0.01895 0.01732   2782     160602.9 0.0190
7  3  25.4 0.01910 0.01914 0.01732   2758     159217.3 0.0190
7  3  25.4 0.01930 0.01934 0.01732   2724     157254.6 0.0192
7  3  25.4 0.01950 0.01953 0.01732   2616     151019.8 0.0196
7  3  25.4 0.01970 0.01973 0.01732   2574     148595.2 0.0197
7  3  25.4 0.01990 0.01992 0.01732   2506     144669.6 0.0200
7  3  25.5 0.02010 0.02012 0.01732   2384     137626.6 0.0205
7  3  25.5 0.02030 0.02031 0.01732   2370     136818.4 0.0205
7  3  25.5 0.02050 0.02051 0.01807   2258     124955.6 0.0210
7  3  25.5 0.02070 0.02070 0.01954   2236     114418.0 0.0211
7  3  25.5 0.02090 0.02090 0.02200   2348     106739.1 0.0206
7  3  25.5 0.02110 0.02109 0.02362   2256      95512.5 0.0211
7  3  25.5 0.02130 0.02129 0.02535   2302      90793.1 0.0208
7  3  25.5 0.02150 0.02148 0.02921   2258      77306.1 0.0210
7  3  25.5 0.02170 0.02168 0.03188   2264      71023.2 0.0210
7  3  25.5 0.02190 0.02188 0.03712   2358      63516.3 0.0206
7  3  25.5 0.02210 0.02207 0.03985   2316      58117.4 0.0208
7  3  25.5 0.02230 0.02227 0.04419   2312      52325.0 0.0208
7  3  25.5 0.02250 0.02246 0.04791   2310      48212.4 0.0208
7  3  25.5 0.02270 0.02266 0.05025   2248      44734.7 0.0211
7  3  25.5 0.02290 0.02285 0.05370   2316      43129.0 0.0208
7  3  25.5 0.02310 0.02314 0.05570   2264      40642.7 0.0210
7  3  25.5 0.02330 0.02334 0.05806   2352      40512.3 0.0206
7  3  25.5 0.02350 0.02354 0.05901   2228      37754.7 0.0212
7  3  25.5 0.02370 0.02373 0.05907   2260      38262.5 0.0210
7  3  25.5 0.02390 0.02393 0.06192   2352      37984.0 0.0206
7  3  25.5 0.02410 0.02412 0.06192   2306      37241.1 0.0208
7  3  25.5 0.02430 0.02432 0.06192   2348      37919.4 0.0206
7  3  25.5 0.02450 0.02451 0.06192   2226      35949.2 0.0212
7  3  25.5 0.02470 0.02471 0.06460   2290      35451.5 0.0209
7  3  25.5 0.02490 0.02490 0.06460   2252      34863.2 0.0211
7  3  25.5 0.02510 0.02510 0.06460   2236      34615.5 0.0211
7  3  25.5 0.02530 0.02529 0.06460   2228      34491.7 0.0212
7  3  25.5 0.02550 0.02549 0.06732   2306      34253.2 0.0208
7  3  25.5 0.02570 0.02568 0.06958   2258      32453.4 0.0210
7  3  25.5 0.02590 0.02588 0.06958   2236      32137.2 0.0211
7  3  25.5 0.02610 0.02607 0.06958   2264      32539.7 0.0210
7  3  25.5 0.02630 0.02627 0.07345   2300      31312.5 0.0209
7  3  25.5 0.02650 0.02646 0.07520   2262      30079.6 0.0210
7  3  25.5 0.02670 0.02666 0.07842   2252      28715.4 0.0211
7  3  25.5 0.02690 0.02686 0.07842   2234      28485.9 0.0212
7  3  25.5 0.02710 0.02715 0.08267   2256      27290.6 0.0211
7  3  25.5 0.02730 0.02734 0.09045   2288      25295.0 0.0209
7  3  25.5 0.02750 0.02754 0.09136   2258      24716.2 0.0210
7  3  25.5 0.02770 0.02773 0.09854   2240      22731.5 0.0211
7  3  25.5 0.02790 0.02793 0.11025   2260      20498.6 0.0210
7  3  25.5 0.02810 0.02813 0.11881   2322      19544.4 0.0208
7  3  25.5 0.02830 0.02832 0.13042   2240      17175.9 0.0211
7  3  25.5 0.02850 0.02852 0.14090   2304      16352.4 0.0208
7  3  25.5 0.02870 0.02871 0.15317   2240      14624.6 0.0211
7  3  25.5 0.02890 0.02891 0.16425   2238      13625.2 0.0211
7  3  25.5 0.02910 0.02910 0.18545   2264      12207.9 0.0210
7  3  25.5 0.02930 0.02930 0.20279   2298      11331.6 0.0209
7  3  25.5 0.02950 0.02949 0.21832   2316      10608.3 0.0208
7  3  25.5 0.02970 0.02969 0.22754   2228       9791.9 0.0212
7  3  25.5 0.02990 0.02988 0.23534   2358      10019.5 0.0206
7  3  25.5 0.03010 0.03008 0.24608   2318       9419.9 0.0208
7  3  25.5 0.03030 0.03027 0.24608   2294       9322.3 0.0209
7  3  25.5 0.03050 0.03047 0.25174   2254       8953.7 0.0211
7  3  25.5 0.03070 0.03066 0.25174   2224       8834.5 0.0212
7  3  25.5 0.03090 0.03086 0.25730   2276       8845.7 0.0210
7  3  25.5 0.03110 0.03105 0.26841   2240       8345.4 0.0211
7  3  25.5 0.03130 0.03135 0.26841   2236       8330.5 0.0211
7  3  25.5 0.03150 0.03154 0.29065   2328       8009.7 0.0207
7  3  25.5 0.03170 0.03174 0.29065   2324       7995.9 0.0207
7  3  25.5 0.03190 0.03193 0.29065   2258       7768.8 0.0210
7  3  25.5 0.03210 0.03213 0.29065   2242       7713.8 0.0211
7  3  25.5 0.03230 0.03232 0.29223   2232       7637.9 0.0212
7  3  25.5 0.03250 0.03252 0.29675   2278       7676.5 0.0210
7  3  25.5 0.03270 0.03271 0.29675   2268       7642.8 0.0210
7  3  25.5 0.03290 0.03291 0.30943   2246       7258.4 0.0211
7  3  25.5 0.03310 0.03311 0.30943   2246       7258.4 0.0211
7  3  25.5 0.03330 0.03330 0.32645   2230       6831.1 0.0212
7  3  25.5 0.03350 0.03350 0.32645   2306       7063.9 0.0208
7  3  25.5 0.03370 0.03369 0.35008   2362       6747.0 0.0206
7  3  25.5 0.03390 0.03389 0.35008   2336       6672.8 0.0207
7  3  25.5 0.03410 0.03408 0.35008   2230       6370.0 0.0212
7  3  25.5 0.03430 0.03428 0.37470   2336       6234.3 0.0207
7  3  25.5 0.03450 0.03447 0.39659   2342       5905.4 0.0207
7  3  25.5 0.03470 0.03467 0.42083   2378       5650.8 0.0205
7  3  25.5 0.03490 0.03486 0.45904   2364       5149.9 0.0206
7  3  25.5 0.03510 0.03506 0.48112   2282       4743.1 0.0209
7  3  25.5 0.03530 0.03525 0.50824   2226       4379.8 0.0212
7  3  25.5 0.03550 0.03555 0.56409   2236       3963.9 0.0211
7  3  25.5 0.03570 0.03574 0.63690   2224       3491.9 0.0212
7  3  25.5 0.03590 0.03594 0.68899   2254       3271.5 0.0211
7  3  25.5 0.03610 0.03613 0.73019   2260       3095.1 0.0210
7  3  25.5 0.03630 0.03633 0.79378   2350       2960.5 0.0206
7  3  25.5 0.03650 0.03652 0.81943   2222       2711.6 0.0212
7  3  25.5 0.03670 0.03672 0.86292   2238       2593.5 0.0211
7  3  25.5 0.03690 0.03691 0.86292   2226       2579.6 0.0212
7  3  25.5 0.03710 0.03711 0.93824   2222       2368.3 0.0212
7  3  25.5 0.03730 0.03730 0.93824   2230       2376.8 0.0212
7  3  25.5 0.03750 0.03750 0.98898   2278       2303.4 0.0210
7  3  25.5 0.03770 0.03770 1.01082   2310       2285.3 0.0208
7  3  25.5 0.03790 0.03789 1.01082   2264       2239.8 0.0210
7  3  25.5 0.03810 0.03809 1.01082   2230       2206.1 0.0212
7  3  25.5 0.03830 0.03828 1.03029   2252       2185.8 0.0211
7  3  25.5 0.03850 0.03848 1.07278   2264       2110.4 0.0210
7  3  25.5 0.03870 0.03867 1.07278   2234       2082.4 0.0212
7  3  25.5 0.03890 0.03887 1.10871   2302       2076.3 0.0208
7  3  25.5 0.03910 0.03906 1.11171   2270       2041.9 0.0210
7  3  25.5 0.03930 0.03926 1.12282   2272       2023.5 0.0210
7  3  25.5 0.03950 0.03945 1.12282   2236       1991.4 0.0211
7  3  25.5 0.03970 0.03975 1.20878   2306       1907.7 0.0208
7  3  25.5 0.03990 0.03994 1.20878   2292       1896.1 0.0209
