# Scan Time    : Fri, 18 Mar 2022 09:33:35 +0000 (GMT) +940822000 nsec
# Board Lane   : 6
# Board Loc    : BTOF - Southwest
# SiPM Biases  :  56.934  57.049  56.589  55.993
# SiPM Currents:   1.249   2.650   1.010   0.865
#
4 -1  25.6 0.00010 0.00010 1.21000      2          1.7 0.7071
4 -1  25.6 0.00030 0.00029 1.21000      0          0.0 999.9990
4 -1  25.6 0.00050 0.00049 1.21000      4          3.3 0.5000
4 -1  25.6 0.00070 0.00068 1.21000      2          1.7 0.7071
4 -1  25.6 0.00090 0.00088 1.21000      6          5.0 0.4082
4 -1  25.6 0.00110 0.00107 1.21000      6          5.0 0.4082
4 -1  25.6 0.00130 0.00127 1.21000      4          3.3 0.5000
4 -1  25.6 0.00150 0.00146 1.21000      6          5.0 0.4082
4 -1  25.6 0.00170 0.00166 1.21000      4          3.3 0.5000
4 -1  25.6 0.00190 0.00186 1.21000     10          8.3 0.3162
4 -1  25.6 0.00210 0.00215 1.21000      8          6.6 0.3536
4 -1  25.6 0.00230 0.00234 1.21000     12          9.9 0.2887
4 -1  25.6 0.00250 0.00254 1.21000     16         13.2 0.2500
4 -1  25.6 0.00270 0.00273 1.21000     12          9.9 0.2887
4 -1  25.6 0.00290 0.00293 1.21000     20         16.5 0.2236
4 -1  25.6 0.00310 0.00313 1.21000     12          9.9 0.2887
4 -1  25.6 0.00330 0.00332 1.21000     18         14.9 0.2357
4 -1  25.6 0.00350 0.00352 1.21000     24         19.8 0.2041
4 -1  25.6 0.00370 0.00371 1.21000     28         23.1 0.1890
4 -1  25.6 0.00390 0.00391 1.21000     26         21.5 0.1961
4 -1  25.6 0.00410 0.00410 1.21000     36         29.8 0.1667
4 -1  25.6 0.00430 0.00430 1.21000     36         29.8 0.1667
4 -1  25.6 0.00450 0.00449 1.21000     46         38.0 0.1474
4 -1  25.6 0.00470 0.00469 1.21000     38         31.4 0.1622
4 -1  25.6 0.00490 0.00488 1.21000     40         33.1 0.1581
4 -1  25.6 0.00510 0.00508 1.21000     54         44.6 0.1361
4 -1  25.6 0.00530 0.00527 1.21000     40         33.1 0.1581
4 -1  25.6 0.00550 0.00547 1.21000     34         28.1 0.1715
4 -1  25.6 0.00570 0.00566 1.21000     50         41.3 0.1414
4 -1  25.6 0.00590 0.00586 1.21000     58         47.9 0.1313
4 -1  25.6 0.00610 0.00605 1.21000     66         54.5 0.1231
4 -1  25.6 0.00630 0.00635 1.21000     88         72.7 0.1066
4 -1  25.6 0.00650 0.00654 1.21000    178        147.1 0.0750
4 -1  25.6 0.00670 0.00674 1.21000    334        276.0 0.0547
4 -1  25.6 0.00690 0.00693 1.21000    774        639.7 0.0359
4 -1  25.6 0.00710 0.00713 1.21000   1804       1490.9 0.0235
4 -1  25.6 0.00730 0.00732 1.21000   4642       3836.4 0.0147
4 -1  25.6 0.00750 0.00752 1.21000  11008       9097.5 0.0095
4 -1  25.6 0.00770 0.00771 1.21000  25550      21115.7 0.0063
4 -1  25.6 0.00790 0.00791 1.21000  57798      47766.9 0.0042
4 -1  25.6 0.00810 0.00811 0.69211  72190     104304.3 0.0037
4 -1  25.6 0.00830 0.00830 0.32738  72338     220957.6 0.0037
4 -1  25.6 0.00850 0.00850 0.17984  78398     435931.4 0.0036
4 -1  25.6 0.00870 0.00869 0.08725  72640     832554.7 0.0037
4 -1  25.6 0.00890 0.00889 0.04950  72574    1466206.2 0.0037
4 -1  25.6 0.00910 0.00908 0.02954  72086    2440433.4 0.0037
4 -1  25.6 0.00930 0.00928 0.01924  71904    3737080.6 0.0037
4 -1  25.6 0.00950 0.00947 0.01380  72270    5235694.3 0.0037
4 -1  25.6 0.00970 0.00967 0.01055  72296    6854825.6 0.0037
4 -1  25.6 0.00990 0.00986 0.00862  72532    8411582.4 0.0037
4 -1  25.6 0.01010 0.01006 0.00742  70460    9500942.0 0.0038
4 -1  25.6 0.01030 0.01025 0.00742  77778   10487713.1 0.0036
4 -1  25.6 0.01050 0.01055 0.00622  72336   11631260.6 0.0037
4 -1  25.6 0.01070 0.01074 0.00622  75554   12148698.6 0.0036
4 -1  25.7 0.01090 0.01094 0.00622  77612   12479614.6 0.0036
4 -1  25.7 0.01110 0.01113 0.00622  79322   12754573.9 0.0036
4 -1  25.7 0.01130 0.01133 0.00555  72184   13006408.8 0.0037
4 -1  25.7 0.01150 0.01152 0.00555  73050   13162448.2 0.0037
4 -1  25.7 0.01170 0.01172 0.00555  73650   13270558.7 0.0037
4 -1  25.7 0.01190 0.01191 0.00555  73916   13318487.7 0.0037
4 -1  25.7 0.01210 0.01211 0.00555  73846   13305874.8 0.0037
4 -1  25.7 0.01230 0.01230 0.00555  73502   13243891.4 0.0037
4 -1  25.7 0.01250 0.01250 0.00555  72912   13137582.8 0.0037
4 -1  25.7 0.01270 0.01270 0.00555  71738   12926046.7 0.0037
4 -1  25.7 0.01290 0.01289 0.00555  69832   12582615.8 0.0038
4 -1  25.7 0.01310 0.01309 0.00555  67176   12104046.9 0.0039
4 -1  25.7 0.01330 0.01328 0.00555  63888   11511601.5 0.0040
4 -1  25.7 0.01350 0.01348 0.00555  58720   10580410.1 0.0041
4 -1  25.7 0.01370 0.01367 0.00555  53026    9554441.9 0.0043
4 -1  25.7 0.01390 0.01387 0.00555  46888    8448471.9 0.0046
4 -1  25.7 0.01410 0.01406 0.00555  41534    7483766.3 0.0049
4 -1  25.7 0.01430 0.01426 0.00555  37040    6674018.9 0.0052
4 -1  25.7 0.01450 0.01445 0.00555  33608    6055627.1 0.0055
4 -1  25.7 0.01470 0.01475 0.00555  30486    5493092.4 0.0057
4 -1  25.7 0.01490 0.01494 0.00555  29566    5327323.0 0.0058
4 -1  25.7 0.01510 0.01514 0.00555  29010    5227140.6 0.0059
4 -1  25.7 0.01530 0.01533 0.00555  28804    5190022.7 0.0059
4 -1  25.7 0.01550 0.01553 0.00555  28600    5153265.2 0.0059
4 -1  25.7 0.01570 0.01572 0.00555  28394    5116147.2 0.0059
4 -1  25.7 0.01590 0.01592 0.00555  28216    5084074.5 0.0060
4 -1  25.7 0.01610 0.01611 0.00555  28102    5063533.5 0.0060
4 -1  25.7 0.01630 0.01631 0.00555  28232    5086957.4 0.0060
4 -1  25.7 0.01650 0.01650 0.00555  27980    5041551.0 0.0060
4 -1  25.7 0.01670 0.01670 0.00555  27928    5032181.4 0.0060
4 -1  25.7 0.01690 0.01689 0.00555  27606    4974162.2 0.0060
4 -1  25.7 0.01710 0.01709 0.00555  27572    4968035.9 0.0060
4 -1  25.7 0.01730 0.01729 0.00555  27436    4943530.9 0.0060
4 -1  25.7 0.01750 0.01748 0.00555  27320    4922629.5 0.0061
4 -1  25.7 0.01770 0.01768 0.00555  27268    4913259.9 0.0061
4 -1  25.7 0.01790 0.01787 0.00555  27310    4920827.7 0.0061
4 -1  25.7 0.01810 0.01807 0.00555  27108    4884430.5 0.0061
4 -1  25.7 0.01830 0.01826 0.00555  26966    4858844.3 0.0061
4 -1  25.7 0.01850 0.01846 0.00555  26396    4756139.4 0.0062
4 -1  25.7 0.01870 0.01865 0.00555  26168    4715057.4 0.0062
4 -1  25.7 0.01890 0.01895 0.00555  25300    4558657.6 0.0063
4 -1  25.7 0.01910 0.01914 0.00555  24862    4479737.0 0.0063
4 -1  25.7 0.01930 0.01934 0.00555  23730    4275768.6 0.0065
4 -1  25.7 0.01950 0.01953 0.00555  22712    4092341.2 0.0066
4 -1  25.7 0.01970 0.01973 0.00555  21426    3860624.4 0.0068
4 -1  25.7 0.01990 0.01992 0.00555  19890    3583861.7 0.0071
4 -1  25.7 0.02010 0.02012 0.00555  18278    3293404.9 0.0074
4 -1  25.7 0.02030 0.02031 0.00555  16600    2991056.0 0.0078
4 -1  25.7 0.02050 0.02051 0.00555  14860    2677535.7 0.0082
4 -1  25.7 0.02070 0.02070 0.00555  13338    2403295.5 0.0087
4 -1  25.7 0.02090 0.02090 0.00555  11688    2105991.7 0.0092
4 -1  25.7 0.02110 0.02109 0.00555  10736    1934456.5 0.0097
4 -1  25.7 0.02130 0.02129 0.00555   9562    1722920.3 0.0102
4 -1  25.7 0.02150 0.02148 0.00555   8632    1555349.1 0.0108
4 -1  25.7 0.02170 0.02168 0.00555   7900    1423454.4 0.0113
4 -1  25.7 0.02190 0.02188 0.00555   7574    1364714.3 0.0115
4 -1  25.7 0.02210 0.02207 0.00555   7034    1267414.9 0.0119
4 -1  25.7 0.02230 0.02227 0.00555   6514    1173719.2 0.0124
4 -1  25.7 0.02250 0.02246 0.00555   6508    1172638.1 0.0124
4 -1  25.7 0.02270 0.02266 0.00555   6128    1104168.1 0.0128
4 -1  25.7 0.02290 0.02285 0.00555   5896    1062365.4 0.0130
4 -1  25.7 0.02310 0.02314 0.00555   5710    1028851.2 0.0132
4 -1  25.7 0.02330 0.02334 0.00555   5636    1015517.6 0.0133
4 -1  25.7 0.02350 0.02354 0.00555   5232     942723.2 0.0138
4 -1  25.7 0.02370 0.02373 0.00555   5216     939840.2 0.0138
4 -1  25.7 0.02390 0.02393 0.00555   5050     909929.7 0.0141
4 -1  25.7 0.02410 0.02412 0.00555   4760     857676.3 0.0145
4 -1  25.7 0.02430 0.02432 0.00555   4852     874253.2 0.0144
4 -1  25.7 0.02450 0.02451 0.00555   4654     838576.8 0.0147
4 -1  25.7 0.02470 0.02471 0.00555   4506     811909.5 0.0149
4 -1  25.7 0.02490 0.02490 0.00555   4432     798575.9 0.0150
4 -1  25.7 0.02510 0.02510 0.00555   4372     787764.9 0.0151
4 -1  25.7 0.02530 0.02529 0.00555   4126     743439.6 0.0156
4 -1  25.7 0.02550 0.02549 0.00555   3908     704159.4 0.0160
4 -1  25.7 0.02570 0.02568 0.00555   3716     669564.1 0.0164
4 -1  25.7 0.02590 0.02588 0.00555   3616     651545.7 0.0166
4 -1  25.7 0.02610 0.02607 0.00555   3508     632085.8 0.0169
4 -1  25.7 0.02630 0.02627 0.00555   3276     590283.1 0.0175
4 -1  25.7 0.02650 0.02646 0.00555   3244     584517.2 0.0176
4 -1  25.7 0.02670 0.02666 0.00555   2932     528299.8 0.0185
4 -1  25.7 0.02690 0.02686 0.00555   2864     516047.3 0.0187
4 -1  25.7 0.02710 0.02715 0.00555   2538     457307.2 0.0198
4 -1  25.7 0.02730 0.02734 0.00555   2458     442892.5 0.0202
4 -1  25.7 0.02750 0.02754 0.00555   2308     415864.9 0.0208
4 -1  25.7 0.02770 0.02773 0.00590   2288     388117.5 0.0209
4 -1  25.7 0.02790 0.02793 0.00639   2294     359259.4 0.0209
4 -1  25.7 0.02810 0.02813 0.00696   2260     324626.0 0.0210
4 -1  25.7 0.02830 0.02832 0.00771   2376     308187.4 0.0205
4 -1  25.7 0.02850 0.02852 0.00817   2242     274577.9 0.0211
4 -1  25.7 0.02870 0.02871 0.00893   2282     255497.8 0.0209
4 -1  25.7 0.02890 0.02891 0.00964   2292     237849.2 0.0209
4 -1  25.7 0.02910 0.02910 0.01036   2284     220448.7 0.0209
4 -1  25.7 0.02930 0.02930 0.01124   2388     212488.7 0.0205
4 -1  25.7 0.02950 0.02949 0.01149   2230     194143.1 0.0212
4 -1  25.7 0.02970 0.02969 0.01303   2256     173132.7 0.0211
4 -1  25.7 0.02990 0.02988 0.01397   2288     163735.1 0.0209
4 -1  25.7 0.03010 0.03008 0.01515   2330     153794.5 0.0207
4 -1  25.7 0.03030 0.03027 0.01519   2258     148639.6 0.0210
4 -1  25.7 0.03050 0.03047 0.01558   2244     144006.7 0.0211
4 -1  25.7 0.03070 0.03066 0.01619   2244     138614.0 0.0211
4 -1  25.7 0.03090 0.03086 0.01619   2234     137996.3 0.0212
4 -1  25.7 0.03110 0.03105 0.01785   2294     128497.9 0.0209
4 -1  25.7 0.03130 0.03135 0.01872   2248     120063.4 0.0211
4 -1  25.7 0.03150 0.03154 0.01926   2298     119309.2 0.0209
4 -1  25.7 0.03170 0.03174 0.01994   2270     113824.5 0.0210
4 -1  25.7 0.03190 0.03193 0.02141   2254     105290.7 0.0211
4 -1  25.7 0.03210 0.03213 0.02256   2250      99719.6 0.0211
4 -1  25.7 0.03230 0.03232 0.02330   2292      98380.9 0.0209
4 -1  25.7 0.03250 0.03252 0.02408   2250      93448.6 0.0211
4 -1  25.7 0.03270 0.03271 0.02649   2312      87294.3 0.0208
4 -1  25.7 0.03290 0.03291 0.02649   2254      85104.3 0.0211
4 -1  25.7 0.03310 0.03311 0.02872   2296      79949.5 0.0209
4 -1  25.7 0.03330 0.03330 0.03073   2234      72695.8 0.0212
4 -1  25.7 0.03350 0.03350 0.03079   2230      72435.0 0.0212
4 -1  25.7 0.03370 0.03369 0.03400   2248      66118.6 0.0211
4 -1  25.7 0.03390 0.03389 0.03504   2234      63755.1 0.0212
4 -1  25.7 0.03410 0.03408 0.03754   2230      59402.1 0.0212
4 -1  25.7 0.03430 0.03428 0.03965   2312      58315.8 0.0208
4 -1  25.7 0.03450 0.03447 0.04156   2334      56155.2 0.0207
4 -1  25.7 0.03470 0.03467 0.04384   2290      52238.1 0.0209
4 -1  25.7 0.03490 0.03486 0.04384   2274      51873.1 0.0210
4 -1  25.7 0.03510 0.03506 0.04945   2312      46752.1 0.0208
4 -1  25.7 0.03530 0.03525 0.04945   2242      45336.6 0.0211
4 -1  25.7 0.03550 0.03555 0.05613   2274      40510.3 0.0210
4 -1  25.7 0.03570 0.03574 0.05939   2262      38084.1 0.0210
4 -1  25.7 0.03590 0.03594 0.06327   2288      36162.4 0.0209
4 -1  25.7 0.03610 0.03613 0.06647   2222      33428.9 0.0212
4 -1  25.7 0.03630 0.03633 0.07077   2314      32695.8 0.0208
4 -1  25.7 0.03650 0.03652 0.07425   2292      30869.2 0.0209
4 -1  25.7 0.03670 0.03672 0.07986   2246      28125.9 0.0211
4 -1  25.7 0.03690 0.03691 0.08434   2272      26940.1 0.0210
4 -1  25.7 0.03710 0.03711 0.08762   2250      25677.6 0.0211
4 -1  25.7 0.03730 0.03730 0.09774   2364      24186.3 0.0206
4 -1  25.7 0.03750 0.03750 0.09972   2290      22965.2 0.0209
4 -1  25.7 0.03770 0.03770 0.10704   2356      22010.9 0.0206
4 -1  25.7 0.03790 0.03789 0.11073   2242      20248.3 0.0211
4 -1  25.7 0.03810 0.03809 0.12025   2252      18727.6 0.0211
4 -1  25.7 0.03830 0.03828 0.12313   2222      18045.7 0.0212
4 -1  25.7 0.03850 0.03848 0.12470   2222      17818.3 0.0212
4 -1  25.7 0.03870 0.03867 0.13643   2260      16565.4 0.0210
4 -1  25.7 0.03890 0.03887 0.14126   2236      15828.9 0.0211
4 -1  25.7 0.03910 0.03906 0.15004   2334      15555.9 0.0207
4 -1  25.7 0.03930 0.03926 0.15502   2222      14333.2 0.0212
4 -1  25.7 0.03950 0.03945 0.16722   2272      13587.2 0.0210
4 -1  25.7 0.03970 0.03975 0.17693   2272      12841.2 0.0210
4 -1  25.7 0.03990 0.03994 0.18829   2244      11918.1 0.0211
4  0  25.7 0.00010 0.00010 1.21000    238        196.7 0.0648
4  0  25.7 0.00030 0.00029 1.21000     14         11.6 0.2673
4  0  25.7 0.00050 0.00049 1.21000     18         14.9 0.2357
4  0  25.7 0.00070 0.00068 1.21000     14         11.6 0.2673
4  0  25.7 0.00090 0.00088 1.21000     18         14.9 0.2357
4  0  25.8 0.00110 0.00107 1.21000     16         13.2 0.2500
4  0  25.8 0.00130 0.00127 1.21000     20         16.5 0.2236
4  0  25.8 0.00150 0.00146 1.21000     16         13.2 0.2500
4  0  25.8 0.00170 0.00166 1.21000     28         23.1 0.1890
4  0  25.8 0.00190 0.00186 1.21000     22         18.2 0.2132
4  0  25.8 0.00210 0.00215 1.21000     20         16.5 0.2236
4  0  25.8 0.00230 0.00234 1.21000     22         18.2 0.2132
4  0  25.8 0.00250 0.00254 1.21000     22         18.2 0.2132
4  0  25.8 0.00270 0.00273 1.21000     32         26.4 0.1768
4  0  25.8 0.00290 0.00293 1.21000     24         19.8 0.2041
4  0  25.8 0.00310 0.00313 1.21000     26         21.5 0.1961
4  0  25.8 0.00330 0.00332 1.21000     30         24.8 0.1826
4  0  25.8 0.00350 0.00352 1.21000     32         26.4 0.1768
4  0  25.8 0.00370 0.00371 1.21000     36         29.8 0.1667
4  0  25.8 0.00390 0.00391 1.21000     36         29.8 0.1667
4  0  25.8 0.00410 0.00410 1.21000     36         29.8 0.1667
4  0  25.8 0.00430 0.00430 1.21000     28         23.1 0.1890
4  0  25.8 0.00450 0.00449 1.21000     48         39.7 0.1443
4  0  25.8 0.00470 0.00469 1.21000     52         43.0 0.1387
4  0  25.8 0.00490 0.00488 1.21000     36         29.8 0.1667
4  0  25.8 0.00510 0.00508 1.21000     50         41.3 0.1414
4  0  25.8 0.00530 0.00527 1.21000     58         47.9 0.1313
4  0  25.8 0.00550 0.00547 1.21000     58         47.9 0.1313
4  0  25.8 0.00570 0.00566 1.21000     64         52.9 0.1250
4  0  25.8 0.00590 0.00586 1.21000     60         49.6 0.1291
4  0  25.8 0.00610 0.00605 1.21000     76         62.8 0.1147
4  0  25.8 0.00630 0.00635 1.21000    108         89.3 0.0962
4  0  25.8 0.00650 0.00654 1.21000    170        140.5 0.0767
4  0  25.8 0.00670 0.00674 1.21000    348        287.6 0.0536
4  0  25.8 0.00690 0.00693 1.21000    834        689.3 0.0346
4  0  25.8 0.00710 0.00713 1.21000   2142       1770.2 0.0216
4  0  25.8 0.00730 0.00732 1.21000   5096       4211.6 0.0140
4  0  25.8 0.00750 0.00752 1.21000  12458      10295.9 0.0090
4  0  25.8 0.00770 0.00771 1.21000  29176      24112.4 0.0059
4  0  25.8 0.00790 0.00791 1.21000  63270      52289.3 0.0040
4  0  25.8 0.00810 0.00811 0.53873  72258     134127.6 0.0037
4  0  25.8 0.00830 0.00830 0.26362  71872     272634.8 0.0037
4  0  25.8 0.00850 0.00850 0.14481  74652     515506.1 0.0037
4  0  25.8 0.00870 0.00869 0.08086  72068     891285.7 0.0037
4  0  25.8 0.00890 0.00889 0.05089  71800    1410789.0 0.0037
4  0  25.8 0.00910 0.00908 0.03514  71538    2035836.7 0.0037
4  0  25.8 0.00930 0.00928 0.02686  72218    2688414.6 0.0037
4  0  25.8 0.00950 0.00947 0.02229  71996    3230474.5 0.0037
4  0  25.8 0.00970 0.00967 0.01979  72378    3657445.9 0.0037
4  0  25.8 0.00990 0.00986 0.01979  78430    3963268.9 0.0036
4  0  25.8 0.01010 0.01006 0.01728  71480    4136218.8 0.0037
4  0  25.8 0.01030 0.01025 0.01728  73822    4271739.5 0.0037
4  0  25.8 0.01050 0.01055 0.01728  75998    4397654.7 0.0036
4  0  25.8 0.01070 0.01074 0.01728  76862    4447650.4 0.0036
4  0  25.8 0.01090 0.01094 0.01728  77420    4479939.3 0.0036
4  0  25.8 0.01110 0.01113 0.01728  77800    4501928.1 0.0036
4  0  25.8 0.01130 0.01133 0.01728  78080    4518130.4 0.0036
4  0  25.8 0.01150 0.01152 0.01728  78214    4525884.4 0.0036
4  0  25.8 0.01170 0.01172 0.01728  78262    4528661.9 0.0036
4  0  25.8 0.01190 0.01191 0.01728  78202    4525190.0 0.0036
4  0  25.8 0.01210 0.01211 0.01728  78048    4516278.7 0.0036
4  0  25.8 0.01230 0.01230 0.01728  77754    4499266.3 0.0036
4  0  25.8 0.01250 0.01250 0.01728  77312    4473689.8 0.0036
4  0  25.8 0.01270 0.01270 0.01728  76634    4434457.0 0.0036
4  0  25.8 0.01290 0.01289 0.01728  75580    4373466.9 0.0036
4  0  25.8 0.01310 0.01309 0.01728  74048    4284817.1 0.0037
4  0  25.8 0.01330 0.01328 0.01728  71744    4151495.2 0.0037
4  0  25.8 0.01350 0.01348 0.01728  68176    3945031.5 0.0038
4  0  25.8 0.01370 0.01367 0.01728  63248    3659870.8 0.0040
4  0  25.8 0.01390 0.01387 0.01728  56676    3279579.4 0.0042
4  0  25.8 0.01410 0.01406 0.01728  49566    2868156.4 0.0045
4  0  25.8 0.01430 0.01426 0.01728  41228    2385674.7 0.0049
4  0  25.8 0.01450 0.01445 0.01728  33706    1950411.2 0.0054
4  0  25.8 0.01470 0.01475 0.01728  26224    1517462.2 0.0062
4  0  25.8 0.01490 0.01494 0.01728  23492    1359374.0 0.0065
4  0  25.8 0.01510 0.01514 0.01728  21996    1272807.3 0.0067
4  0  25.8 0.01530 0.01533 0.01728  21122    1222233.0 0.0069
4  0  25.8 0.01550 0.01553 0.01728  20674    1196309.3 0.0070
4  0  25.8 0.01570 0.01572 0.01728  20270    1172931.7 0.0070
4  0  25.8 0.01590 0.01592 0.01728  20370    1178718.2 0.0070
4  0  25.8 0.01610 0.01611 0.01728  20474    1184736.2 0.0070
4  0  25.8 0.01630 0.01631 0.01728  20404    1180685.6 0.0070
4  0  25.8 0.01650 0.01650 0.01728  20356    1177908.1 0.0070
4  0  25.8 0.01670 0.01670 0.01728  20116    1164020.4 0.0071
4  0  25.8 0.01690 0.01689 0.01728  20298    1174551.9 0.0070
4  0  25.8 0.01710 0.01709 0.01728  20202    1168996.8 0.0070
4  0  25.8 0.01730 0.01729 0.01728  20264    1172584.5 0.0070
4  0  25.8 0.01750 0.01748 0.01728  20486    1185430.6 0.0070
4  0  25.8 0.01770 0.01768 0.01728  20360    1178139.5 0.0070
4  0  25.8 0.01790 0.01787 0.01728  20122    1164367.6 0.0070
4  0  25.8 0.01810 0.01807 0.01728  20006    1157655.2 0.0071
4  0  25.8 0.01830 0.01826 0.01728  20176    1167492.3 0.0070
4  0  25.8 0.01850 0.01846 0.01728  20274    1173163.1 0.0070
4  0  25.8 0.01870 0.01865 0.01728  19892    1151058.5 0.0071
4  0  25.8 0.01890 0.01895 0.01728  19612    1134856.2 0.0071
4  0  25.8 0.01910 0.01914 0.01728  18940    1095970.7 0.0073
4  0  25.8 0.01930 0.01934 0.01728  18184    1052224.4 0.0074
4  0  25.8 0.01950 0.01953 0.01728  17530    1014380.5 0.0076
4  0  25.8 0.01970 0.01973 0.01728  15998     925730.7 0.0079
4  0  25.8 0.01990 0.01992 0.01728  14510     839627.0 0.0083
4  0  25.8 0.02010 0.02012 0.01728  13036     754333.4 0.0088
4  0  25.8 0.02030 0.02031 0.01728  11442     662095.9 0.0093
4  0  25.8 0.02050 0.02051 0.01728   9732     563146.1 0.0101
4  0  25.8 0.02070 0.02070 0.01728   8100     468709.7 0.0111
4  0  25.8 0.02090 0.02090 0.01728   6618     382953.2 0.0123
4  0  25.8 0.02110 0.02109 0.01728   5612     324740.6 0.0133
4  0  25.8 0.02130 0.02129 0.01728   4756     275207.8 0.0145
4  0  25.8 0.02150 0.02148 0.01728   4004     231693.1 0.0158
4  0  25.8 0.02170 0.02168 0.01728   3564     206232.3 0.0168
4  0  25.8 0.02190 0.02188 0.01728   3222     186442.3 0.0176
4  0  25.8 0.02210 0.02207 0.01728   3012     174290.6 0.0182
4  0  25.8 0.02230 0.02227 0.01728   2734     158204.0 0.0191
4  0  25.8 0.02250 0.02246 0.01728   2540     146978.1 0.0198
4  0  25.8 0.02270 0.02266 0.01728   2530     146399.5 0.0199
4  0  25.8 0.02290 0.02285 0.01728   2482     143621.9 0.0201
4  0  25.8 0.02310 0.02314 0.01728   2326     134594.9 0.0207
4  0  25.8 0.02330 0.02334 0.01728   2254     130428.6 0.0211
4  0  25.8 0.02350 0.02354 0.01728   2254     130428.6 0.0211
4  0  25.8 0.02370 0.02373 0.01728   2272     131470.2 0.0210
4  0  25.8 0.02390 0.02393 0.01827   2286     125091.3 0.0209
4  0  25.8 0.02410 0.02412 0.01891   2292     121175.3 0.0209
4  0  25.8 0.02430 0.02432 0.01891   2264     119695.0 0.0210
4  0  25.8 0.02450 0.02451 0.01895   2272     119901.7 0.0210
4  0  25.8 0.02470 0.02471 0.01940   2258     116382.7 0.0210
4  0  25.8 0.02490 0.02490 0.01990   2240     112545.2 0.0211
4  0  25.8 0.02510 0.02510 0.02027   2266     111802.0 0.0210
4  0  25.8 0.02530 0.02529 0.02027   2228     109927.1 0.0212
4  0  25.8 0.02550 0.02549 0.02137   2224     104065.1 0.0212
4  0  25.8 0.02570 0.02568 0.02290   2340     102200.0 0.0207
4  0  25.8 0.02590 0.02588 0.02290   2248      98181.9 0.0211
4  0  25.8 0.02610 0.02607 0.02368   2266      95697.9 0.0210
4  0  25.8 0.02630 0.02627 0.02368   2252      95106.7 0.0211
4  0  25.8 0.02650 0.02646 0.02625   2246      85547.2 0.0211
4  0  25.8 0.02670 0.02666 0.02625   2248      85623.4 0.0211
4  0  25.8 0.02690 0.02686 0.02958   2306      77956.6 0.0208
4  0  25.8 0.02710 0.02715 0.03175   2250      70860.2 0.0211
4  0  25.8 0.02730 0.02734 0.03457   2250      65076.1 0.0211
4  0  25.8 0.02750 0.02754 0.03803   2310      60737.7 0.0208
4  0  25.8 0.02770 0.02773 0.04247   2284      53783.8 0.0209
4  0  25.8 0.02790 0.02793 0.04713   2280      48373.8 0.0209
4  0  25.8 0.02810 0.02813 0.05263   2242      42601.1 0.0211
4  0  25.8 0.02830 0.02832 0.06046   2304      38104.8 0.0208
4  0  25.8 0.02850 0.02852 0.06969   2236      32087.2 0.0211
4  0  25.9 0.02870 0.02871 0.07984   2268      28408.1 0.0210
4  0  25.9 0.02890 0.02891 0.09005   2320      25763.7 0.0208
4  0  25.9 0.02910 0.02910 0.10607   2360      22249.3 0.0206
4  0  25.9 0.02930 0.02930 0.11726   2240      19103.1 0.0211
4  0  25.9 0.02950 0.02949 0.13771   2328      16905.1 0.0207
4  0  25.9 0.02970 0.02969 0.14655   2300      15694.5 0.0209
4  0  25.9 0.02990 0.02988 0.16299   2288      14037.9 0.0209
4  0  25.9 0.03010 0.03008 0.17264   2244      12998.2 0.0211
4  0  25.9 0.03030 0.03027 0.18114   2234      12333.0 0.0212
4  0  25.9 0.03050 0.03047 0.19444   2276      11705.4 0.0210
4  0  25.9 0.03070 0.03066 0.20722   2240      10809.9 0.0211
4  0  25.9 0.03090 0.03086 0.20722   2340      11292.5 0.0207
4  0  25.9 0.03110 0.03105 0.21949   2280      10387.8 0.0209
4  0  25.9 0.03130 0.03135 0.22981   2344      10199.6 0.0207
4  0  25.9 0.03150 0.03154 0.22981   2258       9825.4 0.0210
4  0  25.9 0.03170 0.03174 0.24571   2232       9083.7 0.0212
4  0  25.9 0.03190 0.03193 0.24571   2226       9059.3 0.0212
4  0  25.9 0.03210 0.03213 0.26560   2276       8569.1 0.0210
4  0  25.9 0.03230 0.03232 0.28050   2316       8256.7 0.0208
4  0  25.9 0.03250 0.03252 0.28050   2278       8121.2 0.0210
4  0  25.9 0.03270 0.03271 0.28050   2264       8071.3 0.0210
4  0  25.9 0.03290 0.03291 0.30433   2306       7577.2 0.0208
4  0  25.9 0.03310 0.03311 0.30433   2244       7373.5 0.0211
4  0  25.9 0.03330 0.03330 0.32415   2234       6891.8 0.0212
4  0  25.9 0.03350 0.03350 0.33346   2276       6825.5 0.0210
4  0  25.9 0.03370 0.03369 0.35225   2306       6546.4 0.0208
4  0  25.9 0.03390 0.03389 0.36467   2264       6208.4 0.0210
4  0  25.9 0.03410 0.03408 0.39177   2310       5896.3 0.0208
4  0  25.9 0.03430 0.03428 0.41140   2378       5780.3 0.0205
4  0  25.9 0.03450 0.03447 0.42199   2252       5336.6 0.0211
4  0  25.9 0.03470 0.03467 0.46888   2296       4896.8 0.0209
4  0  25.9 0.03490 0.03486 0.49431   2380       4814.8 0.0205
4  0  25.9 0.03510 0.03506 0.51859   2330       4493.0 0.0207
4  0  25.9 0.03530 0.03525 0.55761   2338       4192.9 0.0207
4  0  25.9 0.03550 0.03555 0.61172   2290       3743.5 0.0209
4  0  25.9 0.03570 0.03574 0.68649   2288       3332.9 0.0209
4  0  25.9 0.03590 0.03594 0.73975   2264       3060.5 0.0210
4  0  25.9 0.03610 0.03613 0.81508   2298       2819.4 0.0209
4  0  25.9 0.03630 0.03633 0.90114   2300       2552.3 0.0209
4  0  25.9 0.03650 0.03652 1.00125   2262       2259.2 0.0210
4  0  25.9 0.03670 0.03672 1.09390   2286       2089.8 0.0209
4  0  25.9 0.03690 0.03691 1.20895   2248       1859.5 0.0211
4  0  25.9 0.03710 0.03711 1.21000   1964       1623.1 0.0226
4  0  25.9 0.03730 0.03730 1.21000   1742       1439.7 0.0240
4  0  25.9 0.03750 0.03750 1.21000   1698       1403.3 0.0243
4  0  25.9 0.03770 0.03770 1.21000   1534       1267.8 0.0255
4  0  25.9 0.03790 0.03789 1.21000   1418       1171.9 0.0266
4  0  25.9 0.03810 0.03809 1.21000   1410       1165.3 0.0266
4  0  25.9 0.03830 0.03828 1.21000   1330       1099.2 0.0274
4  0  25.9 0.03850 0.03848 1.21000   1230       1016.5 0.0285
4  0  25.9 0.03870 0.03867 1.21000   1118        924.0 0.0299
4  0  25.9 0.03890 0.03887 1.21000   1142        943.8 0.0296
4  0  25.9 0.03910 0.03906 1.21000   1136        938.8 0.0297
4  0  25.9 0.03930 0.03926 1.21000   1044        862.8 0.0309
4  0  25.9 0.03950 0.03945 1.21000   1028        849.6 0.0312
4  0  25.9 0.03970 0.03975 1.21000    990        818.2 0.0318
4  0  25.9 0.03990 0.03994 1.21000   1000        826.4 0.0316
4  1  25.9 0.00010 0.00010 1.21000     10          8.3 0.3162
4  1  25.9 0.00030 0.00029 1.21000     10          8.3 0.3162
4  1  25.9 0.00050 0.00049 1.21000     16         13.2 0.2500
4  1  25.9 0.00070 0.00068 1.21000     12          9.9 0.2887
4  1  25.9 0.00090 0.00088 1.21000     16         13.2 0.2500
4  1  25.9 0.00110 0.00107 1.21000     16         13.2 0.2500
4  1  25.9 0.00130 0.00127 1.21000     18         14.9 0.2357
4  1  25.9 0.00150 0.00146 1.21000     18         14.9 0.2357
4  1  25.9 0.00170 0.00166 1.21000     30         24.8 0.1826
4  1  25.9 0.00190 0.00186 1.21000     24         19.8 0.2041
4  1  25.9 0.00210 0.00215 1.21000     24         19.8 0.2041
4  1  25.9 0.00230 0.00234 1.21000     22         18.2 0.2132
4  1  25.9 0.00250 0.00254 1.21000     22         18.2 0.2132
4  1  25.9 0.00270 0.00273 1.21000     26         21.5 0.1961
4  1  25.9 0.00290 0.00293 1.21000     22         18.2 0.2132
4  1  25.9 0.00310 0.00313 1.21000     30         24.8 0.1826
4  1  25.9 0.00330 0.00332 1.21000     34         28.1 0.1715
4  1  25.9 0.00350 0.00352 1.21000     24         19.8 0.2041
4  1  25.9 0.00370 0.00371 1.21000     38         31.4 0.1622
4  1  25.9 0.00390 0.00391 1.21000     28         23.1 0.1890
4  1  25.9 0.00410 0.00410 1.21000     34         28.1 0.1715
4  1  25.9 0.00430 0.00430 1.21000     36         29.8 0.1667
4  1  25.9 0.00450 0.00449 1.21000     48         39.7 0.1443
4  1  25.9 0.00470 0.00469 1.21000     50         41.3 0.1414
4  1  25.9 0.00490 0.00488 1.21000     38         31.4 0.1622
4  1  25.9 0.00510 0.00508 1.21000     52         43.0 0.1387
4  1  25.9 0.00530 0.00527 1.21000     52         43.0 0.1387
4  1  25.9 0.00550 0.00547 1.21000     58         47.9 0.1313
4  1  25.9 0.00570 0.00566 1.21000     66         54.5 0.1231
4  1  25.9 0.00590 0.00586 1.21000     76         62.8 0.1147
4  1  25.9 0.00610 0.00605 1.21000     72         59.5 0.1179
4  1  25.9 0.00630 0.00635 1.21000    108         89.3 0.0962
4  1  25.9 0.00650 0.00654 1.21000    166        137.2 0.0776
4  1  25.9 0.00670 0.00674 1.21000    366        302.5 0.0523
4  1  25.9 0.00690 0.00693 1.21000    802        662.8 0.0353
4  1  25.9 0.00710 0.00713 1.21000   1926       1591.7 0.0228
4  1  25.9 0.00730 0.00732 1.21000   4656       3847.9 0.0147
4  1  25.9 0.00750 0.00752 1.21000  11316       9352.1 0.0094
4  1  25.9 0.00770 0.00771 1.21000  25240      20859.5 0.0063
4  1  25.9 0.00790 0.00791 1.21000  56052      46324.0 0.0042
4  1  25.9 0.00810 0.00811 0.60827  71670     117826.1 0.0037
4  1  25.9 0.00830 0.00830 0.29584  72166     243934.1 0.0037
4  1  25.9 0.00850 0.00850 0.16251  74962     461266.5 0.0037
4  1  25.9 0.00870 0.00869 0.08927  71946     805913.1 0.0037
4  1  25.9 0.00890 0.00889 0.05513  71796    1302231.6 0.0037
4  1  25.9 0.00910 0.00908 0.03736  72008    1927443.0 0.0037
4  1  25.9 0.00930 0.00928 0.02816  71890    2553044.4 0.0037
4  1  25.9 0.00950 0.00947 0.02325  71698    3083125.9 0.0037
4  1  25.9 0.00970 0.00967 0.02032  71996    3543389.7 0.0037
4  1  25.9 0.00990 0.00986 0.02032  78622    3869498.1 0.0036
4  1  25.9 0.01010 0.01006 0.01758  71784    4082330.5 0.0037
4  1  25.9 0.01030 0.01025 0.01758  74406    4231442.7 0.0037
4  1  25.9 0.01050 0.01055 0.01758  76802    4367702.3 0.0036
4  1  25.9 0.01070 0.01074 0.01758  77758    4422069.7 0.0036
4  1  25.9 0.01090 0.01094 0.01758  78368    4456760.2 0.0036
4  1  25.9 0.01110 0.01113 0.01758  78842    4483716.4 0.0036
4  1  25.9 0.01130 0.01133 0.01758  79196    4503848.3 0.0036
4  1  25.9 0.01150 0.01152 0.01758  79370    4513743.6 0.0035
4  1  25.9 0.01170 0.01172 0.01758  79480    4519999.2 0.0035
4  1  25.9 0.01190 0.01191 0.01758  79466    4519203.1 0.0035
4  1  25.9 0.01210 0.01211 0.01758  79396    4515222.2 0.0035
4  1  25.9 0.01230 0.01230 0.01758  79144    4500891.0 0.0036
4  1  25.9 0.01250 0.01250 0.01758  78788    4480645.5 0.0036
4  1  25.9 0.01270 0.01270 0.01758  78198    4447092.4 0.0036
4  1  25.9 0.01290 0.01289 0.01758  77292    4395568.5 0.0036
4  1  25.9 0.01310 0.01309 0.01758  75940    4318680.7 0.0036
4  1  25.9 0.01330 0.01328 0.01758  74036    4210400.9 0.0037
4  1  25.9 0.01350 0.01348 0.01758  71266    4052872.0 0.0037
4  1  25.9 0.01370 0.01367 0.01758  67330    3829033.1 0.0039
4  1  25.9 0.01390 0.01387 0.01758  62314    3543774.9 0.0040
4  1  25.9 0.01410 0.01406 0.01758  56870    3234176.6 0.0042
4  1  25.9 0.01430 0.01426 0.01758  50516    2872826.9 0.0044
4  1  25.9 0.01450 0.01445 0.01758  45160    2568233.1 0.0047
4  1  25.9 0.01470 0.01475 0.01758  39754    2260795.8 0.0050
4  1  25.9 0.01490 0.01494 0.01758  37746    2146601.6 0.0051
4  1  25.9 0.01510 0.01514 0.01758  36316    2065278.0 0.0052
4  1  25.9 0.01530 0.01533 0.01758  35604    2024786.8 0.0053
4  1  25.9 0.01550 0.01553 0.01758  35488    2018189.9 0.0053
4  1  25.9 0.01570 0.01572 0.01758  34980    1989300.1 0.0053
4  1  25.9 0.01590 0.01592 0.01758  34694    1973035.4 0.0054
4  1  25.9 0.01610 0.01611 0.01758  34704    1973604.1 0.0054
4  1  25.9 0.01630 0.01631 0.01758  34338    1952789.8 0.0054
4  1  25.9 0.01650 0.01650 0.01758  34488    1961320.3 0.0054
4  1  25.9 0.01670 0.01670 0.01758  34408    1956770.7 0.0054
4  1  25.9 0.01690 0.01689 0.01758  34494    1961661.5 0.0054
4  1  25.9 0.01710 0.01709 0.01758  34396    1956088.2 0.0054
4  1  25.9 0.01730 0.01729 0.01758  33720    1917644.4 0.0054
4  1  25.9 0.01750 0.01748 0.01758  33940    1930155.7 0.0054
4  1  25.9 0.01770 0.01768 0.01758  33780    1921056.5 0.0054
4  1  25.9 0.01790 0.01787 0.01758  34034    1935501.4 0.0054
4  1  25.9 0.01810 0.01807 0.01758  33958    1931179.3 0.0054
4  1  25.9 0.01830 0.01826 0.01758  33572    1909227.7 0.0055
4  1  25.9 0.01850 0.01846 0.01758  33594    1910478.8 0.0055
4  1  25.9 0.01870 0.01865 0.01758  33422    1900697.2 0.0055
4  1  25.9 0.01890 0.01895 0.01758  33338    1895920.2 0.0055
4  1  25.9 0.01910 0.01914 0.01758  32764    1863277.0 0.0055
4  1  25.9 0.01930 0.01934 0.01758  32474    1846784.8 0.0055
4  1  25.9 0.01950 0.01953 0.01758  31244    1776835.1 0.0057
4  1  25.9 0.01970 0.01973 0.01758  29938    1702563.4 0.0058
4  1  25.9 0.01990 0.01992 0.01758  28414    1615894.0 0.0059
4  1  25.9 0.02010 0.02012 0.01758  26132    1486117.5 0.0062
4  1  25.9 0.02030 0.02031 0.01758  24010    1365440.1 0.0065
4  1  25.9 0.02050 0.02051 0.01758  21522    1223948.5 0.0068
4  1  25.9 0.02070 0.02070 0.01758  18696    1063234.8 0.0073
4  1  25.9 0.02090 0.02090 0.01758  16224     922653.1 0.0079
4  1  25.9 0.02110 0.02109 0.01758  13898     790374.3 0.0085
4  1  25.9 0.02130 0.02129 0.01758  11768     669242.0 0.0092
4  1  25.9 0.02150 0.02148 0.01758  10154     577454.4 0.0099
4  1  25.9 0.02170 0.02168 0.01758   8664     492718.6 0.0107
4  1  25.9 0.02190 0.02188 0.01758   7720     439033.6 0.0114
4  1  25.9 0.02210 0.02207 0.01758   7180     408324.0 0.0118
4  1  25.9 0.02230 0.02227 0.01758   6444     366468.0 0.0125
4  1  25.9 0.02250 0.02246 0.01758   6276     356913.9 0.0126
4  1  25.9 0.02270 0.02266 0.01758   5826     331322.5 0.0131
4  1  25.9 0.02290 0.02285 0.01758   5710     324725.7 0.0132
4  1  25.9 0.02310 0.02314 0.01758   5330     303115.2 0.0137
4  1  25.9 0.02330 0.02334 0.01758   5376     305731.2 0.0136
4  1  25.9 0.02350 0.02354 0.01758   5290     300840.4 0.0137
4  1  25.9 0.02370 0.02373 0.01758   5110     290603.9 0.0140
4  1  25.9 0.02390 0.02393 0.01758   4928     280253.6 0.0142
4  1  25.9 0.02410 0.02412 0.01758   4900     278661.3 0.0143
4  1  25.9 0.02430 0.02432 0.01758   4746     269903.3 0.0145
4  1  25.9 0.02450 0.02451 0.01758   4778     271723.2 0.0145
4  1  25.9 0.02470 0.02471 0.01758   4610     262169.1 0.0147
4  1  25.9 0.02490 0.02490 0.01758   4606     261941.6 0.0147
4  1  25.9 0.02510 0.02510 0.01758   4660     265012.5 0.0146
4  1  25.9 0.02530 0.02529 0.01758   4462     253752.3 0.0150
4  1  25.9 0.02550 0.02549 0.01758   4234     240786.1 0.0154
4  1  25.9 0.02570 0.02568 0.01758   4040     229753.4 0.0157
4  1  25.9 0.02590 0.02588 0.01758   4064     231118.2 0.0157
4  1  25.9 0.02610 0.02607 0.01758   3852     219061.9 0.0161
4  1  25.9 0.02630 0.02627 0.01758   3752     213374.9 0.0163
4  1  25.9 0.02650 0.02646 0.01758   3620     205868.1 0.0166
4  1  25.9 0.02670 0.02666 0.01758   3464     196996.4 0.0170
4  1  25.9 0.02690 0.02686 0.01758   3328     189262.2 0.0173
4  1  25.9 0.02710 0.02715 0.01758   3146     178911.9 0.0178
4  1  25.9 0.02730 0.02734 0.01758   2892     164467.0 0.0186
4  1  25.9 0.02750 0.02754 0.01758   2780     158097.6 0.0190
4  1  25.9 0.02770 0.02773 0.01758   2596     147633.6 0.0196
4  1  25.9 0.02790 0.02793 0.01758   2394     136145.9 0.0204
4  1  25.9 0.02810 0.02813 0.01804   2276     126173.2 0.0210
4  1  25.9 0.02830 0.02832 0.02070   2328     112444.7 0.0207
4  1  25.9 0.02850 0.02852 0.02249   2226      98975.9 0.0212
4  1  25.9 0.02870 0.02871 0.02616   2362      90304.7 0.0206
4  1  25.9 0.02890 0.02891 0.02918   2284      78283.8 0.0209
4  1  25.9 0.02910 0.02910 0.03294   2296      69699.4 0.0209
4  1  25.9 0.02930 0.02930 0.03671   2246      61185.4 0.0211
4  1  25.9 0.02950 0.02949 0.04245   2240      52762.5 0.0211
4  1  25.9 0.02970 0.02969 0.04848   2260      46621.3 0.0210
4  1  25.9 0.02990 0.02988 0.05265   2246      42662.6 0.0211
4  1  25.9 0.03010 0.03008 0.05926   2312      39014.7 0.0208
4  1  25.9 0.03030 0.03027 0.06170   2244      36367.5 0.0211
4  1  25.9 0.03050 0.03047 0.06473   2296      35468.6 0.0209
4  1  25.9 0.03070 0.03066 0.07023   2372      33773.3 0.0205
4  1  25.9 0.03090 0.03086 0.07304   2240      30666.6 0.0211
4  1  25.9 0.03110 0.03105 0.08098   2396      29588.1 0.0204
4  1  25.9 0.03130 0.03135 0.08098   2300      28402.6 0.0209
4  1  25.9 0.03150 0.03154 0.08261   2236      27065.5 0.0211
4  1  25.9 0.03170 0.03174 0.08306   2222      26750.8 0.0212
4  1  25.9 0.03190 0.03193 0.09168   2270      24758.8 0.0210
4  1  25.9 0.03210 0.03213 0.09235   2228      24125.7 0.0212
4  1  25.9 0.03230 0.03232 0.10041   2224      22149.8 0.0212
4  1  25.9 0.03250 0.03252 0.10041   2268      22588.0 0.0210
4  1  25.9 0.03270 0.03271 0.10534   2306      21891.5 0.0208
4  1  25.9 0.03290 0.03291 0.10894   2316      21260.2 0.0208
4  1  25.9 0.03310 0.03311 0.11248   2238      19897.0 0.0211
4  1  25.9 0.03330 0.03330 0.11412   2246      19680.5 0.0211
4  1  25.9 0.03350 0.03350 0.12316   2336      18966.7 0.0207
4  1  25.9 0.03370 0.03369 0.12406   2286      18427.1 0.0209
4  1  25.9 0.03390 0.03389 0.13103   2324      17736.6 0.0207
4  1  25.9 0.03410 0.03408 0.13542   2262      16704.1 0.0210
4  1  25.9 0.03430 0.03428 0.13956   2224      15935.6 0.0212
4  1  25.9 0.03450 0.03447 0.14977   2264      15116.7 0.0210
4  1  25.9 0.03470 0.03467 0.14977   2350      15690.9 0.0206
4  1  25.9 0.03490 0.03486 0.16347   2252      13776.5 0.0211
4  1  25.9 0.03510 0.03506 0.17612   2300      13059.1 0.0209
4  1  25.9 0.03530 0.03525 0.18098   2302      12719.8 0.0208
4  1  25.9 0.03550 0.03555 0.20002   2312      11558.6 0.0208
4  1  25.9 0.03570 0.03574 0.21819   2320      10633.0 0.0208
4  1  25.9 0.03590 0.03594 0.22587   2308      10218.1 0.0208
4  1  25.9 0.03610 0.03613 0.24055   2334       9702.9 0.0207
4  1  25.9 0.03630 0.03633 0.26803   2312       8625.9 0.0208
4  1  25.9 0.03650 0.03652 0.29483   2298       7794.2 0.0209
4  1  25.9 0.03670 0.03672 0.32590   2242       6879.5 0.0211
4  1  25.9 0.03690 0.03691 0.35497   2238       6304.7 0.0211
4  1  25.9 0.03710 0.03711 0.39430   2272       5762.1 0.0210
4  1  25.9 0.03730 0.03730 0.43719   2222       5082.5 0.0212
4  1  25.9 0.03750 0.03750 0.48703   2234       4587.0 0.0212
4  1  25.9 0.03770 0.03770 0.56660   2384       4207.5 0.0205
4  1  25.9 0.03790 0.03789 0.59724   2290       3834.3 0.0209
4  1  25.9 0.03810 0.03809 0.63074   2308       3659.2 0.0208
4  1  25.9 0.03830 0.03828 0.72270   2276       3149.3 0.0210
4  1  25.9 0.03850 0.03848 0.76665   2310       3013.1 0.0208
4  1  25.9 0.03870 0.03867 0.81742   2262       2767.3 0.0210
4  1  25.9 0.03890 0.03887 0.86442   2356       2725.5 0.0206
4  1  25.9 0.03910 0.03906 0.92419   2242       2425.9 0.0211
4  1  25.9 0.03930 0.03926 0.97974   2290       2337.3 0.0209
4  1  25.9 0.03950 0.03945 1.02302   2302       2250.2 0.0208
4  1  25.9 0.03970 0.03975 1.02302   2262       2211.1 0.0210
4  1  25.9 0.03990 0.03994 1.08361   2222       2050.6 0.0212
4  2  25.9 0.00010 0.00010 1.21000     24         19.8 0.2041
4  2  25.9 0.00030 0.00029 1.21000     18         14.9 0.2357
4  2  25.9 0.00050 0.00049 1.21000     22         18.2 0.2132
4  2  25.9 0.00070 0.00068 1.21000     20         16.5 0.2236
4  2  25.9 0.00090 0.00088 1.21000     22         18.2 0.2132
4  2  25.9 0.00110 0.00107 1.21000     28         23.1 0.1890
4  2  25.9 0.00130 0.00127 1.21000     24         19.8 0.2041
4  2  25.9 0.00150 0.00146 1.21000     16         13.2 0.2500
4  2  25.9 0.00170 0.00166 1.21000     34         28.1 0.1715
4  2  25.9 0.00190 0.00186 1.21000     24         19.8 0.2041
4  2  25.9 0.00210 0.00215 1.21000     26         21.5 0.1961
4  2  25.9 0.00230 0.00234 1.21000     24         19.8 0.2041
4  2  25.9 0.00250 0.00254 1.21000     40         33.1 0.1581
4  2  25.9 0.00270 0.00273 1.21000     40         33.1 0.1581
4  2  25.9 0.00290 0.00293 1.21000     36         29.8 0.1667
4  2  25.9 0.00310 0.00313 1.21000     46         38.0 0.1474
4  2  25.9 0.00330 0.00332 1.21000     44         36.4 0.1508
4  2  25.9 0.00350 0.00352 1.21000     52         43.0 0.1387
4  2  25.9 0.00370 0.00371 1.21000     50         41.3 0.1414
4  2  25.9 0.00390 0.00391 1.21000     62         51.2 0.1270
4  2  25.9 0.00410 0.00410 1.21000     44         36.4 0.1508
4  2  25.9 0.00430 0.00430 1.21000     46         38.0 0.1474
4  2  25.9 0.00450 0.00449 1.21000     70         57.9 0.1195
4  2  25.8 0.00470 0.00469 1.21000     58         47.9 0.1313
4  2  25.8 0.00490 0.00488 1.21000     58         47.9 0.1313
4  2  25.8 0.00510 0.00508 1.21000     58         47.9 0.1313
4  2  25.8 0.00530 0.00527 1.21000     50         41.3 0.1414
4  2  25.8 0.00550 0.00547 1.21000     72         59.5 0.1179
4  2  25.8 0.00570 0.00566 1.21000     76         62.8 0.1147
4  2  25.8 0.00590 0.00586 1.21000     80         66.1 0.1118
4  2  25.8 0.00610 0.00605 1.21000     96         79.3 0.1021
4  2  25.8 0.00630 0.00635 1.21000    132        109.1 0.0870
4  2  25.8 0.00650 0.00654 1.21000    188        155.4 0.0729
4  2  25.8 0.00670 0.00674 1.21000    416        343.8 0.0490
4  2  25.8 0.00690 0.00693 1.21000    976        806.6 0.0320
4  2  25.8 0.00710 0.00713 1.21000   2326       1922.3 0.0207
4  2  25.8 0.00730 0.00732 1.21000   5640       4661.2 0.0133
4  2  25.8 0.00750 0.00752 1.21000  13552      11200.0 0.0086
4  2  25.8 0.00770 0.00771 1.21000  31132      25728.9 0.0057
4  2  25.8 0.00790 0.00791 1.21000  68798      56857.9 0.0038
4  2  25.8 0.00810 0.00811 0.50083  72436     144632.3 0.0037
4  2  25.8 0.00830 0.00830 0.24712  72666     294054.2 0.0037
4  2  25.8 0.00850 0.00850 0.13575  74336     547603.3 0.0037
4  2  25.8 0.00870 0.00869 0.07672  71812     936024.5 0.0037
4  2  25.8 0.00890 0.00889 0.04867  72144    1482229.6 0.0037
4  2  25.8 0.00910 0.00908 0.03394  71854    2116891.3 0.0037
4  2  25.8 0.00930 0.00928 0.02619  72128    2754484.0 0.0037
4  2  25.8 0.00950 0.00947 0.02201  71880    3265422.0 0.0037
4  2  25.8 0.00970 0.00967 0.01957  71870    3672997.9 0.0037
4  2  25.8 0.00990 0.00986 0.01957  77680    3969924.6 0.0036
4  2  25.8 0.01010 0.01006 0.01728  71912    4160773.9 0.0037
4  2  25.8 0.01030 0.01025 0.01728  74150    4290262.9 0.0037
4  2  25.8 0.01050 0.01055 0.01728  76208    4409337.2 0.0036
4  2  25.8 0.01070 0.01074 0.01728  77012    4455856.0 0.0036
4  2  25.8 0.01090 0.01094 0.01728  77518    4485132.8 0.0036
4  2  25.8 0.01110 0.01113 0.01728  77904    4507466.5 0.0036
4  2  25.8 0.01130 0.01133 0.01728  78142    4521237.0 0.0036
4  2  25.8 0.01150 0.01152 0.01728  78268    4528527.3 0.0036
4  2  25.8 0.01170 0.01172 0.01728  78288    4529684.4 0.0036
4  2  25.8 0.01190 0.01191 0.01728  78222    4525865.7 0.0036
4  2  25.8 0.01210 0.01211 0.01728  78040    4515335.3 0.0036
4  2  25.8 0.01230 0.01230 0.01728  77748    4498440.4 0.0036
4  2  25.8 0.01250 0.01250 0.01728  77268    4470668.0 0.0036
4  2  25.8 0.01270 0.01270 0.01728  76550    4429125.1 0.0036
4  2  25.8 0.01290 0.01289 0.01728  75428    4364207.0 0.0036
4  2  25.8 0.01310 0.01309 0.01728  73708    4264689.1 0.0037
4  2  25.8 0.01330 0.01328 0.01728  71314    4126174.1 0.0037
4  2  25.8 0.01350 0.01348 0.01728  67778    3921583.8 0.0038
4  2  25.8 0.01370 0.01367 0.01728  62234    3600812.1 0.0040
4  2  25.8 0.01390 0.01387 0.01728  55246    3196491.8 0.0043
4  2  25.8 0.01410 0.01406 0.01728  47698    2759770.2 0.0046
4  2  25.8 0.01430 0.01426 0.01728  39212    2268776.6 0.0050
4  2  25.8 0.01450 0.01445 0.01728  31546    1825227.7 0.0056
4  2  25.8 0.01470 0.01475 0.01728  23766    1375082.8 0.0065
4  2  25.8 0.01490 0.01494 0.01728  21032    1216895.6 0.0069
4  2  25.8 0.01510 0.01514 0.01728  19338    1118882.0 0.0072
4  2  25.8 0.01530 0.01533 0.01728  18552    1073404.7 0.0073
4  2  25.8 0.01550 0.01553 0.01728  18084    1046326.6 0.0074
4  2  25.8 0.01570 0.01572 0.01728  17940    1037994.8 0.0075
4  2  25.8 0.01590 0.01592 0.01728  17754    1027233.0 0.0075
4  2  25.8 0.01610 0.01611 0.01728  17576    1016934.1 0.0075
4  2  25.8 0.01630 0.01631 0.01728  17658    1021678.5 0.0075
4  2  25.8 0.01650 0.01650 0.01728  17748    1026885.8 0.0075
4  2  25.8 0.01670 0.01670 0.01728  17672    1022488.5 0.0075
4  2  25.8 0.01690 0.01689 0.01728  17604    1018554.1 0.0075
4  2  25.8 0.01710 0.01709 0.01728  17670    1022372.8 0.0075
4  2  25.8 0.01730 0.01729 0.01728  17640    1020637.1 0.0075
4  2  25.8 0.01750 0.01748 0.01728  17712    1024802.9 0.0075
4  2  25.8 0.01770 0.01768 0.01728  17788    1029200.2 0.0075
4  2  25.8 0.01790 0.01787 0.01728  17794    1029547.4 0.0075
4  2  25.8 0.01810 0.01807 0.01728  17718    1025150.1 0.0075
4  2  25.8 0.01830 0.01826 0.01728  17278     999692.0 0.0076
4  2  25.8 0.01850 0.01846 0.01728  17188     994484.7 0.0076
4  2  25.8 0.01870 0.01865 0.01728  17336    1003047.8 0.0076
4  2  25.8 0.01890 0.01895 0.01728  16722     967522.3 0.0077
4  2  25.8 0.01910 0.01914 0.01728  16030     927483.7 0.0079
4  2  25.8 0.01930 0.01934 0.01728  15030     869624.4 0.0082
4  2  25.8 0.01950 0.01953 0.01728  14176     820212.6 0.0084
4  2  25.8 0.01970 0.01973 0.01728  12668     732960.9 0.0089
4  2  25.8 0.01990 0.01992 0.01728  11180     646866.3 0.0095
4  2  25.8 0.02010 0.02012 0.01728   9470     547927.0 0.0103
4  2  25.8 0.02030 0.02031 0.01728   8374     484513.3 0.0109
4  2  25.7 0.02050 0.02051 0.01728   6740     389971.3 0.0122
4  2  25.7 0.02070 0.02070 0.01728   5574     322507.4 0.0134
4  2  25.7 0.02090 0.02090 0.01728   4634     268119.7 0.0147
4  2  25.7 0.02110 0.02109 0.01728   4036     233519.9 0.0157
4  2  25.7 0.02130 0.02129 0.01728   3344     193481.3 0.0173
4  2  25.7 0.02150 0.02148 0.01728   2828     163625.9 0.0188
4  2  25.7 0.02170 0.02168 0.01728   2436     140945.1 0.0203
4  2  25.7 0.02190 0.02188 0.01728   2254     130414.7 0.0211
4  2  25.7 0.02210 0.02207 0.01728   2224     128679.0 0.0212
4  2  25.7 0.02230 0.02227 0.01845   2268     122956.8 0.0210
4  2  25.7 0.02250 0.02246 0.01985   2258     113728.4 0.0210
4  2  25.7 0.02270 0.02266 0.02044   2428     118793.8 0.0203
4  2  25.7 0.02290 0.02285 0.02110   2274     107775.2 0.0210
4  2  25.7 0.02310 0.02314 0.02121   2288     107853.1 0.0209
4  2  25.7 0.02330 0.02334 0.02209   2306     104396.6 0.0208
4  2  25.7 0.02350 0.02354 0.02209   2266     102585.7 0.0210
4  2  25.7 0.02370 0.02373 0.02303   2350     102027.8 0.0206
4  2  25.7 0.02390 0.02393 0.02303   2292      99509.7 0.0209
4  2  25.7 0.02410 0.02412 0.02303   2258      98033.6 0.0210
4  2  25.7 0.02430 0.02432 0.02389   2254      94368.2 0.0211
4  2  25.7 0.02450 0.02451 0.02522   2260      89594.6 0.0210
4  2  25.7 0.02470 0.02471 0.02538   2260      89030.1 0.0210
4  2  25.7 0.02490 0.02490 0.02580   2234      86580.0 0.0212
4  2  25.7 0.02510 0.02510 0.02677   2248      83985.9 0.0211
4  2  25.7 0.02530 0.02529 0.02743   2284      83257.1 0.0209
4  2  25.7 0.02550 0.02549 0.02743   2234      81434.5 0.0212
4  2  25.7 0.02570 0.02568 0.02902   2290      78914.9 0.0209
4  2  25.7 0.02590 0.02588 0.02958   2280      77085.1 0.0209
4  2  25.7 0.02610 0.02607 0.03166   2292      72399.2 0.0209
4  2  25.7 0.02630 0.02627 0.03296   2224      67469.0 0.0212
4  2  25.7 0.02650 0.02646 0.03529   2264      64151.9 0.0210
4  2  25.7 0.02670 0.02666 0.03731   2258      60517.0 0.0210
4  2  25.7 0.02690 0.02686 0.04077   2330      57144.2 0.0207
4  2  25.7 0.02710 0.02715 0.04521   2324      51405.1 0.0207
4  2  25.7 0.02730 0.02734 0.05167   2304      44586.7 0.0208
4  2  25.7 0.02750 0.02754 0.05600   2254      40251.3 0.0211
4  2  25.7 0.02770 0.02773 0.06647   2250      33850.9 0.0211
4  2  25.7 0.02790 0.02793 0.07459   2288      30673.6 0.0209
4  2  25.7 0.02810 0.02813 0.08671   2288      26387.1 0.0209
4  2  25.7 0.02830 0.02832 0.09770   2230      22824.6 0.0212
4  2  25.7 0.02850 0.02852 0.11915   2278      19118.6 0.0210
4  2  25.7 0.02870 0.02871 0.13689   2288      16713.7 0.0209
4  2  25.7 0.02890 0.02891 0.15425   2252      14599.8 0.0211
4  2  25.7 0.02910 0.02910 0.17485   2228      12742.6 0.0212
4  2  25.7 0.02930 0.02930 0.19425   2268      11675.4 0.0210
4  2  25.7 0.02950 0.02949 0.21668   2260      10430.0 0.0210
4  2  25.7 0.02970 0.02969 0.23788   2358       9912.5 0.0206
4  2  25.7 0.02990 0.02988 0.25315   2346       9267.3 0.0206
4  2  25.7 0.03010 0.03008 0.25638   2268       8846.3 0.0210
4  2  25.7 0.03030 0.03027 0.26611   2240       8417.6 0.0211
4  2  25.7 0.03050 0.03047 0.27734   2226       8026.1 0.0212
4  2  25.7 0.03070 0.03066 0.29346   2312       7878.5 0.0208
4  2  25.7 0.03090 0.03086 0.29346   2226       7585.5 0.0212
4  2  25.7 0.03110 0.03105 0.30132   2244       7447.2 0.0211
4  2  25.7 0.03130 0.03135 0.32084   2232       6956.8 0.0212
4  2  25.7 0.03150 0.03154 0.32913   2258       6860.5 0.0210
4  2  25.7 0.03170 0.03174 0.33887   2230       6580.7 0.0212
4  2  25.7 0.03190 0.03193 0.34827   2248       6454.7 0.0211
4  2  25.7 0.03210 0.03213 0.36711   2296       6254.3 0.0209
4  2  25.7 0.03230 0.03232 0.37178   2252       6057.4 0.0211
4  2  25.7 0.03250 0.03252 0.39602   2334       5893.7 0.0207
4  2  25.7 0.03270 0.03271 0.39602   2286       5772.5 0.0209
4  2  25.7 0.03290 0.03291 0.41664   2308       5539.5 0.0208
4  2  25.6 0.03310 0.03311 0.42980   2244       5221.1 0.0211
4  2  25.6 0.03330 0.03330 0.45612   2292       5025.0 0.0209
4  2  25.6 0.03350 0.03350 0.48304   2286       4732.6 0.0209
4  2  25.6 0.03370 0.03369 0.50014   2258       4514.7 0.0210
4  2  25.6 0.03390 0.03389 0.53051   2252       4245.0 0.0211
4  2  25.6 0.03410 0.03408 0.56646   2300       4060.3 0.0209
4  2  25.6 0.03430 0.03428 0.59393   2248       3785.0 0.0211
4  2  25.6 0.03450 0.03447 0.64803   2266       3496.8 0.0210
4  2  25.6 0.03470 0.03467 0.68567   2330       3398.1 0.0207
4  2  25.6 0.03490 0.03486 0.75325   2328       3090.6 0.0207
4  2  25.6 0.03510 0.03506 0.79981   2262       2828.2 0.0210
4  2  25.6 0.03530 0.03525 0.86893   2268       2610.1 0.0210
4  2  25.6 0.03550 0.03555 1.01817   2230       2190.2 0.0212
4  2  25.6 0.03570 0.03574 1.11338   2222       1995.7 0.0212
4  2  25.6 0.03590 0.03594 1.21000   1968       1626.4 0.0225
4  2  25.6 0.03610 0.03613 1.21000   1746       1443.0 0.0239
4  2  25.6 0.03630 0.03633 1.21000   1596       1319.0 0.0250
4  2  25.6 0.03650 0.03652 1.21000   1490       1231.4 0.0259
4  2  25.6 0.03670 0.03672 1.21000   1272       1051.2 0.0280
4  2  25.6 0.03690 0.03691 1.21000   1162        960.3 0.0293
4  2  25.6 0.03710 0.03711 1.21000   1036        856.2 0.0311
4  2  25.6 0.03730 0.03730 1.21000   1006        831.4 0.0315
4  2  25.6 0.03750 0.03750 1.21000    924        763.6 0.0329
4  2  25.6 0.03770 0.03770 1.21000    898        742.1 0.0334
4  2  25.6 0.03790 0.03789 1.21000    864        714.0 0.0340
4  2  25.6 0.03810 0.03809 1.21000    878        725.6 0.0337
4  2  25.6 0.03830 0.03828 1.21000    822        679.3 0.0349
4  2  25.5 0.03850 0.03848 1.21000    814        672.7 0.0350
4  2  25.5 0.03870 0.03867 1.21000    788        651.2 0.0356
4  2  25.5 0.03890 0.03887 1.21000    698        576.9 0.0379
4  2  25.5 0.03910 0.03906 1.21000    746        616.5 0.0366
4  2  25.5 0.03930 0.03926 1.21000    716        591.7 0.0374
4  2  25.5 0.03950 0.03945 1.21000    690        570.2 0.0381
4  2  25.5 0.03970 0.03975 1.21000    644        532.2 0.0394
4  2  25.5 0.03990 0.03994 1.21000    680        562.0 0.0383
4  3  25.5 0.00010 0.00010 1.21000      4          3.3 0.5000
4  3  25.5 0.00030 0.00029 1.21000      2          1.7 0.7071
4  3  25.5 0.00050 0.00049 1.21000      4          3.3 0.5000
4  3  25.5 0.00070 0.00068 1.21000      6          5.0 0.4082
4  3  25.5 0.00090 0.00088 1.21000      4          3.3 0.5000
4  3  25.5 0.00110 0.00107 1.21000      2          1.7 0.7071
4  3  25.5 0.00130 0.00127 1.21000      0          0.0 999.9990
4  3  25.5 0.00150 0.00146 1.21000      4          3.3 0.5000
4  3  25.5 0.00170 0.00166 1.21000      0          0.0 999.9990
4  3  25.5 0.00190 0.00186 1.21000      4          3.3 0.5000
4  3  25.5 0.00210 0.00215 1.21000      4          3.3 0.5000
4  3  25.5 0.00230 0.00234 1.21000      2          1.7 0.7071
4  3  25.5 0.00250 0.00254 1.21000      8          6.6 0.3536
4  3  25.5 0.00270 0.00273 1.21000     10          8.3 0.3162
4  3  25.5 0.00290 0.00293 1.21000      6          5.0 0.4082
4  3  25.5 0.00310 0.00313 1.21000     10          8.3 0.3162
4  3  25.5 0.00330 0.00332 1.21000     10          8.3 0.3162
4  3  25.5 0.00350 0.00352 1.21000      8          6.6 0.3536
4  3  25.5 0.00370 0.00371 1.21000     10          8.3 0.3162
4  3  25.5 0.00390 0.00391 1.21000     16         13.2 0.2500
4  3  25.5 0.00410 0.00410 1.21000     12          9.9 0.2887
4  3  25.5 0.00430 0.00430 1.21000     12          9.9 0.2887
4  3  25.5 0.00450 0.00449 1.21000     22         18.2 0.2132
4  3  25.5 0.00470 0.00469 1.21000     12          9.9 0.2887
4  3  25.5 0.00490 0.00488 1.21000     16         13.2 0.2500
4  3  25.5 0.00510 0.00508 1.21000     12          9.9 0.2887
4  3  25.5 0.00530 0.00527 1.21000     22         18.2 0.2132
4  3  25.4 0.00550 0.00547 1.21000     12          9.9 0.2887
4  3  25.4 0.00570 0.00566 1.21000     20         16.5 0.2236
4  3  25.4 0.00590 0.00586 1.21000     30         24.8 0.1826
4  3  25.4 0.00610 0.00605 1.21000     30         24.8 0.1826
4  3  25.4 0.00630 0.00635 1.21000     96         79.3 0.1021
4  3  25.4 0.00650 0.00654 1.21000    152        125.6 0.0811
4  3  25.4 0.00670 0.00674 1.21000    408        337.2 0.0495
4  3  25.4 0.00690 0.00693 1.21000   1004        829.8 0.0316
4  3  25.4 0.00710 0.00713 1.21000   2576       2128.9 0.0197
4  3  25.4 0.00730 0.00732 1.21000   6284       5193.4 0.0126
4  3  25.4 0.00750 0.00752 1.21000  15270      12619.8 0.0081
4  3  25.4 0.00770 0.00771 1.21000  34912      28852.9 0.0054
4  3  25.4 0.00790 0.00791 1.21000  75628      62502.5 0.0036
4  3  25.4 0.00810 0.00811 0.44930  71750     159694.4 0.0037
4  3  25.4 0.00830 0.00830 0.22165  72360     326458.0 0.0037
4  3  25.4 0.00850 0.00850 0.12176  72992     599480.2 0.0037
4  3  25.4 0.00870 0.00869 0.07068  71332    1009186.1 0.0037
4  3  25.4 0.00890 0.00889 0.04545  71386    1570724.8 0.0037
4  3  25.4 0.00910 0.00908 0.03244  72596    2238196.3 0.0037
4  3  25.4 0.00930 0.00928 0.02524  72110    2857322.1 0.0037
4  3  25.4 0.00950 0.00947 0.02145  72084    3361220.8 0.0037
4  3  25.4 0.00970 0.00967 0.01919  71810    3741700.5 0.0037
4  3  25.4 0.00990 0.00986 0.01919  77254    4025363.2 0.0036
4  3  25.4 0.01010 0.01006 0.01711  71842    4198603.0 0.0037
4  3  25.4 0.01030 0.01025 0.01711  73880    4317708.2 0.0037
4  3  25.4 0.01050 0.01055 0.01711  75686    4423254.8 0.0036
4  3  25.4 0.01070 0.01074 0.01711  76478    4469541.0 0.0036
4  3  25.4 0.01090 0.01094 0.01711  76918    4495255.5 0.0036
4  3  25.4 0.01110 0.01113 0.01711  77276    4516177.8 0.0036
4  3  25.4 0.01130 0.01133 0.01711  77478    4527983.2 0.0036
4  3  25.4 0.01150 0.01152 0.01711  77574    4533593.6 0.0036
4  3  25.4 0.01170 0.01172 0.01711  77580    4533944.3 0.0036
4  3  25.4 0.01190 0.01191 0.01711  77504    4529502.7 0.0036
4  3  25.4 0.01210 0.01211 0.01711  77288    4516879.1 0.0036
4  3  25.4 0.01230 0.01230 0.01711  76954    4497359.5 0.0036
4  3  25.4 0.01250 0.01250 0.01711  76446    4467670.8 0.0036
4  3  25.4 0.01270 0.01270 0.01711  75644    4420800.2 0.0036
4  3  25.4 0.01290 0.01289 0.01711  74458    4351487.8 0.0037
4  3  25.4 0.01310 0.01309 0.01711  72604    4243136.0 0.0037
4  3  25.4 0.01330 0.01328 0.01711  69890    4084523.9 0.0038
4  3  25.4 0.01350 0.01348 0.01711  65868    3849469.5 0.0039
4  3  25.4 0.01370 0.01367 0.01711  59984    3505595.7 0.0041
4  3  25.4 0.01390 0.01387 0.01711  52454    3065526.1 0.0044
4  3  25.4 0.01410 0.01406 0.01711  44332    2590858.7 0.0047
4  3  25.4 0.01430 0.01426 0.01711  35674    2084866.3 0.0053
4  3  25.4 0.01450 0.01445 0.01711  27980    1635212.2 0.0060
4  3  25.4 0.01470 0.01475 0.01711  20846    1218285.7 0.0069
4  3  25.4 0.01490 0.01494 0.01711  18192    1063180.1 0.0074
4  3  25.3 0.01510 0.01514 0.01711  16438     960672.5 0.0078
4  3  25.3 0.01530 0.01533 0.01711  15812     924087.7 0.0080
4  3  25.3 0.01550 0.01553 0.01711  15302     894282.2 0.0081
4  3  25.3 0.01570 0.01572 0.01711  15098     882360.0 0.0081
4  3  25.3 0.01590 0.01592 0.01711  15280     892996.5 0.0081
4  3  25.3 0.01610 0.01611 0.01711  15228     889957.5 0.0081
4  3  25.3 0.01630 0.01631 0.01711  15158     885866.6 0.0081
4  3  25.3 0.01650 0.01650 0.01711  15046     879321.0 0.0082
4  3  25.3 0.01670 0.01670 0.01711  14984     875697.6 0.0082
4  3  25.3 0.01690 0.01689 0.01711  15182     887269.2 0.0081
4  3  25.3 0.01710 0.01709 0.01711  14934     872775.5 0.0082
4  3  25.3 0.01730 0.01729 0.01711  14892     870320.9 0.0082
4  3  25.3 0.01750 0.01748 0.01711  14844     867515.7 0.0082
4  3  25.3 0.01770 0.01768 0.01711  14732     860970.2 0.0082
4  3  25.3 0.01790 0.01787 0.01711  14288     835021.9 0.0084
4  3  25.3 0.01810 0.01807 0.01711  13866     810359.3 0.0085
4  3  25.3 0.01830 0.01826 0.01711  13168     769566.6 0.0087
4  3  25.3 0.01850 0.01846 0.01711  12204     713228.4 0.0091
4  3  25.3 0.01870 0.01865 0.01711  11320     661565.5 0.0094
4  3  25.3 0.01890 0.01895 0.01711   9502     555317.6 0.0103
4  3  25.3 0.01910 0.01914 0.01711   8174     477706.4 0.0111
4  3  25.3 0.01930 0.01934 0.01711   7150     417861.6 0.0118
4  3  25.3 0.01950 0.01953 0.01711   6220     363510.4 0.0127
4  3  25.3 0.01970 0.01973 0.01711   5436     317691.7 0.0136
4  3  25.3 0.01990 0.01992 0.01711   4478     261704.1 0.0149
4  3  25.3 0.02010 0.02012 0.01711   4032     235638.9 0.0157
4  3  25.3 0.02030 0.02031 0.01711   3698     216119.2 0.0164
4  3  25.3 0.02050 0.02051 0.01711   3288     192157.9 0.0174
4  3  25.3 0.02070 0.02070 0.01711   3290     192274.8 0.0174
4  3  25.3 0.02090 0.02090 0.01711   3168     185144.8 0.0178
4  3  25.3 0.02110 0.02109 0.01711   3078     179885.0 0.0180
4  3  25.3 0.02130 0.02129 0.01711   3106     181521.4 0.0179
4  3  25.3 0.02150 0.02148 0.01711   2834     165625.1 0.0188
4  3  25.3 0.02170 0.02168 0.01711   2878     168196.6 0.0186
4  3  25.3 0.02190 0.02188 0.01711   2814     164456.3 0.0189
4  3  25.3 0.02210 0.02207 0.01711   2880     168313.5 0.0186
4  3  25.3 0.02230 0.02227 0.01711   2786     162819.9 0.0189
4  3  25.3 0.02250 0.02246 0.01711   2642     154404.2 0.0195
4  3  25.3 0.02270 0.02266 0.01711   2788     162936.8 0.0189
4  3  25.3 0.02290 0.02285 0.01711   2700     157793.9 0.0192
4  3  25.3 0.02310 0.02314 0.01711   2590     151365.2 0.0196
4  3  25.3 0.02330 0.02334 0.01711   2604     152183.4 0.0196
4  3  25.3 0.02350 0.02354 0.01711   2572     150313.3 0.0197
4  3  25.3 0.02370 0.02373 0.01711   2534     148092.5 0.0199
4  3  25.3 0.02390 0.02393 0.01711   2422     141547.0 0.0203
4  3  25.3 0.02410 0.02412 0.01711   2408     140728.8 0.0204
4  3  25.3 0.02430 0.02432 0.01711   2352     137456.0 0.0206
4  3  25.3 0.02450 0.02451 0.01711   2246     131261.1 0.0211
4  3  25.3 0.02470 0.02471 0.01834   2346     127884.0 0.0206
4  3  25.3 0.02490 0.02490 0.01834   2224     121233.6 0.0212
4  3  25.3 0.02510 0.02510 0.02015   2260     112138.9 0.0210
4  3  25.3 0.02530 0.02529 0.02158   2246     104065.0 0.0211
4  3  25.3 0.02550 0.02549 0.02416   2306      95439.4 0.0208
4  3  25.3 0.02570 0.02568 0.02579   2274      88185.1 0.0210
4  3  25.3 0.02590 0.02588 0.02879   2296      79741.8 0.0209
4  3  25.3 0.02610 0.02607 0.03261   2326      71331.0 0.0207
4  3  25.3 0.02630 0.02627 0.03682   2292      62253.6 0.0209
4  3  25.3 0.02650 0.02646 0.04030   2232      55385.5 0.0212
4  3  25.3 0.02670 0.02666 0.04520   2386      52791.7 0.0205
4  3  25.3 0.02690 0.02686 0.04767   2348      49255.7 0.0206
4  3  25.3 0.02710 0.02715 0.05247   2222      42348.8 0.0212
4  3  25.3 0.02730 0.02734 0.05622   2250      40018.9 0.0211
4  3  25.3 0.02750 0.02754 0.05876   2246      38221.8 0.0211
4  3  25.3 0.02770 0.02773 0.06178   2258      36546.1 0.0210
4  3  25.3 0.02790 0.02793 0.06445   2310      35839.7 0.0208
4  3  25.3 0.02810 0.02813 0.06445   2226      34536.5 0.0212
4  3  25.3 0.02830 0.02832 0.06445   2242      34784.7 0.0211
4  3  25.3 0.02850 0.02852 0.06768   2358      34839.2 0.0206
4  3  25.3 0.02870 0.02871 0.06768   2298      33952.7 0.0209
4  3  25.3 0.02890 0.02891 0.06768   2276      33627.6 0.0210
4  3  25.3 0.02910 0.02910 0.06768   2240      33095.7 0.0211
4  3  25.3 0.02930 0.02930 0.07040   2286      32472.4 0.0209
4  3  25.3 0.02950 0.02949 0.07040   2292      32557.7 0.0209
4  3  25.3 0.02970 0.02969 0.07242   2244      30986.4 0.0211
4  3  25.3 0.02990 0.02988 0.07242   2290      31621.6 0.0209
4  3  25.3 0.03010 0.03008 0.07294   2224      30489.5 0.0212
4  3  25.3 0.03030 0.03027 0.07725   2304      29823.6 0.0208
4  3  25.3 0.03050 0.03047 0.07725   2246      29072.8 0.0211
4  3  25.3 0.03070 0.03066 0.08261   2316      28036.1 0.0208
4  3  25.3 0.03090 0.03086 0.08261   2222      26898.2 0.0212
4  3  25.3 0.03110 0.03105 0.08550   2268      26526.3 0.0210
4  3  25.3 0.03130 0.03135 0.08550   2222      25988.3 0.0212
4  3  25.3 0.03150 0.03154 0.09002   2224      24706.8 0.0212
4  3  25.2 0.03170 0.03174 0.09814   2322      23659.5 0.0208
4  3  25.2 0.03190 0.03193 0.10031   2246      22390.7 0.0211
4  3  25.2 0.03210 0.03213 0.10930   2262      20695.1 0.0210
4  3  25.2 0.03230 0.03232 0.11700   2284      19521.3 0.0209
4  3  25.2 0.03250 0.03252 0.13124   2248      17128.7 0.0211
4  3  25.2 0.03270 0.03271 0.14279   2298      16093.6 0.0209
4  3  25.2 0.03290 0.03291 0.15447   2262      14643.8 0.0210
4  3  25.2 0.03310 0.03311 0.17154   2330      13582.9 0.0207
4  3  25.2 0.03330 0.03330 0.18648   2272      12183.8 0.0210
4  3  25.2 0.03350 0.03350 0.20027   2262      11294.9 0.0210
4  3  25.2 0.03370 0.03369 0.21847   2236      10234.7 0.0211
4  3  25.2 0.03390 0.03389 0.23382   2330       9965.0 0.0207
4  3  25.2 0.03410 0.03408 0.23382   2224       9511.7 0.0212
4  3  25.2 0.03430 0.03428 0.25468   2234       8771.8 0.0212
4  3  25.2 0.03450 0.03447 0.26769   2322       8674.2 0.0208
4  3  25.2 0.03470 0.03467 0.26769   2236       8353.0 0.0211
4  3  25.2 0.03490 0.03486 0.28083   2244       7990.5 0.0211
4  3  25.2 0.03510 0.03506 0.28572   2252       7881.8 0.0211
4  3  25.2 0.03530 0.03525 0.28805   2284       7929.2 0.0209
4  3  25.2 0.03550 0.03555 0.30463   2310       7582.9 0.0208
4  3  25.2 0.03570 0.03574 0.30463   2358       7740.5 0.0206
4  3  25.2 0.03590 0.03594 0.30463   2278       7477.9 0.0210
4  3  25.2 0.03610 0.03613 0.30993   2262       7298.4 0.0210
4  3  25.2 0.03630 0.03633 0.31133   2228       7156.3 0.0212
4  3  25.2 0.03650 0.03652 0.32318   2226       6887.7 0.0212
4  3  25.2 0.03670 0.03672 0.33620   2286       6799.6 0.0209
4  3  25.2 0.03690 0.03691 0.33620   2260       6722.3 0.0210
4  3  25.2 0.03710 0.03711 0.33620   2272       6758.0 0.0210
4  3  25.2 0.03730 0.03730 0.35171   2284       6494.0 0.0209
4  3  25.2 0.03750 0.03750 0.35171   2284       6494.0 0.0209
4  3  25.2 0.03770 0.03770 0.35911   2284       6360.2 0.0209
4  3  25.2 0.03790 0.03789 0.38523   2268       5887.4 0.0210
4  3  25.2 0.03810 0.03809 0.38523   2238       5809.6 0.0211
4  3  25.2 0.03830 0.03828 0.39665   2246       5662.4 0.0211
4  3  25.2 0.03850 0.03848 0.42603   2302       5403.4 0.0208
4  3  25.2 0.03870 0.03867 0.44975   2266       5038.3 0.0210
4  3  25.2 0.03890 0.03887 0.47344   2248       4748.2 0.0211
4  3  25.2 0.03910 0.03906 0.49389   2288       4632.6 0.0209
4  3  25.2 0.03930 0.03926 0.52508   2264       4311.7 0.0210
4  3  25.2 0.03950 0.03945 0.57892   2270       3921.1 0.0210
4  3  25.2 0.03970 0.03975 0.62788   2258       3596.2 0.0210
4  3  25.1 0.03990 0.03994 0.71760   2388       3327.8 0.0205
