# Scan Time    : Fri, 18 Mar 2022 06:24:06 +0000 (GMT) +874476000 nsec
# Board Lane   : 5
# Board Loc    : BTOF - Southeast
# SiPM Biases  :  57.138  57.239  56.719  56.912
# SiPM Currents:   1.208   1.667   0.946   1.151
#
5 -1  25.7 0.00010 0.00010 0.27430  71628     261133.6 0.0037
5 -1  25.7 0.00030 0.00029 0.22134  72226     326318.9 0.0037
5 -1  25.7 0.00050 0.00049 0.12159  75342     619664.5 0.0036
5 -1  25.7 0.00070 0.00068 0.06679  77032    1153350.8 0.0036
5 -1  25.7 0.00090 0.00088 0.03669  73922    2014813.1 0.0037
5 -1  25.7 0.00110 0.00107 0.02188  71604    3272944.2 0.0037
5 -1  25.7 0.00130 0.00127 0.01496  70564    4715813.6 0.0038
5 -1  25.7 0.00150 0.00146 0.01121  71376    6367924.0 0.0037
5 -1  25.7 0.00170 0.00166 0.00914  72776    7962731.2 0.0037
5 -1  25.7 0.00190 0.00186 0.00767  71952    9379297.0 0.0037
5 -1  25.7 0.00210 0.00215 0.00660  71390   10815683.7 0.0037
5 -1  25.7 0.00230 0.00234 0.00660  76626   11608944.9 0.0036
5 -1  25.7 0.00250 0.00254 0.00594  72238   12171422.4 0.0037
5 -1  25.7 0.00270 0.00273 0.00594  74452   12544460.6 0.0037
5 -1  25.7 0.00290 0.00293 0.00594  76298   12855494.2 0.0036
5 -1  25.7 0.00310 0.00313 0.00594  77636   13080934.6 0.0036
5 -1  25.7 0.00330 0.00332 0.00594  78564   13237293.8 0.0036
5 -1  25.7 0.00350 0.00352 0.00594  79196   13343779.9 0.0036
5 -1  25.7 0.00370 0.00371 0.00594  79506   13396012.0 0.0035
5 -1  25.7 0.00390 0.00391 0.00594  79506   13396012.0 0.0035
5 -1  25.7 0.00410 0.00410 0.00594  79060   13320865.2 0.0036
5 -1  25.7 0.00430 0.00430 0.00594  78382   13206628.6 0.0036
5 -1  25.7 0.00450 0.00449 0.00594  77104   12991297.6 0.0036
5 -1  25.7 0.00470 0.00469 0.00594  75172   12665773.8 0.0036
5 -1  25.7 0.00490 0.00488 0.00594  72318   12184901.7 0.0037
5 -1  25.7 0.00510 0.00508 0.00594  68672   11570585.0 0.0038
5 -1  25.7 0.00530 0.00527 0.00594  63356   10674889.1 0.0040
5 -1  25.7 0.00550 0.00547 0.00594  56156    9461757.0 0.0042
5 -1  25.7 0.00570 0.00566 0.00594  49072    8268169.7 0.0045
5 -1  25.7 0.00590 0.00586 0.00594  42366    7138271.9 0.0049
5 -1  25.7 0.00610 0.00605 0.00594  37230    6272904.3 0.0052
5 -1  25.7 0.00630 0.00635 0.00594  31496    5306779.3 0.0056
5 -1  25.7 0.00650 0.00654 0.00594  29600    4987321.1 0.0058
5 -1  25.7 0.00670 0.00674 0.00594  28178    4747727.5 0.0060
5 -1  25.7 0.00690 0.00693 0.00594  27426    4621022.6 0.0060
5 -1  25.7 0.00710 0.00713 0.00594  26784    4512851.7 0.0061
5 -1  25.7 0.00730 0.00732 0.00594  26462    4458597.7 0.0061
5 -1  25.7 0.00750 0.00752 0.00594  26588    4479827.5 0.0061
5 -1  25.7 0.00770 0.00771 0.00594  26446    4455901.9 0.0061
5 -1  25.7 0.00790 0.00791 0.00594  26336    4437367.9 0.0062
5 -1  25.7 0.00810 0.00811 0.00594  26218    4417486.0 0.0062
5 -1  25.7 0.00830 0.00830 0.00594  26088    4395582.2 0.0062
5 -1  25.7 0.00850 0.00850 0.00594  26038    4387157.7 0.0062
5 -1  25.7 0.00870 0.00869 0.00594  26276    4427258.5 0.0062
5 -1  25.7 0.00890 0.00889 0.00594  25822    4350763.7 0.0062
5 -1  25.7 0.00910 0.00908 0.00594  26076    4393560.3 0.0062
5 -1  25.7 0.00930 0.00928 0.00594  26118    4400636.9 0.0062
5 -1  25.7 0.00950 0.00947 0.00594  26040    4387494.7 0.0062
5 -1  25.7 0.00970 0.00967 0.00594  25742    4337284.5 0.0062
5 -1  25.7 0.00990 0.00986 0.00594  25668    4324816.2 0.0062
5 -1  25.7 0.01010 0.01006 0.00594  25688    4328186.0 0.0062
5 -1  25.7 0.01030 0.01025 0.00594  25602    4313695.8 0.0062
5 -1  25.7 0.01050 0.01055 0.00594  25512    4298531.7 0.0063
5 -1  25.7 0.01070 0.01074 0.00594  25028    4216982.2 0.0063
5 -1  25.7 0.01090 0.01094 0.00594  24566    4139139.6 0.0064
5 -1  25.7 0.01110 0.01113 0.00594  23606    3977388.6 0.0065
5 -1  25.7 0.01130 0.01133 0.00594  22680    3821366.3 0.0066
5 -1  25.7 0.01150 0.01152 0.00594  21436    3611764.1 0.0068
5 -1  25.7 0.01170 0.01172 0.00594  19580    3299045.5 0.0071
5 -1  25.7 0.01190 0.01191 0.00594  17750    2990707.8 0.0075
5 -1  25.7 0.01210 0.01211 0.00594  15906    2680011.1 0.0079
5 -1  25.7 0.01230 0.01230 0.00594  14312    2411437.2 0.0084
5 -1  25.7 0.01250 0.01250 0.00594  12656    2132416.8 0.0089
5 -1  25.7 0.01270 0.01270 0.00594  11016    1856092.2 0.0095
5 -1  25.7 0.01290 0.01289 0.00594   9602    1617846.5 0.0102
5 -1  25.7 0.01310 0.01309 0.00594   8564    1442953.3 0.0108
5 -1  25.7 0.01330 0.01328 0.00594   7756    1306812.9 0.0114
5 -1  25.7 0.01350 0.01348 0.00594   6954    1171683.5 0.0120
5 -1  25.7 0.01370 0.01367 0.00594   6366    1072611.0 0.0125
5 -1  25.7 0.01390 0.01387 0.00594   6004    1011617.4 0.0129
5 -1  25.7 0.01410 0.01406 0.00594   5596     942873.3 0.0134
5 -1  25.7 0.01430 0.01426 0.00594   5574     939166.5 0.0134
5 -1  25.7 0.01450 0.01445 0.00594   5130     864356.7 0.0140
5 -1  25.7 0.01470 0.01475 0.00594   5008     843800.8 0.0141
5 -1  25.7 0.01490 0.01494 0.00594   4872     820886.1 0.0143
5 -1  25.7 0.01510 0.01514 0.00594   4728     796623.5 0.0145
5 -1  25.7 0.01530 0.01533 0.00594   4638     781459.3 0.0147
5 -1  25.7 0.01550 0.01553 0.00594   4348     732597.0 0.0152
5 -1  25.7 0.01570 0.01572 0.00594   4302     724846.5 0.0152
5 -1  25.7 0.01590 0.01592 0.00594   4220     711030.2 0.0154
5 -1  25.8 0.01610 0.01611 0.00594   4118     693844.2 0.0156
5 -1  25.8 0.01630 0.01631 0.00594   3906     658124.2 0.0160
5 -1  25.8 0.01650 0.01650 0.00594   3938     663515.9 0.0159
5 -1  25.8 0.01670 0.01670 0.00594   3822     643971.0 0.0162
5 -1  25.8 0.01690 0.01689 0.00594   3718     626448.0 0.0164
5 -1  25.8 0.01710 0.01709 0.00594   3478     586010.2 0.0170
5 -1  25.8 0.01730 0.01729 0.00594   3470     584662.3 0.0170
5 -1  25.8 0.01750 0.01748 0.00594   3294     555008.0 0.0174
5 -1  25.8 0.01770 0.01768 0.00594   3212     541191.7 0.0176
5 -1  25.8 0.01790 0.01787 0.00594   2982     502438.9 0.0183
5 -1  25.8 0.01810 0.01807 0.00594   2946     496373.2 0.0184
5 -1  25.8 0.01830 0.01826 0.00594   2852     480535.1 0.0187
5 -1  25.8 0.01850 0.01846 0.00594   2726     459305.3 0.0192
5 -1  25.8 0.01870 0.01865 0.00594   2608     439423.4 0.0196
5 -1  25.8 0.01890 0.01895 0.00594   2350     395952.9 0.0206
5 -1  25.8 0.01910 0.01914 0.00602   2282     378958.2 0.0209
5 -1  25.8 0.01930 0.01934 0.00676   2254     333654.4 0.0211
5 -1  25.8 0.01950 0.01953 0.00738   2386     323172.7 0.0205
5 -1  25.8 0.01970 0.01973 0.00800   2348     293408.1 0.0206
5 -1  25.8 0.01990 0.01992 0.00886   2294     258845.0 0.0209
5 -1  25.8 0.02010 0.02012 0.00962   2286     237620.4 0.0209
5 -1  25.8 0.02030 0.02031 0.01056   2266     214552.7 0.0210
5 -1  25.8 0.02050 0.02051 0.01240   2338     188493.2 0.0207
5 -1  25.8 0.02070 0.02070 0.01329   2366     178045.3 0.0206
5 -1  25.8 0.02090 0.02090 0.01462   2258     154454.2 0.0210
5 -1  25.8 0.02110 0.02109 0.01601   2290     143046.8 0.0209
5 -1  25.8 0.02130 0.02129 0.01761   2278     129361.1 0.0210
5 -1  25.8 0.02150 0.02148 0.01984   2334     117620.4 0.0207
5 -1  25.8 0.02170 0.02168 0.02096   2396     114332.7 0.0204
5 -1  25.8 0.02190 0.02188 0.02243   2286     101921.6 0.0209
5 -1  25.8 0.02210 0.02207 0.02328   2238      96122.5 0.0211
5 -1  25.8 0.02230 0.02227 0.02420   2234      92323.4 0.0212
5 -1  25.8 0.02250 0.02246 0.02482   2222      89513.2 0.0212
5 -1  25.8 0.02270 0.02266 0.02662   2288      85949.8 0.0209
5 -1  25.8 0.02290 0.02285 0.02672   2258      84517.4 0.0210
5 -1  25.8 0.02310 0.02314 0.02950   2326      78849.7 0.0207
5 -1  25.8 0.02330 0.02334 0.02996   2278      76040.9 0.0210
5 -1  25.8 0.02350 0.02354 0.03026   2248      74296.5 0.0211
5 -1  25.8 0.02370 0.02373 0.03299   2226      67464.8 0.0212
5 -1  25.8 0.02390 0.02393 0.03458   2286      66102.8 0.0209
5 -1  25.8 0.02410 0.02412 0.03548   2256      63592.7 0.0211
5 -1  25.8 0.02430 0.02432 0.03788   2282      60244.1 0.0209
5 -1  25.8 0.02450 0.02451 0.03959   2314      58449.5 0.0208
5 -1  25.8 0.02470 0.02471 0.04087   2256      55200.9 0.0211
5 -1  25.8 0.02490 0.02490 0.04240   2232      52647.3 0.0212
5 -1  25.8 0.02510 0.02510 0.04608   2376      51566.0 0.0205
5 -1  25.8 0.02530 0.02529 0.04709   2268      48158.7 0.0210
5 -1  25.8 0.02550 0.02549 0.04735   2242      47349.6 0.0211
5 -1  25.8 0.02570 0.02568 0.04992   2230      44669.4 0.0212
5 -1  25.8 0.02590 0.02588 0.05480   2248      41021.2 0.0211
5 -1  25.8 0.02610 0.02607 0.05637   2270      40266.9 0.0210
5 -1  25.8 0.02630 0.02627 0.06295   2364      37555.9 0.0206
5 -1  25.8 0.02650 0.02646 0.06499   2304      35449.6 0.0208
5 -1  25.8 0.02670 0.02666 0.06703   2224      33177.3 0.0212
5 -1  25.8 0.02690 0.02686 0.07337   2366      32245.8 0.0206
5 -1  25.8 0.02710 0.02715 0.08093   2274      28099.5 0.0210
5 -1  25.8 0.02730 0.02734 0.08556   2280      26647.1 0.0209
5 -1  25.8 0.02750 0.02754 0.09247   2338      25283.5 0.0207
5 -1  25.8 0.02770 0.02773 0.09933   2312      23276.8 0.0208
5 -1  25.8 0.02790 0.02793 0.11068   2314      20906.5 0.0208
5 -1  25.8 0.02810 0.02813 0.11597   2240      19315.6 0.0211
5 -1  25.8 0.02830 0.02832 0.13055   2290      17541.7 0.0209
5 -1  25.8 0.02850 0.02852 0.13774   2298      16684.0 0.0209
5 -1  25.8 0.02870 0.02871 0.15783   2300      14572.3 0.0209
5 -1  25.8 0.02890 0.02891 0.17216   2264      13150.6 0.0210
5 -1  25.8 0.02910 0.02910 0.18164   2262      12453.1 0.0210
5 -1  25.8 0.02930 0.02930 0.19902   2238      11245.2 0.0211
5 -1  25.8 0.02950 0.02949 0.21220   2248      10593.9 0.0211
5 -1  25.8 0.02970 0.02969 0.22632   2270      10030.0 0.0210
5 -1  25.8 0.02990 0.02988 0.24129   2250       9324.9 0.0211
5 -1  25.8 0.03010 0.03008 0.25901   2384       9204.4 0.0205
5 -1  25.8 0.03030 0.03027 0.27353   2354       8605.9 0.0206
5 -1  25.8 0.03050 0.03047 0.27577   2228       8079.3 0.0212
5 -1  25.8 0.03070 0.03066 0.29024   2306       7945.1 0.0208
5 -1  25.8 0.03090 0.03086 0.30976   2274       7341.2 0.0210
5 -1  25.8 0.03110 0.03105 0.32868   2236       6802.9 0.0211
5 -1  25.8 0.03130 0.03135 0.35610   2332       6548.7 0.0207
5 -1  25.8 0.03150 0.03154 0.36296   2342       6452.4 0.0207
5 -1  25.8 0.03170 0.03174 0.37814   2276       6019.0 0.0210
5 -1  25.8 0.03190 0.03193 0.40016   2322       5802.7 0.0208
5 -1  25.8 0.03210 0.03213 0.40527   2294       5660.5 0.0209
5 -1  25.8 0.03230 0.03232 0.43799   2296       5242.1 0.0209
5 -1  25.8 0.03250 0.03252 0.46432   2312       4979.3 0.0208
5 -1  25.8 0.03270 0.03271 0.46432   2242       4828.6 0.0211
5 -1  25.8 0.03290 0.03291 0.50221   2314       4607.6 0.0208
5 -1  25.8 0.03310 0.03311 0.54604   2344       4292.7 0.0207
5 -1  25.8 0.03330 0.03330 0.54604   2256       4131.6 0.0211
5 -1  25.8 0.03350 0.03350 0.56591   2246       3968.9 0.0211
5 -1  25.8 0.03370 0.03369 0.61339   2268       3697.5 0.0210
5 -1  25.8 0.03390 0.03389 0.65824   2388       3627.9 0.0205
5 -1  25.8 0.03410 0.03408 0.65824   2272       3451.6 0.0210
5 -1  25.8 0.03430 0.03428 0.69318   2268       3271.9 0.0210
5 -1  25.8 0.03450 0.03447 0.74193   2274       3065.0 0.0210
5 -1  25.8 0.03470 0.03467 0.82696   2382       2880.4 0.0205
5 -1  25.8 0.03490 0.03486 0.82696   2332       2820.0 0.0207
5 -1  25.8 0.03510 0.03506 0.87919   2288       2602.4 0.0209
5 -1  25.8 0.03530 0.03525 0.95278   2258       2369.9 0.0210
5 -1  25.8 0.03550 0.03555 1.01587   2224       2189.3 0.0212
5 -1  25.8 0.03570 0.03574 1.07662   2226       2067.6 0.0212
5 -1  25.8 0.03590 0.03594 1.13876   2278       2000.4 0.0210
5 -1  25.8 0.03610 0.03613 1.21000   2060       1702.5 0.0220
5 -1  25.8 0.03630 0.03633 1.21000   2102       1737.2 0.0218
5 -1  25.8 0.03650 0.03652 1.21000   1882       1555.4 0.0231
5 -1  25.8 0.03670 0.03672 1.21000   1716       1418.2 0.0241
5 -1  25.8 0.03690 0.03691 1.21000   1618       1337.2 0.0249
5 -1  25.8 0.03710 0.03711 1.21000   1628       1345.5 0.0248
5 -1  25.8 0.03730 0.03730 1.21000   1510       1247.9 0.0257
5 -1  25.8 0.03750 0.03750 1.21000   1416       1170.2 0.0266
5 -1  25.8 0.03770 0.03770 1.21000   1320       1090.9 0.0275
5 -1  25.8 0.03790 0.03789 1.21000   1302       1076.0 0.0277
5 -1  25.8 0.03810 0.03809 1.21000   1200        991.7 0.0289
5 -1  25.8 0.03830 0.03828 1.21000   1232       1018.2 0.0285
5 -1  25.8 0.03850 0.03848 1.21000   1170        966.9 0.0292
5 -1  25.8 0.03870 0.03867 1.21000   1106        914.0 0.0301
5 -1  25.8 0.03890 0.03887 1.21000   1016        839.7 0.0314
5 -1  25.9 0.03910 0.03906 1.21000   1078        890.9 0.0305
5 -1  25.9 0.03930 0.03926 1.21000   1040        859.5 0.0310
5 -1  25.9 0.03950 0.03945 1.21000   1064        879.3 0.0307
5 -1  25.9 0.03970 0.03975 1.21000    916        757.0 0.0330
5 -1  25.9 0.03990 0.03994 1.21000    882        728.9 0.0337
5  0  25.9 0.00010 0.00010 0.24049  72470     301340.7 0.0037
5  0  25.9 0.00030 0.00029 0.19607  71644     365398.3 0.0037
5  0  25.9 0.00050 0.00049 0.10780  72288     670552.2 0.0037
5  0  25.9 0.00070 0.00068 0.06372  71772    1126383.1 0.0037
5  0  25.9 0.00090 0.00088 0.04020  71742    1784727.4 0.0037
5  0  25.9 0.00110 0.00107 0.02942  72020    2447733.0 0.0037
5  0  25.9 0.00130 0.00127 0.02358  71912    3049714.7 0.0037
5  0  25.9 0.00150 0.00146 0.02041  71936    3525121.4 0.0037
5  0  25.9 0.00170 0.00166 0.02041  79174    3879809.3 0.0036
5  0  25.9 0.00190 0.00186 0.01747  71980    4120938.0 0.0037
5  0  25.9 0.00210 0.00215 0.01747  75862    4343187.0 0.0036
5  0  25.9 0.00230 0.00234 0.01747  77498    4436849.9 0.0036
5  0  25.9 0.00250 0.00254 0.01747  78476    4492841.5 0.0036
5  0  25.9 0.00270 0.00273 0.01747  79144    4531085.3 0.0036
5  0  25.9 0.00290 0.00293 0.01747  79608    4557649.8 0.0035
5  0  25.9 0.00310 0.00313 0.01747  79932    4576199.2 0.0035
5  0  25.9 0.00330 0.00332 0.01570  71858    4575858.9 0.0037
5  0  25.9 0.00350 0.00352 0.01570  71922    4579934.4 0.0037
5  0  25.9 0.00370 0.00371 0.01570  71900    4578533.4 0.0037
5  0  25.9 0.00390 0.00391 0.01570  71766    4570000.4 0.0037
5  0  25.9 0.00410 0.00410 0.01570  71528    4554844.8 0.0037
5  0  25.9 0.00430 0.00430 0.01570  71172    4532175.0 0.0037
5  0  25.9 0.00450 0.00449 0.01570  70580    4494476.9 0.0038
5  0  25.9 0.00470 0.00469 0.01570  69712    4439203.4 0.0038
5  0  25.9 0.00490 0.00488 0.01570  68446    4358585.5 0.0038
5  0  25.9 0.00510 0.00508 0.01570  66574    4239378.1 0.0039
5  0  25.9 0.00530 0.00527 0.01570  63680    4055090.5 0.0040
5  0  25.9 0.00550 0.00547 0.01570  59446    3785472.9 0.0041
5  0  25.9 0.00570 0.00566 0.01570  53408    3400977.9 0.0043
5  0  25.9 0.00590 0.00586 0.01570  46702    2973945.3 0.0046
5  0  25.9 0.00610 0.00605 0.01570  38748    2467441.1 0.0051
5  0  25.9 0.00630 0.00635 0.01570  28440    1811036.0 0.0059
5  0  25.9 0.00650 0.00654 0.01570  24104    1534923.1 0.0064
5  0  25.9 0.00670 0.00674 0.01570  21090    1342994.0 0.0069
5  0  25.9 0.00690 0.00693 0.01570  19582    1246965.8 0.0071
5  0  25.9 0.00710 0.00713 0.01570  18628    1186215.9 0.0073
5  0  25.9 0.00730 0.00732 0.01570  18354    1168767.8 0.0074
5  0  25.9 0.00750 0.00752 0.01570  18108    1153102.7 0.0074
5  0  25.9 0.00770 0.00771 0.01570  17944    1142659.3 0.0075
5  0  25.9 0.00790 0.00791 0.01570  17962    1143805.5 0.0075
5  0  25.9 0.00810 0.00811 0.01570  18014    1147116.8 0.0075
5  0  25.9 0.00830 0.00830 0.01570  17962    1143805.5 0.0075
5  0  25.9 0.00850 0.00850 0.01570  17852    1136800.8 0.0075
5  0  25.9 0.00870 0.00869 0.01570  17886    1138965.9 0.0075
5  0  25.9 0.00890 0.00889 0.01570  17942    1142531.9 0.0075
5  0  25.9 0.00910 0.00908 0.01570  17960    1143678.2 0.0075
5  0  25.9 0.00930 0.00928 0.01570  17942    1142531.9 0.0075
5  0  25.9 0.00950 0.00947 0.01570  17660    1124574.4 0.0075
5  0  25.9 0.00970 0.00967 0.01570  17824    1135017.8 0.0075
5  0  25.9 0.00990 0.00986 0.01570  17802    1133616.9 0.0075
5  0  25.9 0.01010 0.01006 0.01570  17902    1139984.8 0.0075
5  0  25.9 0.01030 0.01025 0.01570  17744    1129923.5 0.0075
5  0  25.9 0.01050 0.01055 0.01570  17700    1127121.6 0.0075
5  0  25.9 0.01070 0.01074 0.01570  17352    1104961.2 0.0076
5  0  25.9 0.01090 0.01094 0.01570  17158    1092607.5 0.0076
5  0  25.9 0.01110 0.01113 0.01570  16474    1049050.9 0.0078
5  0  25.9 0.01130 0.01133 0.01570  15764    1003838.7 0.0080
5  0  25.9 0.01150 0.01152 0.01570  15044     957989.7 0.0082
5  0  25.9 0.01170 0.01172 0.01570  13720     873678.4 0.0085
5  0  25.9 0.01190 0.01191 0.01570  12338     785673.8 0.0090
5  0  25.9 0.01210 0.01211 0.01570  10872     692320.1 0.0096
5  0  25.9 0.01230 0.01230 0.01570   9630     613230.6 0.0102
5  0  25.9 0.01250 0.01250 0.01570   8078     514400.5 0.0111
5  0  25.9 0.01270 0.01270 0.01570   6688     425886.4 0.0122
5  0  25.9 0.01290 0.01289 0.01570   5698     362844.0 0.0132
5  0  25.9 0.01310 0.01309 0.01570   4664     296999.7 0.0146
5  0  25.9 0.01330 0.01328 0.01570   3960     252169.6 0.0159
5  0  25.9 0.01350 0.01348 0.01570   3414     217400.7 0.0171
5  0  25.9 0.01370 0.01367 0.01570   3086     196514.0 0.0180
5  0  25.9 0.01390 0.01387 0.01570   2684     170914.9 0.0193
5  0  25.9 0.01410 0.01406 0.01570   2594     165183.8 0.0196
5  0  25.9 0.01430 0.01426 0.01570   2338     148881.9 0.0207
5  0  25.9 0.01450 0.01445 0.01570   2376     151301.7 0.0205
5  0  25.9 0.01470 0.01475 0.01572   2270     144421.6 0.0210
5  0  25.9 0.01490 0.01494 0.01572   2250     143149.2 0.0211
5  0  25.9 0.01510 0.01514 0.01641   2222     135387.3 0.0212
5  0  25.9 0.01530 0.01533 0.01685   2232     132455.4 0.0212
5  0  25.9 0.01550 0.01553 0.01700   2254     132557.0 0.0211
5  0  25.9 0.01570 0.01572 0.01733   2244     129478.5 0.0211
5  0  25.9 0.01590 0.01592 0.01836   2258     123002.4 0.0210
5  0  25.9 0.01610 0.01611 0.01836   2248     122457.6 0.0211
5  0  25.9 0.01630 0.01631 0.01841   2288     124300.0 0.0209
5  0  25.9 0.01650 0.01650 0.01968   2364     120105.9 0.0206
5  0  25.9 0.01670 0.01670 0.01968   2294     116549.4 0.0209
5  0  25.9 0.01690 0.01689 0.02004   2324     115956.8 0.0207
5  0  25.9 0.01710 0.01709 0.02004   2238     111665.8 0.0211
5  0  25.9 0.01730 0.01729 0.02107   2244     106484.4 0.0211
5  0  25.9 0.01750 0.01748 0.02132   2238     104957.0 0.0211
5  0  25.9 0.01770 0.01768 0.02171   2246     103436.0 0.0211
5  0  25.9 0.01790 0.01787 0.02295   2228      97065.7 0.0212
5  0  25.9 0.01810 0.01807 0.02295   2238      97501.4 0.0211
5  0  25.9 0.01830 0.01826 0.02519   2320      92083.3 0.0208
5  0  25.9 0.01850 0.01846 0.02747   2394      87151.9 0.0204
5  0  25.9 0.01870 0.01865 0.02747   2242      81618.5 0.0211
5  0  25.9 0.01890 0.01895 0.02841   2258      79472.2 0.0210
5  0  25.9 0.01910 0.01914 0.03157   2296      72735.9 0.0209
5  0  25.9 0.01930 0.01934 0.03334   2238      67133.4 0.0211
5  0  25.9 0.01950 0.01953 0.03656   2224      60828.8 0.0212
5  0  25.9 0.01970 0.01973 0.04103   2252      54886.3 0.0211
5  0  25.9 0.01990 0.01992 0.04528   2228      49207.4 0.0212
5  0  25.9 0.02010 0.02012 0.05178   2330      44997.0 0.0207
5  0  25.9 0.02030 0.02031 0.05899   2338      39636.6 0.0207
5  0  25.9 0.02050 0.02051 0.06698   2242      33471.0 0.0211
5  0  25.9 0.02070 0.02070 0.07633   2308      30238.4 0.0208
5  0  25.9 0.02090 0.02090 0.08769   2322      26478.8 0.0208
5  0  25.9 0.02110 0.02109 0.10163   2316      22788.3 0.0208
5  0  25.9 0.02130 0.02129 0.11860   2296      19359.9 0.0209
5  0  25.9 0.02150 0.02148 0.12561   2268      18056.6 0.0210
5  0  25.9 0.02170 0.02168 0.14371   2250      15656.0 0.0211
5  0  25.9 0.02190 0.02188 0.15035   2278      15151.7 0.0210
5  0  25.9 0.02210 0.02207 0.16670   2324      13941.1 0.0207
5  0  25.9 0.02230 0.02227 0.17293   2254      13034.4 0.0211
5  0  25.9 0.02250 0.02246 0.18176   2254      12400.9 0.0211
5  0  25.9 0.02270 0.02266 0.19644   2318      11800.2 0.0208
5  0  25.9 0.02290 0.02285 0.20283   2332      11497.5 0.0207
5  0  25.9 0.02310 0.02314 0.20283   2244      11063.7 0.0211
5  0  25.9 0.02330 0.02334 0.21153   2246      10618.0 0.0211
5  0  25.9 0.02350 0.02354 0.21640   2328      10758.0 0.0207
5  0  25.9 0.02370 0.02373 0.22261   2246      10089.5 0.0211
5  0  25.9 0.02390 0.02393 0.23071   2228       9657.3 0.0212
5  0  25.9 0.02410 0.02412 0.24045   2252       9365.9 0.0211
5  0  25.9 0.02430 0.02432 0.25566   2320       9074.6 0.0208
5  0  25.9 0.02450 0.02451 0.25566   2250       8800.8 0.0211
5  0  25.9 0.02470 0.02471 0.27311   2352       8611.9 0.0206
5  0  25.9 0.02490 0.02490 0.27786   2364       8507.8 0.0206
5  0  25.9 0.02510 0.02510 0.29485   2344       7949.8 0.0207
5  0  25.9 0.02530 0.02529 0.29485   2294       7780.3 0.0209
5  0  25.9 0.02550 0.02549 0.30081   2282       7586.3 0.0209
5  0  25.9 0.02570 0.02568 0.32352   2238       6917.7 0.0211
5  0  25.9 0.02590 0.02588 0.33736   2284       6770.1 0.0209
5  0  25.9 0.02610 0.02607 0.35696   2290       6415.2 0.0209
5  0  25.9 0.02630 0.02627 0.35696   2290       6415.2 0.0209
5  0  25.9 0.02650 0.02646 0.38811   2280       5874.6 0.0209
5  0  25.9 0.02670 0.02666 0.40248   2310       5739.5 0.0208
5  0  25.9 0.02690 0.02686 0.40248   2238       5560.6 0.0211
5  0  25.9 0.02710 0.02715 0.45488   2228       4898.0 0.0212
5  0  25.9 0.02730 0.02734 0.50496   2244       4443.9 0.0211
5  0  25.9 0.02750 0.02754 0.53840   2324       4316.5 0.0207
5  0  25.9 0.02770 0.02773 0.58130   2296       3949.8 0.0209
5  0  25.9 0.02790 0.02793 0.63130   2246       3557.7 0.0211
5  0  25.9 0.02810 0.02813 0.69238   2258       3261.2 0.0210
5  0  25.9 0.02830 0.02832 0.75417   2266       3004.6 0.0210
5  0  25.9 0.02850 0.02852 0.85918   2266       2637.4 0.0210
5  0  25.9 0.02870 0.02871 0.94737   2258       2383.4 0.0210
5  0  25.9 0.02890 0.02891 1.03476   2256       2180.2 0.0211
5  0  25.9 0.02910 0.02910 1.19012   2334       1961.1 0.0207
5  0  25.9 0.02930 0.02930 1.21000   2046       1690.9 0.0221
5  0  25.9 0.02950 0.02949 1.21000   1934       1598.3 0.0227
5  0  25.9 0.02970 0.02969 1.21000   1782       1472.7 0.0237
5  0  25.9 0.02990 0.02988 1.21000   1582       1307.4 0.0251
5  0  26.0 0.03010 0.03008 1.21000   1438       1188.4 0.0264
5  0  26.0 0.03030 0.03027 1.21000   1468       1213.2 0.0261
5  0  26.0 0.03050 0.03047 1.21000   1376       1137.2 0.0270
5  0  26.0 0.03070 0.03066 1.21000   1278       1056.2 0.0280
5  0  26.0 0.03090 0.03086 1.21000   1230       1016.5 0.0285
5  0  26.0 0.03110 0.03105 1.21000   1136        938.8 0.0297
5  0  26.0 0.03130 0.03135 1.21000   1162        960.3 0.0293
5  0  26.0 0.03150 0.03154 1.21000   1124        928.9 0.0298
5  0  26.0 0.03170 0.03174 1.21000   1102        910.7 0.0301
5  0  26.0 0.03190 0.03193 1.21000   1044        862.8 0.0309
5  0  26.0 0.03210 0.03213 1.21000    994        821.5 0.0317
5  0  26.0 0.03230 0.03232 1.21000   1004        829.8 0.0316
5  0  26.0 0.03250 0.03252 1.21000   1032        852.9 0.0311
5  0  26.0 0.03270 0.03271 1.21000    930        768.6 0.0328
5  0  26.0 0.03290 0.03291 1.21000    988        816.5 0.0318
5  0  26.0 0.03310 0.03311 1.21000    892        737.2 0.0335
5  0  26.0 0.03330 0.03330 1.21000    858        709.1 0.0341
5  0  26.0 0.03350 0.03350 1.21000    852        704.1 0.0343
5  0  26.0 0.03370 0.03369 1.21000    810        669.4 0.0351
5  0  26.0 0.03390 0.03389 1.21000    778        643.0 0.0359
5  0  26.0 0.03410 0.03408 1.21000    702        580.2 0.0377
5  0  26.0 0.03430 0.03428 1.21000    738        609.9 0.0368
5  0  26.0 0.03450 0.03447 1.21000    718        593.4 0.0373
5  0  26.0 0.03470 0.03467 1.21000    648        535.5 0.0393
5  0  26.0 0.03490 0.03486 1.21000    630        520.7 0.0398
5  0  26.0 0.03510 0.03506 1.21000    590        487.6 0.0412
5  0  26.0 0.03530 0.03525 1.21000    596        492.6 0.0410
5  0  26.0 0.03550 0.03555 1.21000    594        490.9 0.0410
5  0  26.0 0.03570 0.03574 1.21000    518        428.1 0.0439
5  0  26.0 0.03590 0.03594 1.21000    488        403.3 0.0453
5  0  26.0 0.03610 0.03613 1.21000    480        396.7 0.0456
5  0  26.0 0.03630 0.03633 1.21000    470        388.4 0.0461
5  0  26.0 0.03650 0.03652 1.21000    406        335.5 0.0496
5  0  26.0 0.03670 0.03672 1.21000    408        337.2 0.0495
5  0  26.0 0.03690 0.03691 1.21000    390        322.3 0.0506
5  0  26.0 0.03710 0.03711 1.21000    388        320.7 0.0508
5  0  26.0 0.03730 0.03730 1.21000    386        319.0 0.0509
5  0  26.0 0.03750 0.03750 1.21000    324        267.8 0.0556
5  0  26.0 0.03770 0.03770 1.21000    320        264.5 0.0559
5  0  26.0 0.03790 0.03789 1.21000    324        267.8 0.0556
5  0  26.0 0.03810 0.03809 1.21000    304        251.2 0.0574
5  0  26.0 0.03830 0.03828 1.21000    312        257.9 0.0566
5  0  26.0 0.03850 0.03848 1.21000    274        226.4 0.0604
5  0  26.0 0.03870 0.03867 1.21000    306        252.9 0.0572
5  0  26.0 0.03890 0.03887 1.21000    292        241.3 0.0585
5  0  26.0 0.03910 0.03906 1.21000    298        246.3 0.0579
5  0  26.0 0.03930 0.03926 1.21000    286        236.4 0.0591
5  0  26.0 0.03950 0.03945 1.21000    268        221.5 0.0611
5  0  26.0 0.03970 0.03975 1.21000    274        226.4 0.0604
5  0  26.0 0.03990 0.03994 1.21000    254        209.9 0.0627
5  1  26.0 0.00010 0.00010 0.27437  71804     261709.5 0.0037
5  1  26.0 0.00030 0.00029 0.21942  71282     324866.9 0.0037
5  1  26.0 0.00050 0.00049 0.12053  72266     599556.9 0.0037
5  1  26.0 0.00070 0.00068 0.06871  70978    1033059.6 0.0038
5  1  26.0 0.00090 0.00088 0.04328  71734    1657391.9 0.0037
5  1  26.0 0.00110 0.00107 0.03203  74670    2331165.5 0.0037
5  1  26.0 0.00130 0.00127 0.02449  71578    2922902.0 0.0037
5  1  26.0 0.00150 0.00146 0.02094  72288    3452815.2 0.0037
5  1  26.0 0.00170 0.00166 0.02094  79674    3805605.3 0.0035
5  1  26.0 0.00190 0.00186 0.01771  71894    4058697.0 0.0037
5  1  26.0 0.00210 0.00215 0.01771  76020    4291625.8 0.0036
5  1  26.0 0.00230 0.00234 0.01771  77822    4393355.7 0.0036
5  1  26.0 0.00250 0.00254 0.01771  78920    4455342.1 0.0036
5  1  26.0 0.00270 0.00273 0.01771  79634    4495650.2 0.0035
5  1  26.0 0.00290 0.00293 0.01591  72006    4525496.2 0.0037
5  1  26.0 0.00310 0.00313 0.01591  72308    4544476.6 0.0037
5  1  26.0 0.00330 0.00332 0.01591  72494    4556166.5 0.0037
5  1  26.0 0.00350 0.00352 0.01591  72582    4561697.2 0.0037
5  1  26.0 0.00370 0.00371 0.01591  72588    4562074.3 0.0037
5  1  26.0 0.00390 0.00391 0.01591  72464    4554281.0 0.0037
5  1  26.0 0.00410 0.00410 0.01591  72270    4542088.3 0.0037
5  1  26.0 0.00430 0.00430 0.01591  71946    4521725.3 0.0037
5  1  26.0 0.00450 0.00449 0.01591  71414    4488289.7 0.0037
5  1  26.0 0.00470 0.00469 0.01591  70628    4438890.5 0.0038
5  1  26.0 0.00490 0.00488 0.01591  69394    4361334.9 0.0038
5  1  26.0 0.00510 0.00508 0.01591  67712    4255623.1 0.0038
5  1  26.0 0.00530 0.00527 0.01591  65014    4086056.9 0.0039
5  1  26.0 0.00550 0.00547 0.01591  60858    3824856.9 0.0041
5  1  26.0 0.00570 0.00566 0.01591  55422    3483210.4 0.0042
5  1  26.0 0.00590 0.00586 0.01591  49236    3094427.3 0.0045
5  1  26.0 0.00610 0.00605 0.01591  42306    2658884.6 0.0049
5  1  26.0 0.00630 0.00635 0.01591  33136    2082560.4 0.0055
5  1  26.0 0.00650 0.00654 0.01591  29070    1827016.8 0.0059
5  1  26.0 0.00670 0.00674 0.01591  26582    1670648.8 0.0061
5  1  26.0 0.00690 0.00693 0.01591  24984    1570216.3 0.0063
5  1  26.0 0.00710 0.00713 0.01591  23938    1504476.4 0.0065
5  1  26.0 0.00730 0.00732 0.01591  23812    1496557.4 0.0065
5  1  26.0 0.00750 0.00752 0.01591  23724    1491026.7 0.0065
5  1  26.0 0.00770 0.00771 0.01591  23268    1462367.7 0.0066
5  1  26.0 0.00790 0.00791 0.01591  23338    1466767.1 0.0065
5  1  26.0 0.00810 0.00811 0.01591  23486    1476068.7 0.0065
5  1  26.0 0.00830 0.00830 0.01591  23336    1466641.4 0.0065
5  1  26.0 0.00850 0.00850 0.01591  23300    1464378.8 0.0066
5  1  26.0 0.00870 0.00869 0.01591  23272    1462619.1 0.0066
5  1  26.0 0.00890 0.00889 0.01591  23210    1458722.4 0.0066
5  1  26.0 0.00910 0.00908 0.01591  23234    1460230.8 0.0066
5  1  26.0 0.00930 0.00928 0.01591  23368    1468652.5 0.0065
5  1  26.0 0.00950 0.00947 0.01591  23304    1464630.2 0.0066
5  1  26.0 0.00970 0.00967 0.01591  23452    1473931.9 0.0065
5  1  26.0 0.00990 0.00986 0.01591  23218    1459225.2 0.0066
5  1  26.0 0.01010 0.01006 0.01591  23054    1448918.0 0.0066
5  1  26.0 0.01030 0.01025 0.01591  23056    1449043.7 0.0066
5  1  26.0 0.01050 0.01055 0.01591  22768    1430943.2 0.0066
5  1  26.0 0.01070 0.01074 0.01591  22382    1406683.6 0.0067
5  1  26.0 0.01090 0.01094 0.01591  22168    1393233.9 0.0067
5  1  26.0 0.01110 0.01113 0.01591  21324    1340189.4 0.0068
5  1  26.0 0.01130 0.01133 0.01591  20594    1294309.8 0.0070
5  1  26.0 0.01150 0.01152 0.01591  19376    1217759.8 0.0072
5  1  26.0 0.01170 0.01172 0.01591  18028    1133039.5 0.0074
5  1  26.0 0.01190 0.01191 0.01591  16254    1021545.6 0.0078
5  1  26.0 0.01210 0.01211 0.01591  14480     910051.7 0.0083
5  1  26.0 0.01230 0.01230 0.01591  12662     795792.5 0.0089
5  1  26.0 0.01250 0.01250 0.01591  10990     690709.2 0.0095
5  1  26.0 0.01270 0.01270 0.01591   9184     577204.1 0.0104
5  1  26.0 0.01290 0.01289 0.01591   7858     493866.5 0.0113
5  1  26.0 0.01310 0.01309 0.01591   6614     415682.5 0.0123
5  1  26.0 0.01330 0.01328 0.01591   5672     356478.8 0.0133
5  1  26.0 0.01350 0.01348 0.01591   4774     300040.5 0.0145
5  1  26.0 0.01370 0.01367 0.01591   4330     272135.6 0.0152
5  1  26.0 0.01390 0.01387 0.01591   3922     246493.3 0.0160
5  1  26.0 0.01410 0.01406 0.01591   3666     230404.0 0.0165
5  1  26.0 0.01430 0.01426 0.01591   3422     215068.9 0.0171
5  1  26.0 0.01450 0.01445 0.01591   3302     207527.0 0.0174
5  1  26.0 0.01470 0.01475 0.01591   3096     194580.1 0.0180
5  1  26.0 0.01490 0.01494 0.01591   3050     191689.1 0.0181
5  1  26.0 0.01510 0.01514 0.01591   3010     189175.1 0.0182
5  1  26.0 0.01530 0.01533 0.01591   2904     182513.1 0.0186
5  1  26.0 0.01550 0.01553 0.01591   2916     183267.3 0.0185
5  1  26.0 0.01570 0.01572 0.01591   2838     178365.1 0.0188
5  1  26.0 0.01590 0.01592 0.01591   2742     172331.6 0.0191
5  1  26.0 0.01610 0.01611 0.01591   2596     163155.7 0.0196
5  1  26.0 0.01630 0.01631 0.01591   2560     160893.1 0.0198
5  1  26.0 0.01650 0.01650 0.01591   2536     159384.8 0.0199
5  1  26.0 0.01670 0.01670 0.01591   2458     154482.5 0.0202
5  1  26.0 0.01690 0.01689 0.01591   2408     151340.1 0.0204
5  1  26.0 0.01710 0.01709 0.01591   2240     140781.5 0.0211
5  1  26.0 0.01730 0.01729 0.01616   2256     139617.5 0.0211
5  1  26.0 0.01750 0.01748 0.01616   2240     138627.3 0.0211
5  1  26.0 0.01770 0.01768 0.01689   2282     135125.0 0.0209
5  1  26.0 0.01790 0.01787 0.01759   2256     128233.6 0.0211
5  1  26.0 0.01810 0.01807 0.01819   2250     123664.4 0.0211
5  1  26.0 0.01830 0.01826 0.01910   2286     119669.2 0.0209
5  1  26.0 0.01850 0.01846 0.02017   2262     112124.5 0.0210
5  1  26.0 0.01870 0.01865 0.02030   2250     110826.9 0.0211
5  1  26.0 0.01890 0.01895 0.02362   2308      97721.0 0.0208
5  1  26.0 0.01910 0.01914 0.02472   2274      92005.2 0.0210
5  1  26.0 0.01930 0.01934 0.02620   2236      85337.7 0.0211
5  1  26.0 0.01950 0.01953 0.02945   2366      80328.5 0.0206
5  1  26.0 0.01970 0.01973 0.03279   2314      70561.2 0.0208
5  1  26.0 0.01990 0.01992 0.03690   2386      64656.6 0.0205
5  1  26.0 0.02010 0.02012 0.04092   2258      55184.8 0.0210
5  1  26.0 0.02030 0.02031 0.04740   2406      50761.8 0.0204
5  1  26.0 0.02050 0.02051 0.05413   2306      42603.9 0.0208
5  1  26.0 0.02070 0.02070 0.06118   2270      37103.6 0.0210
5  1  26.0 0.02090 0.02090 0.06971   2242      32160.0 0.0211
5  1  26.0 0.02110 0.02109 0.07944   2270      28575.7 0.0210
5  1  26.0 0.02130 0.02129 0.09551   2416      25294.5 0.0203
5  1  26.0 0.02150 0.02148 0.10030   2252      22452.7 0.0211
5  1  26.0 0.02170 0.02168 0.11041   2276      20613.9 0.0210
5  1  26.0 0.02190 0.02188 0.12321   2382      19332.5 0.0205
5  1  26.0 0.02210 0.02207 0.13099   2332      17802.3 0.0207
5  1  26.0 0.02230 0.02227 0.13099   2240      17100.0 0.0211
5  1  26.0 0.02250 0.02246 0.13980   2286      16351.5 0.0209
5  1  26.0 0.02270 0.02266 0.14807   2248      15182.4 0.0211
5  1  26.0 0.02290 0.02285 0.15774   2314      14669.9 0.0208
5  1  26.0 0.02310 0.02314 0.16502   2282      13829.0 0.0209
5  1  26.0 0.02330 0.02334 0.17118   2340      13669.9 0.0207
5  1  26.0 0.02350 0.02354 0.17289   2240      12956.2 0.0211
5  1  26.0 0.02370 0.02373 0.18314   2292      12515.1 0.0209
5  1  26.0 0.02390 0.02393 0.19151   2292      11968.1 0.0209
5  1  26.0 0.02410 0.02412 0.20942   2406      11489.1 0.0204
5  1  26.0 0.02430 0.02432 0.20942   2342      11183.5 0.0207
5  1  26.0 0.02450 0.02451 0.20942   2268      10830.1 0.0210
5  1  26.0 0.02470 0.02471 0.21248   2240      10542.4 0.0211
5  1  26.0 0.02490 0.02490 0.22744   2298      10103.8 0.0209
5  1  26.0 0.02510 0.02510 0.23694   2316       9774.6 0.0208
5  1  26.0 0.02530 0.02529 0.24487   2232       9114.9 0.0212
5  1  26.0 0.02550 0.02549 0.25485   2254       8844.5 0.0211
5  1  26.0 0.02570 0.02568 0.27247   2386       8757.0 0.0205
5  1  26.0 0.02590 0.02588 0.27668   2260       8168.1 0.0210
5  1  26.0 0.02610 0.02607 0.29992   2296       7655.4 0.0209
5  1  26.0 0.02630 0.02627 0.29992   2230       7435.4 0.0212
5  1  26.0 0.02650 0.02646 0.33691   2412       7159.1 0.0204
5  1  26.0 0.02670 0.02666 0.33691   2258       6702.0 0.0210
5  1  26.0 0.02690 0.02686 0.36590   2278       6225.8 0.0210
5  1  26.0 0.02710 0.02715 0.40639   2264       5570.9 0.0210
5  1  26.0 0.02730 0.02734 0.43240   2244       5189.7 0.0211
5  1  26.0 0.02750 0.02754 0.46147   2230       4832.4 0.0212
5  1  26.0 0.02770 0.02773 0.51321   2276       4434.8 0.0210
5  1  26.0 0.02790 0.02793 0.56120   2228       3970.1 0.0212
5  1  26.0 0.02810 0.02813 0.63360   2258       3563.8 0.0210
5  1  26.0 0.02830 0.02832 0.68436   2244       3279.0 0.0211
5  1  26.0 0.02850 0.02852 0.76262   2252       2953.0 0.0211
5  1  26.0 0.02870 0.02871 0.85324   2348       2751.9 0.0206
5  1  26.0 0.02890 0.02891 0.94890   2224       2343.8 0.0212
5  1  26.0 0.02910 0.02910 1.06414   2288       2150.1 0.0209
5  1  26.0 0.02930 0.02930 1.14671   2232       1946.4 0.0212
5  1  26.0 0.02950 0.02949 1.21000   2126       1757.0 0.0217
5  1  26.0 0.02970 0.02969 1.21000   1954       1614.9 0.0226
5  1  26.0 0.02990 0.02988 1.21000   1762       1456.2 0.0238
5  1  26.0 0.03010 0.03008 1.21000   1690       1396.7 0.0243
5  1  26.0 0.03030 0.03027 1.21000   1566       1294.2 0.0253
5  1  26.0 0.03050 0.03047 1.21000   1596       1319.0 0.0250
5  1  26.0 0.03070 0.03066 1.21000   1438       1188.4 0.0264
5  1  26.0 0.03090 0.03086 1.21000   1348       1114.0 0.0272
5  1  26.0 0.03110 0.03105 1.21000   1316       1087.6 0.0276
5  1  26.0 0.03130 0.03135 1.21000   1238       1023.1 0.0284
5  1  26.0 0.03150 0.03154 1.21000   1204        995.0 0.0288
5  1  26.0 0.03170 0.03174 1.21000   1208        998.3 0.0288
5  1  26.0 0.03190 0.03193 1.21000   1134        937.2 0.0297
5  1  26.0 0.03210 0.03213 1.21000   1148        948.8 0.0295
5  1  26.0 0.03230 0.03232 1.21000   1092        902.5 0.0303
5  1  26.0 0.03250 0.03252 1.21000   1036        856.2 0.0311
5  1  26.0 0.03270 0.03271 1.21000    996        823.1 0.0317
5  1  26.0 0.03290 0.03291 1.21000    912        753.7 0.0331
5  1  26.0 0.03310 0.03311 1.21000    938        775.2 0.0327
5  1  26.0 0.03330 0.03330 1.21000    908        750.4 0.0332
5  1  26.0 0.03350 0.03350 1.21000    834        689.3 0.0346
5  1  26.0 0.03370 0.03369 1.21000    850        702.5 0.0343
5  1  26.0 0.03390 0.03389 1.21000    790        652.9 0.0356
5  1  26.0 0.03410 0.03408 1.21000    780        644.6 0.0358
5  1  26.0 0.03430 0.03428 1.21000    756        624.8 0.0364
5  1  26.0 0.03450 0.03447 1.21000    698        576.9 0.0379
5  1  26.0 0.03470 0.03467 1.21000    726        600.0 0.0371
5  1  26.0 0.03490 0.03486 1.21000    674        557.0 0.0385
5  1  26.0 0.03510 0.03506 1.21000    642        530.6 0.0395
5  1  26.0 0.03530 0.03525 1.21000    568        469.4 0.0420
5  1  26.0 0.03550 0.03555 1.21000    590        487.6 0.0412
5  1  26.0 0.03570 0.03574 1.21000    564        466.1 0.0421
5  1  26.0 0.03590 0.03594 1.21000    498        411.6 0.0448
5  1  26.0 0.03610 0.03613 1.21000    506        418.2 0.0445
5  1  26.0 0.03630 0.03633 1.21000    480        396.7 0.0456
5  1  26.0 0.03650 0.03652 1.21000    438        362.0 0.0478
5  1  26.0 0.03670 0.03672 1.21000    426        352.1 0.0485
5  1  26.0 0.03690 0.03691 1.21000    394        325.6 0.0504
5  1  26.0 0.03710 0.03711 1.21000    406        335.5 0.0496
5  1  26.0 0.03730 0.03730 1.21000    346        286.0 0.0538
5  1  26.0 0.03750 0.03750 1.21000    340        281.0 0.0542
5  1  26.0 0.03770 0.03770 1.21000    310        256.2 0.0568
5  1  26.0 0.03790 0.03789 1.21000    312        257.9 0.0566
5  1  26.0 0.03810 0.03809 1.21000    326        269.4 0.0554
5  1  26.0 0.03830 0.03828 1.21000    288        238.0 0.0589
5  1  26.0 0.03850 0.03848 1.21000    300        247.9 0.0577
5  1  26.0 0.03870 0.03867 1.21000    316        261.2 0.0563
5  1  26.0 0.03890 0.03887 1.21000    314        259.5 0.0564
5  1  26.0 0.03910 0.03906 1.21000    274        226.4 0.0604
5  1  26.0 0.03930 0.03926 1.21000    300        247.9 0.0577
5  1  26.0 0.03950 0.03945 1.21000    256        211.6 0.0625
5  1  26.0 0.03970 0.03975 1.21000    272        224.8 0.0606
5  1  26.0 0.03990 0.03994 1.21000    256        211.6 0.0625
5  2  26.0 0.00010 0.00010 0.23087  71746     310764.0 0.0037
5  2  26.0 0.00030 0.00029 0.19105  72632     380169.9 0.0037
5  2  26.0 0.00050 0.00049 0.10545  71512     678183.1 0.0037
5  2  26.0 0.00070 0.00068 0.06297  72034    1143888.0 0.0037
5  2  26.0 0.00090 0.00088 0.03958  71666    1810533.5 0.0037
5  2  26.0 0.00110 0.00107 0.02926  72202    2467365.0 0.0037
5  2  26.0 0.00130 0.00127 0.02350  71736    3052860.4 0.0037
5  2  26.0 0.00150 0.00146 0.02040  71960    3528132.1 0.0037
5  2  26.0 0.00170 0.00166 0.02040  78732    3860157.0 0.0036
5  2  26.0 0.00190 0.00186 0.01755  72214    4115832.3 0.0037
5  2  26.0 0.00210 0.00215 0.01755  75998    4331501.1 0.0036
5  2  26.0 0.00230 0.00234 0.01755  77554    4420185.3 0.0036
5  2  26.0 0.00250 0.00254 0.01755  78546    4476724.2 0.0036
5  2  26.0 0.00270 0.00273 0.01755  79190    4513429.0 0.0036
5  2  26.0 0.00290 0.00293 0.01755  79660    4540216.6 0.0035
5  2  26.0 0.00310 0.00313 0.01755  79948    4556631.1 0.0035
5  2  26.0 0.00330 0.00332 0.01577  71888    4559444.7 0.0037
5  2  26.0 0.00350 0.00352 0.01577  71952    4563503.9 0.0037
5  2  26.0 0.00370 0.00371 0.01577  71914    4561093.8 0.0037
5  2  26.0 0.00390 0.00391 0.01577  71768    4551833.8 0.0037
5  2  26.0 0.00410 0.00410 0.01577  71532    4536865.7 0.0037
5  2  26.0 0.00430 0.00430 0.01577  71154    4512891.3 0.0037
5  2  26.0 0.00450 0.00449 0.01577  70560    4475217.3 0.0038
5  2  26.0 0.00470 0.00469 0.01577  69700    4420672.4 0.0038
5  2  26.0 0.00490 0.00488 0.01577  68400    4338220.8 0.0038
5  2  26.0 0.00510 0.00508 0.01577  66450    4214543.5 0.0039
5  2  26.0 0.00530 0.00527 0.01577  63472    4025666.0 0.0040
5  2  26.0 0.00550 0.00547 0.01577  58862    3733280.0 0.0041
5  2  26.0 0.00570 0.00566 0.01577  52834    3350958.5 0.0044
5  2  26.0 0.00590 0.00586 0.01577  45640    2894684.2 0.0047
5  2  26.0 0.00610 0.00605 0.01577  37558    2382089.2 0.0052
5  2  26.0 0.00630 0.00635 0.01577  27056    1716007.4 0.0061
5  2  26.0 0.00650 0.00654 0.01577  22204    1408272.7 0.0067
5  2  26.0 0.00670 0.00674 0.01577  19052    1208359.4 0.0072
5  2  26.0 0.00690 0.00693 0.01577  17264    1094956.8 0.0076
5  2  26.0 0.00710 0.00713 0.01577  16344    1036606.5 0.0078
5  2  26.0 0.00730 0.00732 0.01577  15696     995507.5 0.0080
5  2  26.0 0.00750 0.00752 0.01577  15422     978129.3 0.0081
5  2  26.0 0.00770 0.00771 0.01577  15532     985105.9 0.0080
5  2  26.0 0.00790 0.00791 0.01577  15372     974958.1 0.0081
5  2  26.0 0.00810 0.00811 0.01577  15256     967600.8 0.0081
5  2  26.0 0.00830 0.00830 0.01577  15522     984471.7 0.0080
5  2  26.0 0.00850 0.00850 0.01577  15334     972547.9 0.0081
5  2  26.0 0.00870 0.00869 0.01577  15566     987262.4 0.0080
5  2  26.0 0.00890 0.00889 0.01577  15322     971786.8 0.0081
5  2  26.0 0.00910 0.00908 0.01577  15306     970772.0 0.0081
5  2  26.0 0.00930 0.00928 0.01577  15392     976226.5 0.0081
5  2  26.0 0.00950 0.00947 0.01577  15430     978636.7 0.0081
5  2  26.0 0.00970 0.00967 0.01577  15166     961892.7 0.0081
5  2  26.0 0.00990 0.00986 0.01577  15500     983076.4 0.0080
5  2  26.0 0.01010 0.01006 0.01577  15286     969503.6 0.0081
5  2  26.0 0.01030 0.01025 0.01577  15246     966966.6 0.0081
5  2  26.0 0.01050 0.01055 0.01577  15058     955042.8 0.0081
5  2  26.0 0.01070 0.01074 0.01577  14796     938425.7 0.0082
5  2  26.0 0.01090 0.01094 0.01577  14588     925233.4 0.0083
5  2  26.0 0.01110 0.01113 0.01577  14132     896311.9 0.0084
5  2  26.0 0.01130 0.01133 0.01577  13306     843923.5 0.0087
5  2  26.0 0.01150 0.01152 0.01577  12232     775805.8 0.0090
5  2  26.0 0.01170 0.01172 0.01577  11122     705404.9 0.0095
5  2  26.0 0.01190 0.01191 0.01577   9824     623080.1 0.0101
5  2  26.0 0.01210 0.01211 0.01577   8552     542404.5 0.0108
5  2  26.0 0.01230 0.01230 0.01577   7252     459952.9 0.0117
5  2  26.0 0.01250 0.01250 0.01577   6102     387015.0 0.0128
5  2  26.0 0.01270 0.01270 0.01577   5096     323210.1 0.0140
5  2  26.0 0.01290 0.01289 0.01577   4254     269806.9 0.0153
5  2  26.0 0.01310 0.01309 0.01577   3518     223126.6 0.0169
5  2  26.0 0.01330 0.01328 0.01577   2860     181393.4 0.0187
5  2  26.0 0.01350 0.01348 0.01577   2500     158560.7 0.0200
5  2  26.0 0.01370 0.01367 0.01597   2246     140655.9 0.0211
5  2  26.0 0.01390 0.01387 0.01743   2226     127734.1 0.0212
5  2  26.0 0.01410 0.01406 0.01871   2270     121348.4 0.0210
5  2  26.0 0.01430 0.01426 0.01956   2286     116869.2 0.0209
5  2  26.0 0.01450 0.01445 0.02010   2358     117310.7 0.0206
5  2  26.0 0.01470 0.01475 0.02045   2254     110219.0 0.0211
5  2  26.0 0.01490 0.01494 0.02141   2278     106379.4 0.0210
5  2  26.0 0.01510 0.01514 0.02161   2290     105977.2 0.0209
5  2  26.0 0.01530 0.01533 0.02161   2252     104218.6 0.0211
5  2  26.0 0.01550 0.01553 0.02204   2270     102971.4 0.0210
5  2  26.0 0.01570 0.01572 0.02311   2314     100148.8 0.0208
5  2  26.0 0.01590 0.01592 0.02355   2234      94858.9 0.0212
5  2  26.0 0.01610 0.01611 0.02355   2302      97746.3 0.0208
5  2  26.0 0.01630 0.01631 0.02470   2266      91732.6 0.0210
5  2  26.0 0.01650 0.01650 0.02470   2238      90599.1 0.0211
5  2  26.0 0.01670 0.01670 0.02548   2328      91363.2 0.0207
5  2  26.0 0.01690 0.01689 0.02548   2242      87988.1 0.0211
5  2  26.0 0.01710 0.01709 0.02673   2246      84036.3 0.0211
5  2  26.0 0.01730 0.01729 0.02754   2258      81975.8 0.0210
5  2  26.0 0.01750 0.01748 0.02754   2222      80668.9 0.0212
5  2  26.0 0.01770 0.01768 0.02907   2252      77461.8 0.0211
5  2  26.0 0.01790 0.01787 0.03056   2252      73696.8 0.0211
5  2  26.0 0.01810 0.01807 0.03056   2290      74940.3 0.0209
5  2  26.0 0.01830 0.01826 0.03243   2230      68772.9 0.0212
5  2  26.0 0.01850 0.01846 0.03460   2234      64563.0 0.0212
5  2  26.0 0.01870 0.01865 0.03675   2340      63679.3 0.0207
5  2  26.0 0.01890 0.01895 0.04124   2294      55628.4 0.0209
5  2  26.0 0.01910 0.01914 0.04480   2364      52770.3 0.0206
5  2  26.0 0.01930 0.01934 0.04827   2334      48349.0 0.0207
5  2  26.0 0.01950 0.01953 0.05506   2314      42023.8 0.0208
5  2  26.0 0.01970 0.01973 0.05911   2236      37829.4 0.0211
5  2  26.0 0.01990 0.01992 0.07038   2232      31711.7 0.0212
5  2  26.0 0.02010 0.02012 0.07735   2324      30046.9 0.0207
5  2  26.0 0.02030 0.02031 0.09310   2292      24618.7 0.0209
5  2  26.0 0.02050 0.02051 0.10529   2236      21236.7 0.0211
5  2  26.0 0.02070 0.02070 0.12072   2248      18621.8 0.0211
5  2  26.0 0.02090 0.02090 0.14054   2342      16664.6 0.0207
5  2  26.0 0.02110 0.02109 0.15787   2230      14125.2 0.0212
5  2  26.0 0.02130 0.02129 0.18138   2298      12669.3 0.0209
5  2  26.0 0.02150 0.02148 0.19991   2276      11385.1 0.0210
5  2  26.0 0.02170 0.02168 0.21488   2288      10647.9 0.0209
5  2  26.0 0.02190 0.02188 0.22892   2270       9916.2 0.0210
5  2  26.0 0.02210 0.02207 0.24684   2302       9325.9 0.0208
5  2  26.0 0.02230 0.02227 0.24684   2222       9001.8 0.0212
5  2  26.0 0.02250 0.02246 0.26171   2284       8727.2 0.0209
5  2  26.0 0.02270 0.02266 0.27290   2304       8442.6 0.0208
5  2  26.0 0.02290 0.02285 0.27290   2222       8142.1 0.0212
5  2  26.0 0.02310 0.02314 0.28848   2262       7841.1 0.0210
5  2  26.0 0.02330 0.02334 0.30029   2394       7972.4 0.0204
5  2  26.0 0.02350 0.02354 0.30772   2240       7279.4 0.0211
5  2  26.0 0.02370 0.02373 0.31626   2424       7664.6 0.0203
5  2  26.0 0.02390 0.02393 0.31884   2224       6975.3 0.0212
5  2  26.0 0.02410 0.02412 0.34299   2340       6822.3 0.0207
5  2  26.0 0.02430 0.02432 0.34705   2232       6431.3 0.0212
5  2  26.0 0.02450 0.02451 0.36103   2262       6265.5 0.0210
5  2  26.0 0.02470 0.02471 0.36563   2264       6192.0 0.0210
5  2  26.0 0.02490 0.02490 0.38550   2272       5893.7 0.0210
5  2  26.0 0.02510 0.02510 0.40519   2234       5513.5 0.0212
5  2  26.0 0.02530 0.02529 0.41598   2278       5476.2 0.0210
5  2  26.0 0.02550 0.02549 0.43505   2224       5112.1 0.0212
5  2  26.0 0.02570 0.02568 0.45424   2234       4918.1 0.0212
5  2  26.0 0.02590 0.02588 0.47833   2272       4749.8 0.0210
5  2  26.0 0.02610 0.02607 0.51495   2292       4450.9 0.0209
5  2  26.0 0.02630 0.02627 0.52105   2266       4348.9 0.0210
5  2  26.0 0.02650 0.02646 0.55502   2222       4003.5 0.0212
5  2  26.0 0.02670 0.02666 0.60992   2360       3869.4 0.0206
5  2  26.0 0.02690 0.02686 0.62167   2264       3641.8 0.0210
5  2  26.0 0.02710 0.02715 0.71726   2246       3131.4 0.0211
5  2  26.0 0.02730 0.02734 0.79602   2264       2844.1 0.0210
5  2  26.0 0.02750 0.02754 0.86535   2262       2614.0 0.0210
5  2  26.0 0.02770 0.02773 0.98993   2256       2278.9 0.0211
5  2  26.0 0.02790 0.02793 1.03952   2262       2176.0 0.0210
5  2  26.0 0.02810 0.02813 1.15376   2246       1946.7 0.0211
5  2  26.0 0.02830 0.02832 1.21000   1936       1600.0 0.0227
5  2  26.0 0.02850 0.02852 1.21000   1740       1438.0 0.0240
5  2  26.0 0.02870 0.02871 1.21000   1608       1328.9 0.0249
5  2  26.0 0.02890 0.02891 1.21000   1516       1252.9 0.0257
5  2  26.0 0.02910 0.02910 1.21000   1306       1079.3 0.0277
5  2  26.0 0.02930 0.02930 1.21000   1250       1033.1 0.0283
5  2  26.0 0.02950 0.02949 1.21000   1126        930.6 0.0298
5  2  26.0 0.02970 0.02969 1.21000   1088        899.2 0.0303
5  2  26.0 0.02990 0.02988 1.21000   1048        866.1 0.0309
5  2  26.0 0.03010 0.03008 1.21000   1008        833.1 0.0315
5  2  26.0 0.03030 0.03027 1.21000    940        776.9 0.0326
5  2  26.0 0.03050 0.03047 1.21000    906        748.8 0.0332
5  2  26.0 0.03070 0.03066 1.21000    880        727.3 0.0337
5  2  26.0 0.03090 0.03086 1.21000    902        745.5 0.0333
5  2  26.0 0.03110 0.03105 1.21000    808        667.8 0.0352
5  2  26.0 0.03130 0.03135 1.21000    748        618.2 0.0366
5  2  26.0 0.03150 0.03154 1.21000    812        671.1 0.0351
5  2  26.0 0.03170 0.03174 1.21000    812        671.1 0.0351
5  2  26.0 0.03190 0.03193 1.21000    716        591.7 0.0374
5  2  26.0 0.03210 0.03213 1.21000    694        573.6 0.0380
5  2  26.0 0.03230 0.03232 1.21000    712        588.4 0.0375
5  2  26.0 0.03250 0.03252 1.21000    712        588.4 0.0375
5  2  26.0 0.03270 0.03271 1.21000    676        558.7 0.0385
5  2  26.0 0.03290 0.03291 1.21000    642        530.6 0.0395
5  2  26.0 0.03310 0.03311 1.21000    648        535.5 0.0393
5  2  26.0 0.03330 0.03330 1.21000    610        504.1 0.0405
5  2  26.0 0.03350 0.03350 1.21000    602        497.5 0.0408
5  2  25.9 0.03370 0.03369 1.21000    540        446.3 0.0430
5  2  25.9 0.03390 0.03389 1.21000    530        438.0 0.0434
5  2  25.9 0.03410 0.03408 1.21000    552        456.2 0.0426
5  2  25.9 0.03430 0.03428 1.21000    462        381.8 0.0465
5  2  25.9 0.03450 0.03447 1.21000    456        376.9 0.0468
5  2  25.9 0.03470 0.03467 1.21000    466        385.1 0.0463
5  2  25.9 0.03490 0.03486 1.21000    422        348.8 0.0487
5  2  25.9 0.03510 0.03506 1.21000    440        363.6 0.0477
5  2  25.9 0.03530 0.03525 1.21000    388        320.7 0.0508
5  2  25.9 0.03550 0.03555 1.21000    374        309.1 0.0517
5  2  25.9 0.03570 0.03574 1.21000    354        292.6 0.0531
5  2  25.9 0.03590 0.03594 1.21000    362        299.2 0.0526
5  2  25.9 0.03610 0.03613 1.21000    364        300.8 0.0524
5  2  25.9 0.03630 0.03633 1.21000    332        274.4 0.0549
5  2  25.9 0.03650 0.03652 1.21000    294        243.0 0.0583
5  2  25.9 0.03670 0.03672 1.21000    284        234.7 0.0593
5  2  25.9 0.03690 0.03691 1.21000    284        234.7 0.0593
5  2  25.9 0.03710 0.03711 1.21000    282        233.1 0.0595
5  2  25.9 0.03730 0.03730 1.21000    276        228.1 0.0602
5  2  25.9 0.03750 0.03750 1.21000    246        203.3 0.0638
5  2  25.9 0.03770 0.03770 1.21000    270        223.1 0.0609
5  2  25.9 0.03790 0.03789 1.21000    230        190.1 0.0659
5  2  25.9 0.03810 0.03809 1.21000    270        223.1 0.0609
5  2  25.9 0.03830 0.03828 1.21000    262        216.5 0.0618
5  2  25.9 0.03850 0.03848 1.21000    248        205.0 0.0635
5  2  25.9 0.03870 0.03867 1.21000    246        203.3 0.0638
5  2  25.9 0.03890 0.03887 1.21000    244        201.7 0.0640
5  2  25.9 0.03910 0.03906 1.21000    226        186.8 0.0665
5  2  25.9 0.03930 0.03926 1.21000    250        206.6 0.0632
5  2  25.9 0.03950 0.03945 1.21000    248        205.0 0.0635
5  2  25.9 0.03970 0.03975 1.21000    218        180.2 0.0677
5  2  25.9 0.03990 0.03994 1.21000    218        180.2 0.0677
5  3  25.9 0.00010 0.00010 0.23824  71504     300130.9 0.0037
5  3  25.9 0.00030 0.00029 0.19245  71260     370285.8 0.0037
5  3  25.9 0.00050 0.00049 0.10659  71666     672370.4 0.0037
5  3  25.9 0.00070 0.00068 0.06330  71900    1135912.5 0.0037
5  3  25.9 0.00090 0.00088 0.04005  71952    1796513.5 0.0037
5  3  25.9 0.00110 0.00107 0.02929  72208    2465523.1 0.0037
5  3  25.9 0.00130 0.00127 0.02357  71702    3042421.5 0.0037
5  3  25.9 0.00150 0.00146 0.02041  72446    3548665.9 0.0037
5  3  25.9 0.00170 0.00166 0.02041  79382    3888416.2 0.0035
5  3  25.9 0.00190 0.00186 0.01741  71480    4104649.5 0.0037
5  3  25.9 0.00210 0.00215 0.01741  75258    4321596.4 0.0036
5  3  25.9 0.00230 0.00234 0.01741  76832    4411981.4 0.0036
5  3  25.9 0.00250 0.00254 0.01741  77818    4468601.2 0.0036
5  3  25.9 0.00270 0.00273 0.01741  78428    4503629.7 0.0036
5  3  25.9 0.00290 0.00293 0.01741  78868    4528896.1 0.0036
5  3  25.9 0.00310 0.00313 0.01741  79202    4548075.6 0.0036
5  3  25.9 0.00330 0.00332 0.01741  79356    4556918.9 0.0035
5  3  25.9 0.00350 0.00352 0.01741  79430    4561168.2 0.0035
5  3  25.9 0.00370 0.00371 0.01741  79390    4558871.3 0.0035
5  3  25.9 0.00390 0.00391 0.01741  79232    4549798.3 0.0036
5  3  25.9 0.00410 0.00410 0.01741  78970    4534753.3 0.0036
5  3  25.9 0.00430 0.00430 0.01741  78562    4511324.4 0.0036
5  3  25.9 0.00450 0.00449 0.01741  77866    4471357.5 0.0036
5  3  25.9 0.00470 0.00469 0.01741  76946    4418527.7 0.0036
5  3  25.9 0.00490 0.00488 0.01741  75458    4333081.1 0.0036
5  3  25.9 0.00510 0.00508 0.01741  73322    4210424.0 0.0037
5  3  25.9 0.00530 0.00527 0.01741  70086    4024600.8 0.0038
5  3  25.9 0.00550 0.00547 0.01741  64942    3729213.0 0.0039
5  3  25.9 0.00570 0.00566 0.01741  58198    3341947.2 0.0041
5  3  25.9 0.00590 0.00586 0.01741  50456    2897372.6 0.0045
5  3  25.9 0.00610 0.00605 0.01741  41710    2395144.5 0.0049
5  3  25.9 0.00630 0.00635 0.01741  30802    1768766.3 0.0057
5  3  25.9 0.00650 0.00654 0.01741  25890    1486700.8 0.0062
5  3  25.9 0.00670 0.00674 0.01741  22866    1313051.4 0.0066
5  3  25.9 0.00690 0.00693 0.01741  20642    1185341.0 0.0070
5  3  25.9 0.00710 0.00713 0.01741  20170    1158237.0 0.0070
5  3  25.9 0.00730 0.00732 0.01741  19498    1119648.2 0.0072
5  3  25.9 0.00750 0.00752 0.01741  19282    1107244.7 0.0072
5  3  25.9 0.00770 0.00771 0.01741  19260    1105981.4 0.0072
5  3  25.9 0.00790 0.00791 0.01741  19280    1107129.8 0.0072
5  3  25.9 0.00810 0.00811 0.01741  19244    1105062.6 0.0072
5  3  25.9 0.00830 0.00830 0.01741  19158    1100124.2 0.0072
5  3  25.9 0.00850 0.00850 0.01741  19088    1096104.5 0.0072
5  3  25.9 0.00870 0.00869 0.01741  19198    1102421.1 0.0072
5  3  25.9 0.00890 0.00889 0.01741  19232    1104373.5 0.0072
5  3  25.9 0.00910 0.00908 0.01741  19074    1095300.6 0.0072
5  3  25.9 0.00930 0.00928 0.01741  19068    1094956.0 0.0072
5  3  25.9 0.00950 0.00947 0.01741  19202    1102650.8 0.0072
5  3  25.9 0.00970 0.00967 0.01741  19114    1097597.5 0.0072
5  3  25.9 0.00990 0.00986 0.01741  19182    1101502.3 0.0072
5  3  25.9 0.01010 0.01006 0.01741  19018    1092084.8 0.0073
5  3  25.9 0.01030 0.01025 0.01741  18942    1087720.6 0.0073
5  3  25.9 0.01050 0.01055 0.01741  18812    1080255.5 0.0073
5  3  25.9 0.01070 0.01074 0.01741  18408    1057056.3 0.0074
5  3  25.9 0.01090 0.01094 0.01741  18054    1036728.3 0.0074
5  3  25.9 0.01110 0.01113 0.01741  17254     990789.3 0.0076
5  3  25.9 0.01130 0.01133 0.01741  16556     950707.6 0.0078
5  3  25.9 0.01150 0.01152 0.01741  15092     866639.2 0.0081
5  3  25.9 0.01170 0.01172 0.01741  13758     790035.9 0.0085
5  3  25.9 0.01190 0.01191 0.01741  12424     713432.6 0.0090
5  3  25.9 0.01210 0.01211 0.01741  10848     622932.8 0.0096
5  3  25.9 0.01230 0.01230 0.01741   8978     515550.4 0.0106
5  3  25.9 0.01250 0.01250 0.01741   7702     442277.7 0.0114
5  3  25.9 0.01270 0.01270 0.01741   6576     377618.6 0.0123
5  3  25.9 0.01290 0.01289 0.01741   5370     308365.5 0.0136
5  3  25.9 0.01310 0.01309 0.01741   4384     251745.7 0.0151
5  3  25.9 0.01330 0.01328 0.01741   3812     218899.3 0.0162
5  3  25.9 0.01350 0.01348 0.01741   3192     183296.6 0.0177
5  3  25.9 0.01370 0.01367 0.01741   2870     164806.2 0.0187
5  3  25.9 0.01390 0.01387 0.01741   2706     155388.7 0.0192
5  3  25.9 0.01410 0.01406 0.01741   2534     145511.8 0.0199
5  3  25.9 0.01430 0.01426 0.01741   2370     136094.3 0.0205
5  3  25.9 0.01450 0.01445 0.01741   2302     132189.5 0.0208
5  3  25.9 0.01470 0.01475 0.01741   2252     129318.3 0.0211
5  3  25.9 0.01490 0.01494 0.01741   2230     128055.0 0.0212
5  3  25.9 0.01510 0.01514 0.01864   2300     123376.9 0.0209
5  3  25.9 0.01530 0.01533 0.01864   2300     123376.9 0.0209
5  3  25.9 0.01550 0.01553 0.01879   2280     121313.3 0.0209
5  3  25.9 0.01570 0.01572 0.01879   2240     119185.0 0.0211
5  3  25.9 0.01590 0.01592 0.01955   2224     113753.7 0.0212
5  3  25.9 0.01610 0.01611 0.02039   2316     113603.8 0.0208
5  3  25.9 0.01630 0.01631 0.02095   2260     107863.5 0.0210
5  3  25.9 0.01650 0.01650 0.02120   2280     107544.7 0.0209
5  3  25.9 0.01670 0.01670 0.02245   2340     104215.3 0.0207
5  3  25.9 0.01690 0.01689 0.02245   2250     100207.1 0.0211
5  3  25.9 0.01710 0.01709 0.02299   2242      97514.0 0.0211
5  3  25.9 0.01730 0.01729 0.02420   2328      96182.3 0.0207
5  3  25.9 0.01750 0.01748 0.02420   2266      93620.7 0.0210
5  3  25.9 0.01770 0.01768 0.02616   2344      89608.4 0.0207
5  3  25.9 0.01790 0.01787 0.02661   2252      84619.0 0.0211
5  3  25.9 0.01810 0.01807 0.02760   2304      83479.6 0.0208
5  3  25.9 0.01830 0.01826 0.02946   2350      79781.5 0.0206
5  3  25.9 0.01850 0.01846 0.02978   2232      74957.0 0.0212
5  3  25.9 0.01870 0.01865 0.03211   2268      70637.7 0.0210
5  3  25.9 0.01890 0.01895 0.03467   2244      64731.8 0.0211
5  3  25.9 0.01910 0.01914 0.03693   2298      62232.2 0.0209
5  3  25.9 0.01930 0.01934 0.04178   2320      55532.9 0.0208
5  3  25.9 0.01950 0.01953 0.04533   2318      51140.1 0.0208
5  3  25.9 0.01970 0.01973 0.05246   2296      43770.1 0.0209
5  3  25.9 0.01990 0.01992 0.05782   2330      40300.3 0.0207
5  3  25.9 0.02010 0.02012 0.06711   2270      33825.8 0.0210
5  3  25.9 0.02030 0.02031 0.07616   2284      29990.7 0.0209
5  3  25.8 0.02050 0.02051 0.09122   2330      25541.2 0.0207
5  3  25.8 0.02070 0.02070 0.10207   2272      22260.2 0.0210
5  3  25.8 0.02090 0.02090 0.11411   2314      20278.0 0.0208
5  3  25.8 0.02110 0.02109 0.13444   2232      16601.8 0.0212
5  3  25.8 0.02130 0.02129 0.14877   2262      15204.5 0.0210
5  3  25.8 0.02150 0.02148 0.16333   2314      14168.0 0.0208
5  3  25.8 0.02170 0.02168 0.17686   2248      12710.9 0.0211
5  3  25.8 0.02190 0.02188 0.19114   2262      11834.5 0.0210
5  3  25.8 0.02210 0.02207 0.20577   2246      10915.3 0.0211
5  3  25.8 0.02230 0.02227 0.21385   2246      10502.6 0.0211
5  3  25.8 0.02250 0.02246 0.22823   2236       9797.1 0.0211
5  3  25.8 0.02270 0.02266 0.22968   2268       9874.7 0.0210
5  3  25.8 0.02290 0.02285 0.24210   2306       9525.0 0.0208
5  3  25.8 0.02310 0.02314 0.25988   2244       8634.9 0.0211
5  3  25.8 0.02330 0.02334 0.26011   2234       8588.6 0.0212
5  3  25.8 0.02350 0.02354 0.26105   2270       8695.6 0.0210
5  3  25.8 0.02370 0.02373 0.27754   2222       8006.1 0.0212
5  3  25.8 0.02390 0.02393 0.27754   2274       8193.5 0.0210
5  3  25.8 0.02410 0.02412 0.29991   2228       7428.8 0.0212
5  3  25.8 0.02430 0.02432 0.30654   2272       7411.9 0.0210
5  3  25.8 0.02450 0.02451 0.32904   2408       7318.1 0.0204
5  3  25.8 0.02470 0.02471 0.32904   2238       6801.5 0.0211
5  3  25.8 0.02490 0.02490 0.33781   2290       6778.9 0.0209
5  3  25.8 0.02510 0.02510 0.33781   2232       6607.3 0.0212
5  3  25.8 0.02530 0.02529 0.37049   2260       6100.0 0.0210
5  3  25.8 0.02550 0.02549 0.38496   2268       5891.5 0.0210
5  3  25.8 0.02570 0.02568 0.41118   2244       5457.5 0.0211
5  3  25.8 0.02590 0.02588 0.45051   2296       5096.5 0.0209
5  3  25.8 0.02610 0.02607 0.45051   2234       4958.8 0.0212
5  3  25.8 0.02630 0.02627 0.45051   2230       4950.0 0.0212
5  3  25.8 0.02650 0.02646 0.50052   2264       4523.3 0.0210
5  3  25.8 0.02670 0.02666 0.51808   2242       4327.5 0.0211
5  3  25.8 0.02690 0.02686 0.55247   2260       4090.7 0.0210
5  3  25.8 0.02710 0.02715 0.64870   2350       3622.6 0.0206
5  3  25.8 0.02730 0.02734 0.66180   2242       3387.7 0.0211
5  3  25.8 0.02750 0.02754 0.75800   2276       3002.6 0.0210
5  3  25.8 0.02770 0.02773 0.79863   2242       2807.3 0.0211
5  3  25.8 0.02790 0.02793 0.87244   2308       2645.4 0.0208
5  3  25.8 0.02810 0.02813 1.00141   2316       2312.7 0.0208
5  3  25.8 0.02830 0.02832 1.12182   2270       2023.5 0.0210
5  3  25.8 0.02850 0.02852 1.20472   2250       1867.7 0.0211
5  3  25.8 0.02870 0.02871 1.21000   1986       1641.3 0.0224
5  3  25.8 0.02890 0.02891 1.21000   1772       1464.5 0.0238
5  3  25.8 0.02910 0.02910 1.21000   1592       1315.7 0.0251
5  3  25.8 0.02930 0.02930 1.21000   1458       1205.0 0.0262
5  3  25.8 0.02950 0.02949 1.21000   1394       1152.1 0.0268
5  3  25.8 0.02970 0.02969 1.21000   1238       1023.1 0.0284
5  3  25.8 0.02990 0.02988 1.21000   1184        978.5 0.0291
5  3  25.8 0.03010 0.03008 1.21000   1154        953.7 0.0294
5  3  25.8 0.03030 0.03027 1.21000   1146        947.1 0.0295
5  3  25.8 0.03050 0.03047 1.21000   1090        900.8 0.0303
5  3  25.8 0.03070 0.03066 1.21000    990        818.2 0.0318
5  3  25.8 0.03090 0.03086 1.21000    980        809.9 0.0319
5  3  25.8 0.03110 0.03105 1.21000    902        745.5 0.0333
5  3  25.8 0.03130 0.03135 1.21000   1014        838.0 0.0314
5  3  25.8 0.03150 0.03154 1.21000    880        727.3 0.0337
5  3  25.8 0.03170 0.03174 1.21000    884        730.6 0.0336
5  3  25.8 0.03190 0.03193 1.21000    828        684.3 0.0348
5  3  25.8 0.03210 0.03213 1.21000    816        674.4 0.0350
5  3  25.8 0.03230 0.03232 1.21000    818        676.0 0.0350
5  3  25.8 0.03250 0.03252 1.21000    802        662.8 0.0353
5  3  25.8 0.03270 0.03271 1.21000    744        614.9 0.0367
5  3  25.8 0.03290 0.03291 1.21000    738        609.9 0.0368
5  3  25.8 0.03310 0.03311 1.21000    698        576.9 0.0379
5  3  25.8 0.03330 0.03330 1.21000    670        553.7 0.0386
5  3  25.8 0.03350 0.03350 1.21000    612        505.8 0.0404
5  3  25.8 0.03370 0.03369 1.21000    626        517.4 0.0400
5  3  25.8 0.03390 0.03389 1.21000    634        524.0 0.0397
5  3  25.8 0.03410 0.03408 1.21000    578        477.7 0.0416
5  3  25.7 0.03430 0.03428 1.21000    564        466.1 0.0421
5  3  25.7 0.03450 0.03447 1.21000    510        421.5 0.0443
5  3  25.7 0.03470 0.03467 1.21000    514        424.8 0.0441
5  3  25.7 0.03490 0.03486 1.21000    512        423.1 0.0442
5  3  25.7 0.03510 0.03506 1.21000    546        451.2 0.0428
5  3  25.7 0.03530 0.03525 1.21000    428        353.7 0.0483
5  3  25.7 0.03550 0.03555 1.21000    448        370.2 0.0472
5  3  25.7 0.03570 0.03574 1.21000    430        355.4 0.0482
5  3  25.7 0.03590 0.03594 1.21000    402        332.2 0.0499
5  3  25.7 0.03610 0.03613 1.21000    412        340.5 0.0493
5  3  25.7 0.03630 0.03633 1.21000    370        305.8 0.0520
5  3  25.7 0.03650 0.03652 1.21000    318        262.8 0.0561
5  3  25.7 0.03670 0.03672 1.21000    328        271.1 0.0552
5  3  25.7 0.03690 0.03691 1.21000    314        259.5 0.0564
5  3  25.7 0.03710 0.03711 1.21000    312        257.9 0.0566
5  3  25.7 0.03730 0.03730 1.21000    294        243.0 0.0583
5  3  25.7 0.03750 0.03750 1.21000    306        252.9 0.0572
5  3  25.7 0.03770 0.03770 1.21000    282        233.1 0.0595
5  3  25.7 0.03790 0.03789 1.21000    302        249.6 0.0575
5  3  25.7 0.03810 0.03809 1.21000    296        244.6 0.0581
5  3  25.7 0.03830 0.03828 1.21000    260        214.9 0.0620
5  3  25.7 0.03850 0.03848 1.21000    284        234.7 0.0593
5  3  25.7 0.03870 0.03867 1.21000    266        219.8 0.0613
5  3  25.7 0.03890 0.03887 1.21000    240        198.3 0.0645
5  3  25.7 0.03910 0.03906 1.21000    270        223.1 0.0609
5  3  25.7 0.03930 0.03926 1.21000    272        224.8 0.0606
5  3  25.7 0.03950 0.03945 1.21000    258        213.2 0.0623
5  3  25.7 0.03970 0.03975 1.21000    256        211.6 0.0625
5  3  25.7 0.03990 0.03994 1.21000    224        185.1 0.0668
