# Scan Time    : Fri, 18 Mar 2022 10:00:09 +0000 (GMT) +465425000 nsec
# Board Lane   : 6
# Board Loc    : BTOF - Southwest
# SiPM Biases  :  57.031  57.169  56.995  57.096
# SiPM Currents:   1.220   1.494   1.160   1.046
#
5 -1  25.5 0.00010 0.00010 1.21000     10          8.3 0.3162
5 -1  25.5 0.00030 0.00029 1.21000     12          9.9 0.2887
5 -1  25.5 0.00050 0.00049 1.21000     24         19.8 0.2041
5 -1  25.5 0.00070 0.00068 1.21000     26         21.5 0.1961
5 -1  25.5 0.00090 0.00088 1.21000     26         21.5 0.1961
5 -1  25.5 0.00110 0.00107 1.21000     36         29.8 0.1667
5 -1  25.5 0.00130 0.00127 1.21000     30         24.8 0.1826
5 -1  25.5 0.00150 0.00146 1.21000     26         21.5 0.1961
5 -1  25.5 0.00170 0.00166 1.21000     36         29.8 0.1667
5 -1  25.5 0.00190 0.00186 1.21000     32         26.4 0.1768
5 -1  25.5 0.00210 0.00215 1.21000     48         39.7 0.1443
5 -1  25.5 0.00230 0.00234 1.21000     54         44.6 0.1361
5 -1  25.5 0.00250 0.00254 1.21000     50         41.3 0.1414
5 -1  25.5 0.00270 0.00273 1.21000     60         49.6 0.1291
5 -1  25.5 0.00290 0.00293 1.21000     58         47.9 0.1313
5 -1  25.5 0.00310 0.00313 1.21000     68         56.2 0.1213
5 -1  25.5 0.00330 0.00332 1.21000     64         52.9 0.1250
5 -1  25.5 0.00350 0.00352 1.21000     84         69.4 0.1091
5 -1  25.5 0.00370 0.00371 1.21000     76         62.8 0.1147
5 -1  25.5 0.00390 0.00391 1.21000    112         92.6 0.0945
5 -1  25.5 0.00410 0.00410 1.21000    170        140.5 0.0767
5 -1  25.5 0.00430 0.00430 1.21000    304        251.2 0.0574
5 -1  25.5 0.00450 0.00449 1.21000    654        540.5 0.0391
5 -1  25.5 0.00470 0.00469 1.21000   1668       1378.5 0.0245
5 -1  25.5 0.00490 0.00488 1.21000   4072       3365.3 0.0157
5 -1  25.5 0.00510 0.00508 1.21000   9688       8006.6 0.0102
5 -1  25.5 0.00530 0.00527 1.21000  22792      18836.4 0.0066
5 -1  25.5 0.00550 0.00547 1.21000  52888      43709.1 0.0043
5 -1  25.5 0.00570 0.00566 0.76832  72304      94106.4 0.0037
5 -1  25.5 0.00590 0.00586 0.36260  72652     200363.2 0.0037
5 -1  25.5 0.00610 0.00605 0.19919  79088     397055.9 0.0036
5 -1  25.5 0.00630 0.00635 0.07329  72448     988475.3 0.0037
5 -1  25.5 0.00650 0.00654 0.04233  72396    1710096.9 0.0037
5 -1  25.5 0.00670 0.00674 0.02581  73270    2838609.3 0.0037
5 -1  25.5 0.00690 0.00693 0.01691  71538    4231554.6 0.0037
5 -1  25.5 0.00710 0.00713 0.01207  72216    5981865.3 0.0037
5 -1  25.5 0.00730 0.00732 0.00947  71996    7602981.0 0.0037
5 -1  25.5 0.00750 0.00752 0.00791  71034    8978540.0 0.0038
5 -1  25.5 0.00770 0.00771 0.00705  72344   10268339.9 0.0037
5 -1  25.5 0.00790 0.00791 0.00705  78562   11150908.5 0.0036
5 -1  25.5 0.00810 0.00811 0.00607  71822   11833540.2 0.0037
5 -1  25.5 0.00830 0.00830 0.00607  75052   12365721.7 0.0037
5 -1  25.5 0.00850 0.00850 0.00607  77190   12717982.9 0.0036
5 -1  25.5 0.00870 0.00869 0.00607  79016   13018838.5 0.0036
5 -1  25.5 0.00890 0.00889 0.00544  71682   13175239.4 0.0037
5 -1  25.5 0.00910 0.00908 0.00544  72450   13316398.7 0.0037
5 -1  25.5 0.00930 0.00928 0.00544  72940   13406461.3 0.0037
5 -1  25.5 0.00950 0.00947 0.00544  73122   13439913.1 0.0037
5 -1  25.5 0.00970 0.00967 0.00544  73062   13428885.1 0.0037
5 -1  25.4 0.00990 0.00986 0.00544  72652   13353526.6 0.0037
5 -1  25.4 0.01010 0.01006 0.00544  71958   13225968.5 0.0037
5 -1  25.4 0.01030 0.01025 0.00544  70666   12988497.3 0.0038
5 -1  25.4 0.01050 0.01055 0.00544  67594   12423860.0 0.0038
5 -1  25.4 0.01070 0.01074 0.00544  64500   11855179.0 0.0039
5 -1  25.4 0.01090 0.01094 0.00544  60392   11100123.6 0.0041
5 -1  25.4 0.01110 0.01113 0.00544  54810   10074145.1 0.0043
5 -1  25.4 0.01130 0.01133 0.00544  48370    8890465.2 0.0045
5 -1  25.4 0.01150 0.01152 0.00544  42050    7728841.5 0.0049
5 -1  25.4 0.01170 0.01172 0.00544  35502    6525311.1 0.0053
5 -1  25.4 0.01190 0.01191 0.00544  30742    5650417.2 0.0057
5 -1  25.4 0.01210 0.01211 0.00544  27312    5019979.0 0.0061
5 -1  25.4 0.01230 0.01230 0.00544  25532    4692812.9 0.0063
5 -1  25.4 0.01250 0.01250 0.00544  24360    4477397.8 0.0064
5 -1  25.4 0.01270 0.01270 0.00544  23622    4341752.5 0.0065
5 -1  25.4 0.01290 0.01289 0.00544  23436    4307565.5 0.0065
5 -1  25.4 0.01310 0.01309 0.00544  22990    4225590.2 0.0066
5 -1  25.4 0.01330 0.01328 0.00544  22868    4203166.4 0.0066
5 -1  25.4 0.01350 0.01348 0.00544  22738    4179272.2 0.0066
5 -1  25.4 0.01370 0.01367 0.00544  22842    4198387.6 0.0066
5 -1  25.4 0.01390 0.01387 0.00544  22698    4171920.2 0.0066
5 -1  25.4 0.01410 0.01406 0.00544  22620    4157583.7 0.0066
5 -1  25.4 0.01430 0.01426 0.00544  22440    4124499.5 0.0067
5 -1  25.4 0.01450 0.01445 0.00544  22504    4136262.8 0.0067
5 -1  25.4 0.01470 0.01475 0.00544  22544    4143614.8 0.0067
5 -1  25.4 0.01490 0.01494 0.00544  22290    4096929.3 0.0067
5 -1  25.4 0.01510 0.01514 0.00544  22568    4148026.0 0.0067
5 -1  25.4 0.01530 0.01533 0.00544  22444    4125234.7 0.0067
5 -1  25.4 0.01550 0.01553 0.00544  22212    4082592.8 0.0067
5 -1  25.4 0.01570 0.01572 0.00544  22302    4099134.9 0.0067
5 -1  25.4 0.01590 0.01592 0.00544  22180    4076711.2 0.0067
5 -1  25.4 0.01610 0.01611 0.00544  22244    4088474.4 0.0067
5 -1  25.4 0.01630 0.01631 0.00544  22180    4076711.2 0.0067
5 -1  25.4 0.01650 0.01650 0.00544  21792    4005396.3 0.0068
5 -1  25.4 0.01670 0.01670 0.00544  21432    3939227.8 0.0068
5 -1  25.4 0.01690 0.01689 0.00544  20972    3854679.3 0.0069
5 -1  25.4 0.01710 0.01709 0.00544  20084    3691463.8 0.0071
5 -1  25.4 0.01730 0.01729 0.00544  19260    3540011.6 0.0072
5 -1  25.4 0.01750 0.01748 0.00544  17804    3272397.0 0.0075
5 -1  25.4 0.01770 0.01768 0.00544  16540    3040072.3 0.0078
5 -1  25.4 0.01790 0.01787 0.00544  14860    2731286.2 0.0082
5 -1  25.4 0.01810 0.01807 0.00544  13334    2450805.5 0.0087
5 -1  25.4 0.01830 0.01826 0.00544  11664    2143857.5 0.0093
5 -1  25.4 0.01850 0.01846 0.00544  10204    1875507.7 0.0099
5 -1  25.4 0.01870 0.01865 0.00544   9042    1661930.7 0.0105
5 -1  25.4 0.01890 0.01895 0.00544   7522    1382552.8 0.0115
5 -1  25.4 0.01910 0.01914 0.00544   6778    1245804.7 0.0121
5 -1  25.4 0.01930 0.01934 0.00544   5972    1097660.9 0.0129
5 -1  25.4 0.01950 0.01953 0.00544   5654    1039212.1 0.0133
5 -1  25.4 0.01970 0.01973 0.00544   5332     980028.1 0.0137
5 -1  25.4 0.01990 0.01992 0.00544   4848     891068.3 0.0144
5 -1  25.4 0.02010 0.02012 0.00544   4750     873055.8 0.0145
5 -1  25.4 0.02030 0.02031 0.00544   4622     849529.3 0.0147
5 -1  25.4 0.02050 0.02051 0.00544   4460     819753.5 0.0150
5 -1  25.4 0.02070 0.02070 0.00544   4338     797329.7 0.0152
5 -1  25.4 0.02090 0.02090 0.00544   4212     774170.8 0.0154
5 -1  25.4 0.02110 0.02109 0.00544   4146     762039.9 0.0155
5 -1  25.4 0.02130 0.02129 0.00544   4030     740718.9 0.0158
5 -1  25.4 0.02150 0.02148 0.00544   3816     701385.5 0.0162
5 -1  25.4 0.02170 0.02168 0.00544   3884     713884.0 0.0160
5 -1  25.4 0.02190 0.02188 0.00544   3770     692930.6 0.0163
5 -1  25.4 0.02210 0.02207 0.00544   3646     670139.3 0.0166
5 -1  25.4 0.02230 0.02227 0.00544   3508     644774.7 0.0169
5 -1  25.4 0.02250 0.02246 0.00544   3412     627129.8 0.0171
5 -1  25.4 0.02270 0.02266 0.00544   3344     614631.3 0.0173
5 -1  25.4 0.02290 0.02285 0.00544   3300     606544.0 0.0174
5 -1  25.4 0.02310 0.02314 0.00544   3052     560961.3 0.0181
5 -1  25.4 0.02330 0.02334 0.00544   2924     537434.8 0.0185
5 -1  25.4 0.02350 0.02354 0.00544   2866     526774.3 0.0187
5 -1  25.4 0.02370 0.02373 0.00544   2774     509864.6 0.0190
5 -1  25.4 0.02390 0.02393 0.00544   2658     488543.7 0.0194
5 -1  25.4 0.02410 0.02412 0.00544   2546     467957.9 0.0198
5 -1  25.4 0.02430 0.02432 0.00544   2490     457665.0 0.0200
5 -1  25.4 0.02450 0.02451 0.00544   2260     415390.8 0.0210
5 -1  25.4 0.02470 0.02471 0.00575   2306     401261.6 0.0208
5 -1  25.4 0.02490 0.02490 0.00600   2308     384789.7 0.0208
5 -1  25.4 0.02510 0.02510 0.00615   2312     375742.1 0.0208
5 -1  25.4 0.02530 0.02529 0.00680   2224     327128.0 0.0212
5 -1  25.4 0.02550 0.02549 0.00763   2292     300412.9 0.0209
5 -1  25.4 0.02570 0.02568 0.00828   2362     285256.4 0.0206
5 -1  25.4 0.02590 0.02588 0.00882   2300     260785.4 0.0209
5 -1  25.4 0.02610 0.02607 0.00986   2284     231681.9 0.0209
5 -1  25.4 0.02630 0.02627 0.01061   2258     212839.1 0.0210
5 -1  25.4 0.02650 0.02646 0.01192   2288     191984.3 0.0209
5 -1  25.4 0.02670 0.02666 0.01307   2294     175508.7 0.0209
5 -1  25.4 0.02690 0.02686 0.01462   2328     159192.8 0.0207
5 -1  25.4 0.02710 0.02715 0.01666   2394     143666.4 0.0204
5 -1  25.4 0.02730 0.02734 0.01784   2318     129924.0 0.0208
5 -1  25.4 0.02750 0.02754 0.01889   2274     120406.9 0.0210
5 -1  25.4 0.02770 0.02773 0.01991   2242     112622.0 0.0211
5 -1  25.4 0.02790 0.02793 0.02117   2306     108913.1 0.0208
5 -1  25.4 0.02810 0.02813 0.02271   2334     102793.9 0.0207
5 -1  25.4 0.02830 0.02832 0.02420   2270      93817.9 0.0210
5 -1  25.4 0.02850 0.02852 0.02420   2256      93239.2 0.0211
5 -1  25.4 0.02870 0.02871 0.02623   2300      87699.5 0.0209
5 -1  25.4 0.02890 0.02891 0.02695   2260      83851.3 0.0210
5 -1  25.4 0.02910 0.02910 0.02780   2282      82076.5 0.0209
5 -1  25.4 0.02930 0.02930 0.02865   2278      79498.9 0.0210
5 -1  25.4 0.02950 0.02949 0.03029   2334      77054.4 0.0207
5 -1  25.4 0.02970 0.02969 0.03306   2242      67821.2 0.0211
5 -1  25.4 0.02990 0.02988 0.03306   2402      72661.3 0.0204
5 -1  25.4 0.03010 0.03008 0.03394   2366      69704.0 0.0206
5 -1  25.4 0.03030 0.03027 0.03453   2228      64515.9 0.0212
5 -1  25.4 0.03050 0.03047 0.03827   2310      60360.6 0.0208
5 -1  25.4 0.03070 0.03066 0.03827   2256      58949.6 0.0211
5 -1  25.4 0.03090 0.03086 0.04034   2254      55875.6 0.0211
5 -1  25.4 0.03110 0.03105 0.04169   2314      55504.2 0.0208
5 -1  25.4 0.03130 0.03135 0.04646   2290      49292.3 0.0209
5 -1  25.4 0.03150 0.03154 0.04810   2382      49518.9 0.0205
5 -1  25.4 0.03170 0.03174 0.04958   2226      44901.3 0.0212
5 -1  25.4 0.03190 0.03193 0.05274   2292      43457.6 0.0209
5 -1  25.4 0.03210 0.03213 0.05645   2314      40991.9 0.0208
5 -1  25.4 0.03230 0.03232 0.05754   2306      40078.0 0.0208
5 -1  25.4 0.03250 0.03252 0.06267   2310      36859.1 0.0208
5 -1  25.4 0.03270 0.03271 0.06682   2226      33312.9 0.0212
5 -1  25.4 0.03290 0.03291 0.07261   2304      31730.0 0.0208
5 -1  25.4 0.03310 0.03311 0.07728   2380      30798.6 0.0205
5 -1  25.4 0.03330 0.03330 0.08169   2318      28376.3 0.0208
5 -1  25.4 0.03350 0.03350 0.08760   2252      25706.7 0.0211
5 -1  25.4 0.03370 0.03369 0.09688   2388      24648.7 0.0205
5 -1  25.4 0.03390 0.03389 0.09688   2232      23038.5 0.0212
5 -1  25.4 0.03410 0.03408 0.11056   2250      20351.6 0.0211
5 -1  25.4 0.03430 0.03428 0.11912   2228      18703.8 0.0212
5 -1  25.4 0.03450 0.03447 0.13158   2368      17996.5 0.0205
5 -1  25.4 0.03470 0.03467 0.14482   2318      16005.5 0.0208
5 -1  25.4 0.03490 0.03486 0.15177   2260      14891.1 0.0210
5 -1  25.4 0.03510 0.03506 0.16887   2328      13785.7 0.0207
5 -1  25.4 0.03530 0.03525 0.17845   2244      12574.6 0.0211
5 -1  25.4 0.03550 0.03555 0.19728   2244      11374.9 0.0211
5 -1  25.4 0.03570 0.03574 0.21107   2294      10868.6 0.0209
5 -1  25.4 0.03590 0.03594 0.22591   2348      10393.5 0.0206
5 -1  25.4 0.03610 0.03613 0.23974   2248       9376.7 0.0211
5 -1  25.4 0.03630 0.03633 0.25152   2254       8961.6 0.0211
5 -1  25.4 0.03650 0.03652 0.26182   2238       8547.7 0.0211
5 -1  25.4 0.03670 0.03672 0.27237   2244       8238.9 0.0211
5 -1  25.4 0.03690 0.03691 0.29464   2402       8152.2 0.0204
5 -1  25.4 0.03710 0.03711 0.29464   2234       7582.0 0.0212
5 -1  25.4 0.03730 0.03730 0.31253   2280       7295.2 0.0209
5 -1  25.4 0.03750 0.03750 0.32603   2292       7030.0 0.0209
5 -1  25.4 0.03770 0.03770 0.33570   2340       6970.5 0.0207
5 -1  25.4 0.03790 0.03789 0.35745   2300       6434.5 0.0209
5 -1  25.4 0.03810 0.03809 0.37648   2254       5987.0 0.0211
5 -1  25.4 0.03830 0.03828 0.37648   2242       5955.2 0.0211
5 -1  25.4 0.03850 0.03848 0.40651   2260       5559.6 0.0210
5 -1  25.4 0.03870 0.03867 0.43135   2350       5448.0 0.0206
5 -1  25.4 0.03890 0.03887 0.45840   2252       4912.8 0.0211
5 -1  25.4 0.03910 0.03906 0.45840   2250       4908.4 0.0211
5 -1  25.4 0.03930 0.03926 0.50147   2262       4510.7 0.0210
5 -1  25.4 0.03950 0.03945 0.50147   2236       4458.9 0.0211
5 -1  25.4 0.03970 0.03975 0.56967   2370       4160.3 0.0205
5 -1  25.4 0.03990 0.03994 0.58439   2268       3880.9 0.0210
5  0  25.4 0.00010 0.00010 1.21000    234        193.4 0.0654
5  0  25.4 0.00030 0.00029 1.21000     32         26.4 0.1768
5  0  25.4 0.00050 0.00049 1.21000     32         26.4 0.1768
5  0  25.4 0.00070 0.00068 1.21000     40         33.1 0.1581
5  0  25.4 0.00090 0.00088 1.21000     32         26.4 0.1768
5  0  25.4 0.00110 0.00107 1.21000     28         23.1 0.1890
5  0  25.4 0.00130 0.00127 1.21000     30         24.8 0.1826
5  0  25.4 0.00150 0.00146 1.21000     32         26.4 0.1768
5  0  25.4 0.00170 0.00166 1.21000     38         31.4 0.1622
5  0  25.4 0.00190 0.00186 1.21000     32         26.4 0.1768
5  0  25.4 0.00210 0.00215 1.21000     44         36.4 0.1508
5  0  25.4 0.00230 0.00234 1.21000     58         47.9 0.1313
5  0  25.4 0.00250 0.00254 1.21000     62         51.2 0.1270
5  0  25.4 0.00270 0.00273 1.21000     56         46.3 0.1336
5  0  25.4 0.00290 0.00293 1.21000     60         49.6 0.1291
5  0  25.4 0.00310 0.00313 1.21000     76         62.8 0.1147
5  0  25.4 0.00330 0.00332 1.21000     68         56.2 0.1213
5  0  25.4 0.00350 0.00352 1.21000     90         74.4 0.1054
5  0  25.4 0.00370 0.00371 1.21000     92         76.0 0.1043
5  0  25.4 0.00390 0.00391 1.21000    100         82.6 0.1000
5  0  25.4 0.00410 0.00410 1.21000    174        143.8 0.0758
5  0  25.4 0.00430 0.00430 1.21000    320        264.5 0.0559
5  0  25.4 0.00450 0.00449 1.21000    724        598.3 0.0372
5  0  25.4 0.00470 0.00469 1.21000   1708       1411.6 0.0242
5  0  25.4 0.00490 0.00488 1.21000   4110       3396.7 0.0156
5  0  25.4 0.00510 0.00508 1.21000  10062       8315.7 0.0100
5  0  25.4 0.00530 0.00527 1.21000  23028      19031.4 0.0066
5  0  25.4 0.00550 0.00547 1.21000  52666      43525.6 0.0044
5  0  25.4 0.00570 0.00566 0.63207  71386     112940.0 0.0037
5  0  25.4 0.00590 0.00586 0.34721  79410     228707.6 0.0035
5  0  25.4 0.00610 0.00605 0.16296  71760     440351.2 0.0037
5  0  25.4 0.00630 0.00635 0.07263  72344     996062.9 0.0037
5  0  25.4 0.00650 0.00654 0.04636  72186    1557062.7 0.0037
5  0  25.4 0.00670 0.00674 0.03274  72434    2212505.8 0.0037
5  0  25.4 0.00690 0.00693 0.02532  72010    2843657.6 0.0037
5  0  25.4 0.00710 0.00713 0.02120  71420    3368996.7 0.0037
5  0  25.4 0.00730 0.00732 0.02120  79760    3762408.0 0.0035
5  0  25.4 0.00750 0.00752 0.01782  72266    4054417.7 0.0037
5  0  25.4 0.00770 0.00771 0.01782  75494    4235521.7 0.0036
5  0  25.4 0.00790 0.00791 0.01782  77722    4360521.6 0.0036
5  0  25.4 0.00810 0.00811 0.01782  79100    4437833.0 0.0036
5  0  25.4 0.00830 0.00830 0.01603  71974    4489510.1 0.0037
5  0  25.4 0.00850 0.00850 0.01603  72552    4525563.9 0.0037
5  0  25.4 0.00870 0.00869 0.01603  72938    4549641.4 0.0037
5  0  25.4 0.00890 0.00889 0.01603  73198    4565859.3 0.0037
5  0  25.4 0.00910 0.00908 0.01603  73340    4574716.8 0.0037
5  0  25.4 0.00930 0.00928 0.01603  73390    4577835.7 0.0037
5  0  25.4 0.00950 0.00947 0.01603  73354    4575590.1 0.0037
5  0  25.4 0.00970 0.00967 0.01603  73228    4567730.6 0.0037
5  0  25.4 0.00990 0.00986 0.01603  72970    4551637.4 0.0037
5  0  25.4 0.01010 0.01006 0.01603  72594    4528183.7 0.0037
5  0  25.4 0.01030 0.01025 0.01603  71922    4486266.5 0.0037
5  0  25.4 0.01050 0.01055 0.01603  70404    4391578.5 0.0038
5  0  25.4 0.01070 0.01074 0.01603  68746    4288157.7 0.0038
5  0  25.4 0.01090 0.01094 0.01603  66382    4140698.8 0.0039
5  0  25.4 0.01110 0.01113 0.01603  62724    3912524.4 0.0040
5  0  25.4 0.01130 0.01133 0.01603  57636    3595151.1 0.0042
5  0  25.4 0.01150 0.01152 0.01603  51070    3185584.8 0.0044
5  0  25.4 0.01170 0.01172 0.01603  43004    2682453.3 0.0048
5  0  25.4 0.01190 0.01191 0.01603  35184    2194666.5 0.0053
5  0  25.4 0.01210 0.01211 0.01603  28500    1777739.7 0.0059
5  0  25.4 0.01230 0.01230 0.01603  23532    1467851.6 0.0065
5  0  25.4 0.01250 0.01250 0.01603  20738    1293570.7 0.0069
5  0  25.4 0.01270 0.01270 0.01603  18872    1177175.6 0.0073
5  0  25.4 0.01290 0.01289 0.01603  17824    1111804.7 0.0075
5  0  25.4 0.01310 0.01309 0.01603  17650    1100951.1 0.0075
5  0  25.4 0.01330 0.01328 0.01603  17368    1083360.8 0.0076
5  0  25.4 0.01350 0.01348 0.01603  17262    1076748.9 0.0076
5  0  25.4 0.01370 0.01367 0.01603  17144    1069388.4 0.0076
5  0  25.4 0.01390 0.01387 0.01603  17106    1067018.1 0.0076
5  0  25.4 0.01410 0.01406 0.01603  17310    1079743.0 0.0076
5  0  25.4 0.01430 0.01426 0.01603  17286    1078245.9 0.0076
5  0  25.4 0.01450 0.01445 0.01603  17224    1074378.6 0.0076
5  0  25.4 0.01470 0.01475 0.01603  17176    1071384.5 0.0076
5  0  25.4 0.01490 0.01494 0.01603  17222    1074253.8 0.0076
5  0  25.4 0.01510 0.01514 0.01603  16978    1059033.9 0.0077
5  0  25.4 0.01530 0.01533 0.01603  17152    1069887.4 0.0076
5  0  25.4 0.01550 0.01553 0.01603  17198    1072756.8 0.0076
5  0  25.4 0.01570 0.01572 0.01603  17228    1074628.1 0.0076
5  0  25.4 0.01590 0.01592 0.01603  17054    1063774.5 0.0077
5  0  25.4 0.01610 0.01611 0.01603  17198    1072756.8 0.0076
5  0  25.4 0.01630 0.01631 0.01603  17082    1065521.0 0.0077
5  0  25.5 0.01650 0.01650 0.01603  16856    1051423.9 0.0077
5  0  25.5 0.01670 0.01670 0.01603  16692    1041194.1 0.0077
5  0  25.5 0.01690 0.01689 0.01603  16126    1005888.8 0.0079
5  0  25.5 0.01710 0.01709 0.01603  15636     975324.1 0.0080
5  0  25.5 0.01730 0.01729 0.01603  14848     926171.2 0.0082
5  0  25.5 0.01750 0.01748 0.01603  13576     846827.9 0.0086
5  0  25.5 0.01770 0.01768 0.01603  12378     772100.4 0.0090
5  0  25.5 0.01790 0.01787 0.01603  10904     680157.0 0.0096
5  0  25.5 0.01810 0.01807 0.01603   9518     593702.7 0.0103
5  0  25.5 0.01830 0.01826 0.01603   8122     506624.6 0.0111
5  0  25.5 0.01850 0.01846 0.01603   6838     426532.8 0.0121
5  0  25.5 0.01870 0.01865 0.01603   5806     362159.9 0.0131
5  0  25.5 0.01890 0.01895 0.01603   4448     277452.1 0.0150
5  0  25.5 0.01910 0.01914 0.01603   3922     244641.9 0.0160
5  0  25.5 0.01930 0.01934 0.01603   3302     205968.3 0.0174
5  0  25.5 0.01950 0.01953 0.01603   2890     180269.0 0.0186
5  0  25.5 0.01970 0.01973 0.01603   2708     168916.5 0.0192
5  0  25.5 0.01990 0.01992 0.01603   2530     157813.4 0.0199
5  0  25.5 0.02010 0.02012 0.01603   2356     146959.8 0.0206
5  0  25.5 0.02030 0.02031 0.01628   2290     140665.6 0.0209
5  0  25.5 0.02050 0.02051 0.01718   2408     140192.0 0.0204
5  0  25.5 0.02070 0.02070 0.01718   2294     133555.0 0.0209
5  0  25.5 0.02090 0.02090 0.01718   2262     131691.9 0.0210
5  0  25.5 0.02110 0.02109 0.01755   2318     132043.9 0.0208
5  0  25.5 0.02130 0.02129 0.01784   2256     126429.9 0.0211
5  0  25.5 0.02150 0.02148 0.01910   2408     126081.3 0.0204
5  0  25.5 0.02170 0.02168 0.01910   2282     119484.0 0.0209
5  0  25.5 0.02190 0.02188 0.01910   2262     118436.8 0.0210
5  0  25.5 0.02210 0.02207 0.01922   2262     117690.6 0.0210
5  0  25.5 0.02230 0.02227 0.02021   2282     112917.5 0.0209
5  0  25.5 0.02250 0.02246 0.02030   2312     113887.1 0.0208
5  0  25.5 0.02270 0.02266 0.02106   2288     108647.1 0.0209
5  0  25.5 0.02290 0.02285 0.02218   2302     103790.8 0.0208
5  0  25.5 0.02310 0.02314 0.02218   2258     101807.0 0.0210
5  0  25.5 0.02330 0.02334 0.02392   2234      93381.3 0.0212
5  0  25.5 0.02350 0.02354 0.02410   2250      93372.9 0.0211
5  0  25.5 0.02370 0.02373 0.02522   2270      90001.8 0.0210
5  0  25.5 0.02390 0.02393 0.02635   2356      89418.7 0.0206
5  0  25.5 0.02410 0.02412 0.02761   2234      80914.7 0.0212
5  0  25.5 0.02430 0.02432 0.02960   2302      77771.0 0.0208
5  0  25.5 0.02450 0.02451 0.03123   2304      73778.5 0.0208
5  0  25.5 0.02470 0.02471 0.03123   2230      71408.9 0.0212
5  0  25.5 0.02490 0.02490 0.03540   2394      67625.6 0.0204
5  0  25.5 0.02510 0.02510 0.03708   2312      62345.3 0.0208
5  0  25.5 0.02530 0.02529 0.04040   2336      57827.6 0.0207
5  0  25.5 0.02550 0.02549 0.04359   2240      51384.0 0.0211
5  0  25.5 0.02570 0.02568 0.04716   2290      48559.3 0.0209
5  0  25.5 0.02590 0.02588 0.05406   2328      43063.4 0.0207
5  0  25.5 0.02610 0.02607 0.06121   2282      37283.8 0.0209
5  0  25.5 0.02630 0.02627 0.06989   2306      32996.0 0.0208
5  0  25.5 0.02650 0.02646 0.07947   2240      28185.8 0.0211
5  0  25.5 0.02670 0.02666 0.08606   2240      26029.4 0.0211
5  0  25.5 0.02690 0.02686 0.10275   2310      22482.6 0.0208
5  0  25.5 0.02710 0.02715 0.12248   2252      18386.7 0.0211
5  0  25.5 0.02730 0.02734 0.14341   2298      16023.7 0.0209
5  0  25.5 0.02750 0.02754 0.15484   2336      15086.4 0.0207
5  0  25.5 0.02770 0.02773 0.16866   2286      13554.2 0.0209
5  0  25.5 0.02790 0.02793 0.17350   2232      12864.8 0.0212
5  0  25.5 0.02810 0.02813 0.18305   2244      12258.7 0.0211
5  0  25.5 0.02830 0.02832 0.19795   2234      11285.7 0.0212
5  0  25.5 0.02850 0.02852 0.20865   2222      10649.2 0.0212
5  0  25.5 0.02870 0.02871 0.21827   2362      10821.3 0.0206
5  0  25.5 0.02890 0.02891 0.22066   2284      10351.0 0.0209
5  0  25.5 0.02910 0.02910 0.22368   2284      10211.2 0.0209
5  0  25.5 0.02930 0.02930 0.23645   2226       9414.4 0.0212
5  0  25.5 0.02950 0.02949 0.24519   2238       9127.6 0.0211
5  0  25.5 0.02970 0.02969 0.25435   2246       8830.4 0.0211
5  0  25.5 0.02990 0.02988 0.26044   2264       8692.9 0.0210
5  0  25.5 0.03010 0.03008 0.27453   2338       8516.5 0.0207
5  0  25.5 0.03030 0.03027 0.28085   2276       8104.1 0.0210
5  0  25.5 0.03050 0.03047 0.29631   2368       7991.7 0.0205
5  0  25.5 0.03070 0.03066 0.30675   2270       7400.3 0.0210
5  0  25.5 0.03090 0.03086 0.31910   2270       7113.9 0.0210
5  0  25.5 0.03110 0.03105 0.32376   2232       6894.0 0.0212
5  0  25.5 0.03130 0.03135 0.34590   2254       6516.3 0.0211
5  0  25.5 0.03150 0.03154 0.36810   2306       6264.6 0.0208
5  0  25.5 0.03170 0.03174 0.39513   2278       5765.2 0.0210
5  0  25.5 0.03190 0.03193 0.39513   2236       5658.9 0.0211
5  0  25.5 0.03210 0.03213 0.42522   2234       5253.7 0.0212
5  0  25.5 0.03230 0.03232 0.42522   2242       5272.6 0.0211
5  0  25.5 0.03250 0.03252 0.47864   2258       4717.5 0.0210
5  0  25.5 0.03270 0.03271 0.50001   2298       4595.9 0.0209
5  0  25.5 0.03290 0.03291 0.53881   2354       4368.9 0.0206
5  0  25.5 0.03310 0.03311 0.56092   2250       4011.3 0.0211
5  0  25.5 0.03330 0.03330 0.60445   2244       3712.5 0.0211
5  0  25.5 0.03350 0.03350 0.66423   2250       3387.4 0.0211
5  0  25.5 0.03370 0.03369 0.69883   2250       3219.7 0.0211
5  0  25.5 0.03390 0.03389 0.81812   2338       2857.8 0.0207
5  0  25.5 0.03410 0.03408 0.84161   2276       2704.4 0.0210
5  0  25.5 0.03430 0.03428 0.96295   2290       2378.1 0.0209
5  0  25.5 0.03450 0.03447 1.00738   2232       2215.6 0.0212
5  0  25.5 0.03470 0.03467 1.15802   2400       2072.5 0.0204
5  0  25.5 0.03490 0.03486 1.21000   2096       1732.2 0.0218
5  0  25.5 0.03510 0.03506 1.21000   1862       1538.8 0.0232
5  0  25.5 0.03530 0.03525 1.21000   1732       1431.4 0.0240
5  0  25.5 0.03550 0.03555 1.21000   1476       1219.8 0.0260
5  0  25.5 0.03570 0.03574 1.21000   1374       1135.5 0.0270
5  0  25.5 0.03590 0.03594 1.21000   1360       1124.0 0.0271
5  0  25.5 0.03610 0.03613 1.21000   1268       1047.9 0.0281
5  0  25.5 0.03630 0.03633 1.21000   1174        970.2 0.0292
5  0  25.5 0.03650 0.03652 1.21000   1110        917.4 0.0300
5  0  25.5 0.03670 0.03672 1.21000   1092        902.5 0.0303
5  0  25.5 0.03690 0.03691 1.21000   1100        909.1 0.0302
5  0  25.5 0.03710 0.03711 1.21000    938        775.2 0.0327
5  0  25.5 0.03730 0.03730 1.21000    968        800.0 0.0321
5  0  25.5 0.03750 0.03750 1.21000    976        806.6 0.0320
5  0  25.5 0.03770 0.03770 1.21000    942        778.5 0.0326
5  0  25.5 0.03790 0.03789 1.21000    854        705.8 0.0342
5  0  25.5 0.03810 0.03809 1.21000    890        735.5 0.0335
5  0  25.5 0.03830 0.03828 1.21000    880        727.3 0.0337
5  0  25.5 0.03850 0.03848 1.21000    860        710.7 0.0341
5  0  25.5 0.03870 0.03867 1.21000    784        647.9 0.0357
5  0  25.5 0.03890 0.03887 1.21000    722        596.7 0.0372
5  0  25.5 0.03910 0.03906 1.21000    740        611.6 0.0368
5  0  25.5 0.03930 0.03926 1.21000    736        608.3 0.0369
5  0  25.5 0.03950 0.03945 1.21000    690        570.2 0.0381
5  0  25.5 0.03970 0.03975 1.21000    672        555.4 0.0386
5  0  25.5 0.03990 0.03994 1.21000    622        514.0 0.0401
5  1  25.5 0.00010 0.00010 1.21000     24         19.8 0.2041
5  1  25.5 0.00030 0.00029 1.21000     24         19.8 0.2041
5  1  25.5 0.00050 0.00049 1.21000     28         23.1 0.1890
5  1  25.5 0.00070 0.00068 1.21000     28         23.1 0.1890
5  1  25.5 0.00090 0.00088 1.21000     30         24.8 0.1826
5  1  25.5 0.00110 0.00107 1.21000     32         26.4 0.1768
5  1  25.5 0.00130 0.00127 1.21000     42         34.7 0.1543
5  1  25.5 0.00150 0.00146 1.21000     30         24.8 0.1826
5  1  25.5 0.00170 0.00166 1.21000     46         38.0 0.1474
5  1  25.5 0.00190 0.00186 1.21000     30         24.8 0.1826
5  1  25.6 0.00210 0.00215 1.21000     36         29.8 0.1667
5  1  25.6 0.00230 0.00234 1.21000     34         28.1 0.1715
5  1  25.6 0.00250 0.00254 1.21000     48         39.7 0.1443
5  1  25.6 0.00270 0.00273 1.21000     48         39.7 0.1443
5  1  25.6 0.00290 0.00293 1.21000     60         49.6 0.1291
5  1  25.6 0.00310 0.00313 1.21000     74         61.2 0.1162
5  1  25.6 0.00330 0.00332 1.21000     62         51.2 0.1270
5  1  25.6 0.00350 0.00352 1.21000     64         52.9 0.1250
5  1  25.6 0.00370 0.00371 1.21000     78         64.5 0.1132
5  1  25.6 0.00390 0.00391 1.21000    112         92.6 0.0945
5  1  25.6 0.00410 0.00410 1.21000    148        122.3 0.0822
5  1  25.6 0.00430 0.00430 1.21000    284        234.7 0.0593
5  1  25.6 0.00450 0.00449 1.21000    660        545.5 0.0389
5  1  25.6 0.00470 0.00469 1.21000   1498       1238.0 0.0258
5  1  25.6 0.00490 0.00488 1.21000   3662       3026.4 0.0165
5  1  25.6 0.00510 0.00508 1.21000   8970       7413.2 0.0106
5  1  25.6 0.00530 0.00527 1.21000  20486      16930.6 0.0070
5  1  25.6 0.00550 0.00547 1.21000  47152      38968.6 0.0046
5  1  25.6 0.00570 0.00566 0.70454  71612     101643.1 0.0037
5  1  25.6 0.00590 0.00586 0.34603  72160     208537.7 0.0037
5  1  25.6 0.00610 0.00605 0.19008  76894     404530.5 0.0036
5  1  25.6 0.00630 0.00635 0.07827  73778     942586.8 0.0037
5  1  25.6 0.00650 0.00654 0.04915  72438    1473780.5 0.0037
5  1  25.6 0.00670 0.00674 0.03404  71928    2113155.8 0.0037
5  1  25.6 0.00690 0.00693 0.02626  71736    2732276.3 0.0037
5  1  25.6 0.00710 0.00713 0.02165  71806    3316953.4 0.0037
5  1  25.6 0.00730 0.00732 0.01939  71952    3711370.0 0.0037
5  1  25.6 0.00750 0.00752 0.01939  77378    3991249.5 0.0036
5  1  25.6 0.00770 0.00771 0.01719  72322    4207538.8 0.0037
5  1  25.6 0.00790 0.00791 0.01719  74490    4333668.4 0.0037
5  1  25.6 0.00810 0.00811 0.01719  75946    4418375.3 0.0036
5  1  25.6 0.00830 0.00830 0.01719  76884    4472946.1 0.0036
5  1  25.6 0.00850 0.00850 0.01719  77562    4512390.7 0.0036
5  1  25.6 0.00870 0.00869 0.01719  78032    4539734.3 0.0036
5  1  25.6 0.00890 0.00889 0.01719  78326    4556838.6 0.0036
5  1  25.6 0.00910 0.00908 0.01719  78504    4567194.3 0.0036
5  1  25.6 0.00930 0.00928 0.01719  78576    4571383.1 0.0036
5  1  25.6 0.00950 0.00947 0.01719  78558    4570335.9 0.0036
5  1  25.6 0.00970 0.00967 0.01719  78432    4563005.5 0.0036
5  1  25.6 0.00990 0.00986 0.01719  78206    4549857.3 0.0036
5  1  25.6 0.01010 0.01006 0.01719  77834    4528215.1 0.0036
5  1  25.6 0.01030 0.01025 0.01719  77204    4491563.1 0.0036
5  1  25.6 0.01050 0.01055 0.01719  75692    4403598.1 0.0036
5  1  25.6 0.01070 0.01074 0.01719  74024    4306557.5 0.0037
5  1  25.6 0.01090 0.01094 0.01719  71800    4177169.9 0.0037
5  1  25.6 0.01110 0.01113 0.01719  68294    3973198.4 0.0038
5  1  25.6 0.01130 0.01133 0.01719  63306    3683007.2 0.0040
5  1  25.6 0.01150 0.01152 0.01719  57134    3323933.5 0.0042
5  1  25.6 0.01170 0.01172 0.01719  48700    2833261.5 0.0045
5  1  25.6 0.01190 0.01191 0.01719  40276    2343171.3 0.0050
5  1  25.6 0.01210 0.01211 0.01719  33616    1955706.7 0.0055
5  1  25.6 0.01230 0.01230 0.01719  28666    1667726.4 0.0059
5  1  25.6 0.01250 0.01250 0.01719  25422    1478997.4 0.0063
5  1  25.6 0.01270 0.01270 0.01719  23660    1376488.0 0.0065
5  1  25.6 0.01290 0.01289 0.01719  22632    1316681.2 0.0066
5  1  25.6 0.01310 0.01309 0.01719  22180    1290384.8 0.0067
5  1  25.6 0.01330 0.01328 0.01719  22016    1280843.6 0.0067
5  1  25.6 0.01350 0.01348 0.01719  21582    1255594.5 0.0068
5  1  25.6 0.01370 0.01367 0.01719  21562    1254430.9 0.0068
5  1  25.6 0.01390 0.01387 0.01719  21772    1266648.2 0.0068
5  1  25.6 0.01410 0.01406 0.01719  21738    1264670.2 0.0068
5  1  25.6 0.01430 0.01426 0.01719  21534    1252801.9 0.0068
5  1  25.6 0.01450 0.01445 0.01719  21440    1247333.2 0.0068
5  1  25.6 0.01470 0.01475 0.01719  21872    1272466.0 0.0068
5  1  25.6 0.01490 0.01494 0.01719  21626    1258154.3 0.0068
5  1  25.6 0.01510 0.01514 0.01719  21386    1244191.6 0.0068
5  1  25.6 0.01530 0.01533 0.01719  21578    1255361.7 0.0068
5  1  25.6 0.01550 0.01553 0.01719  21418    1246053.3 0.0068
5  1  25.6 0.01570 0.01572 0.01719  21446    1247682.3 0.0068
5  1  25.6 0.01590 0.01592 0.01719  21296    1238955.6 0.0069
5  1  25.6 0.01610 0.01611 0.01719  21448    1247798.6 0.0068
5  1  25.6 0.01630 0.01631 0.01719  21332    1241050.0 0.0068
5  1  25.6 0.01650 0.01650 0.01719  21344    1241748.1 0.0068
5  1  25.6 0.01670 0.01670 0.01719  20952    1218942.4 0.0069
5  1  25.6 0.01690 0.01689 0.01719  20660    1201954.5 0.0070
5  1  25.6 0.01710 0.01709 0.01719  19768    1150059.8 0.0071
5  1  25.6 0.01730 0.01729 0.01719  18702    1088042.2 0.0073
5  1  25.6 0.01750 0.01748 0.01719  17840    1037892.9 0.0075
5  1  25.6 0.01770 0.01768 0.01719  16524     961330.9 0.0078
5  1  25.6 0.01790 0.01787 0.01719  14972     871038.8 0.0082
5  1  25.6 0.01810 0.01807 0.01719  13220     769111.2 0.0087
5  1  25.6 0.01830 0.01826 0.01719  11314     658224.2 0.0094
5  1  25.6 0.01850 0.01846 0.01719   9850     573051.9 0.0101
5  1  25.6 0.01870 0.01865 0.01719   8328     484505.2 0.0110
5  1  25.6 0.01890 0.01895 0.01719   6430     374083.6 0.0125
5  1  25.6 0.01910 0.01914 0.01719   5546     322654.4 0.0134
5  1  25.6 0.01930 0.01934 0.01719   4870     283326.2 0.0143
5  1  25.6 0.01950 0.01953 0.01719   4350     253073.7 0.0152
5  1  25.6 0.01970 0.01973 0.01719   3870     225148.3 0.0161
5  1  25.6 0.01990 0.01992 0.01719   3626     210952.9 0.0166
5  1  25.6 0.02010 0.02012 0.01719   3410     198386.5 0.0171
5  1  25.6 0.02030 0.02031 0.01719   3310     192568.7 0.0174
5  1  25.6 0.02050 0.02051 0.01719   3208     186634.6 0.0177
5  1  25.6 0.02070 0.02070 0.01719   2968     172671.9 0.0184
5  1  25.6 0.02090 0.02090 0.01719   2964     172439.2 0.0184
5  1  25.6 0.02110 0.02109 0.01719   3008     174999.0 0.0182
5  1  25.6 0.02130 0.02129 0.01719   2864     166621.4 0.0187
5  1  25.6 0.02150 0.02148 0.01719   2784     161967.1 0.0190
5  1  25.6 0.02170 0.02168 0.01719   2738     159291.0 0.0191
5  1  25.6 0.02190 0.02188 0.01719   2724     158476.5 0.0192
5  1  25.6 0.02210 0.02207 0.01719   2594     150913.4 0.0196
5  1  25.6 0.02230 0.02227 0.01719   2646     153938.6 0.0194
5  1  25.6 0.02250 0.02246 0.01719   2612     151960.6 0.0196
5  1  25.6 0.02270 0.02266 0.01719   2482     144397.4 0.0201
5  1  25.6 0.02290 0.02285 0.01719   2384     138696.0 0.0205
5  1  25.6 0.02310 0.02314 0.01719   2296     133576.4 0.0209
5  1  25.6 0.02330 0.02334 0.01719   2258     131365.6 0.0210
5  1  25.6 0.02350 0.02354 0.01780   2298     129120.0 0.0209
5  1  25.6 0.02370 0.02373 0.01780   2276     127883.8 0.0210
5  1  25.6 0.02390 0.02393 0.01932   2302     119132.8 0.0208
5  1  25.6 0.02410 0.02412 0.01932   2278     117890.8 0.0210
5  1  25.6 0.02430 0.02432 0.02048   2262     110424.6 0.0210
5  1  25.6 0.02450 0.02451 0.02140   2250     105145.2 0.0211
5  1  25.6 0.02470 0.02471 0.02295   2328     101446.2 0.0207
5  1  25.6 0.02490 0.02490 0.02341   2260      96532.8 0.0210
5  1  25.6 0.02510 0.02510 0.02543   2224      87470.8 0.0212
5  1  25.6 0.02530 0.02529 0.02698   2258      83692.2 0.0210
5  1  25.6 0.02550 0.02549 0.02899   2252      77684.7 0.0211
5  1  25.6 0.02570 0.02568 0.03170   2236      70537.3 0.0211
5  1  25.6 0.02590 0.02588 0.03642   2350      64532.6 0.0206
5  1  25.6 0.02610 0.02607 0.04032   2284      56642.3 0.0209
5  1  25.6 0.02630 0.02627 0.04544   2246      49433.1 0.0211
5  1  25.6 0.02650 0.02646 0.05135   2322      45217.8 0.0208
5  1  25.6 0.02670 0.02666 0.05757   2276      39534.8 0.0210
5  1  25.6 0.02690 0.02686 0.06651   2304      34643.6 0.0208
5  1  25.6 0.02710 0.02715 0.07936   2246      28299.9 0.0211
5  1  25.6 0.02730 0.02734 0.09159   2362      25788.5 0.0206
5  1  25.6 0.02750 0.02754 0.09728   2280      23436.8 0.0209
5  1  25.6 0.02770 0.02773 0.10868   2324      21384.2 0.0207
5  1  25.6 0.02790 0.02793 0.11587   2428      20953.6 0.0203
5  1  25.6 0.02810 0.02813 0.12425   2362      19010.3 0.0206
5  1  25.6 0.02830 0.02832 0.13654   2298      16830.1 0.0209
5  1  25.6 0.02850 0.02852 0.13716   2244      16360.7 0.0211
5  1  25.6 0.02870 0.02871 0.14322   2246      15682.5 0.0211
5  1  25.6 0.02890 0.02891 0.15068   2252      14946.0 0.0211
5  1  25.6 0.02910 0.02910 0.15068   2226      14773.4 0.0212
5  1  25.6 0.02930 0.02930 0.15928   2296      14415.1 0.0209
5  1  25.6 0.02950 0.02949 0.16220   2250      13872.0 0.0211
5  1  25.6 0.02970 0.02969 0.17310   2264      13078.8 0.0210
5  1  25.6 0.02990 0.02988 0.17310   2254      13021.0 0.0211
5  1  25.6 0.03010 0.03008 0.17874   2262      12655.6 0.0210
5  1  25.7 0.03030 0.03027 0.18708   2276      12165.8 0.0210
5  1  25.7 0.03050 0.03047 0.18708   2226      11898.5 0.0212
5  1  25.7 0.03070 0.03066 0.19947   2244      11249.8 0.0211
5  1  25.7 0.03090 0.03086 0.20845   2222      10659.8 0.0212
5  1  25.7 0.03110 0.03105 0.22098   2374      10743.2 0.0205
5  1  25.7 0.03130 0.03135 0.22482   2278      10132.5 0.0210
5  1  25.7 0.03150 0.03154 0.24416   2290       9379.1 0.0209
5  1  25.7 0.03170 0.03174 0.25583   2266       8857.3 0.0210
5  1  25.7 0.03190 0.03193 0.25583   2248       8787.0 0.0211
5  1  25.7 0.03210 0.03213 0.27038   2252       8329.2 0.0211
5  1  25.7 0.03230 0.03232 0.30100   2360       7840.6 0.0206
5  1  25.7 0.03250 0.03252 0.30456   2310       7584.7 0.0208
5  1  25.7 0.03270 0.03271 0.31891   2250       7055.2 0.0211
5  1  25.7 0.03290 0.03291 0.33052   2246       6795.4 0.0211
5  1  25.7 0.03310 0.03311 0.37623   2404       6389.7 0.0204
5  1  25.7 0.03330 0.03330 0.37623   2226       5916.5 0.0212
5  1  25.7 0.03350 0.03350 0.41659   2228       5348.2 0.0212
5  1  25.7 0.03370 0.03369 0.44631   2242       5023.4 0.0211
5  1  25.7 0.03390 0.03389 0.48141   2236       4644.7 0.0211
5  1  25.7 0.03410 0.03408 0.53592   2264       4224.5 0.0210
5  1  25.7 0.03430 0.03428 0.58488   2274       3888.0 0.0210
5  1  25.7 0.03450 0.03447 0.62848   2274       3618.3 0.0210
5  1  25.7 0.03470 0.03467 0.68717   2312       3364.5 0.0208
5  1  25.7 0.03490 0.03486 0.75439   2284       3027.6 0.0209
5  1  25.7 0.03510 0.03506 0.84574   2370       2802.3 0.0205
5  1  25.7 0.03530 0.03525 0.91413   2320       2537.9 0.0208
5  1  25.7 0.03550 0.03555 1.05134   2280       2168.7 0.0209
5  1  25.7 0.03570 0.03574 1.15078   2304       2002.1 0.0208
5  1  25.7 0.03590 0.03594 1.21000   2098       1733.9 0.0218
5  1  25.7 0.03610 0.03613 1.21000   2018       1667.8 0.0223
5  1  25.7 0.03630 0.03633 1.21000   1918       1585.1 0.0228
5  1  25.7 0.03650 0.03652 1.21000   1754       1449.6 0.0239
5  1  25.7 0.03670 0.03672 1.21000   1652       1365.3 0.0246
5  1  25.7 0.03690 0.03691 1.21000   1658       1370.2 0.0246
5  1  25.7 0.03710 0.03711 1.21000   1654       1366.9 0.0246
5  1  25.7 0.03730 0.03730 1.21000   1528       1262.8 0.0256
5  1  25.7 0.03750 0.03750 1.21000   1504       1243.0 0.0258
5  1  25.7 0.03770 0.03770 1.21000   1452       1200.0 0.0262
5  1  25.7 0.03790 0.03789 1.21000   1360       1124.0 0.0271
5  1  25.7 0.03810 0.03809 1.21000   1352       1117.4 0.0272
5  1  25.7 0.03830 0.03828 1.21000   1336       1104.1 0.0274
5  1  25.7 0.03850 0.03848 1.21000   1254       1036.4 0.0282
5  1  25.7 0.03870 0.03867 1.21000   1174        970.2 0.0292
5  1  25.7 0.03890 0.03887 1.21000   1148        948.8 0.0295
5  1  25.7 0.03910 0.03906 1.21000   1076        889.3 0.0305
5  1  25.7 0.03930 0.03926 1.21000   1088        899.2 0.0303
5  1  25.7 0.03950 0.03945 1.21000   1054        871.1 0.0308
5  1  25.7 0.03970 0.03975 1.21000    960        793.4 0.0323
5  1  25.7 0.03990 0.03994 1.21000    954        788.4 0.0324
5  2  25.7 0.00010 0.00010 1.21000     46         38.0 0.1474
5  2  25.7 0.00030 0.00029 1.21000     32         26.4 0.1768
5  2  25.7 0.00050 0.00049 1.21000     28         23.1 0.1890
5  2  25.7 0.00070 0.00068 1.21000     30         24.8 0.1826
5  2  25.7 0.00090 0.00088 1.21000     46         38.0 0.1474
5  2  25.7 0.00110 0.00107 1.21000     40         33.1 0.1581
5  2  25.7 0.00130 0.00127 1.21000     42         34.7 0.1543
5  2  25.7 0.00150 0.00146 1.21000     46         38.0 0.1474
5  2  25.7 0.00170 0.00166 1.21000     42         34.7 0.1543
5  2  25.7 0.00190 0.00186 1.21000     58         47.9 0.1313
5  2  25.7 0.00210 0.00215 1.21000     40         33.1 0.1581
5  2  25.7 0.00230 0.00234 1.21000     68         56.2 0.1213
5  2  25.7 0.00250 0.00254 1.21000     54         44.6 0.1361
5  2  25.7 0.00270 0.00273 1.21000     50         41.3 0.1414
5  2  25.7 0.00290 0.00293 1.21000     46         38.0 0.1474
5  2  25.7 0.00310 0.00313 1.21000     58         47.9 0.1313
5  2  25.7 0.00330 0.00332 1.21000     86         71.1 0.1078
5  2  25.8 0.00350 0.00352 1.21000     80         66.1 0.1118
5  2  25.8 0.00370 0.00371 1.21000     70         57.9 0.1195
5  2  25.8 0.00390 0.00391 1.21000    100         82.6 0.1000
5  2  25.8 0.00410 0.00410 1.21000    166        137.2 0.0776
5  2  25.8 0.00430 0.00430 1.21000    274        226.4 0.0604
5  2  25.8 0.00450 0.00449 1.21000    622        514.0 0.0401
5  2  25.8 0.00470 0.00469 1.21000   1454       1201.7 0.0262
5  2  25.8 0.00490 0.00488 1.21000   3450       2851.2 0.0170
5  2  25.8 0.00510 0.00508 1.21000   8226       6798.3 0.0110
5  2  25.8 0.00530 0.00527 1.21000  19548      16155.4 0.0072
5  2  25.8 0.00550 0.00547 1.21000  44922      37125.6 0.0047
5  2  25.8 0.00570 0.00566 0.73077  70426      96372.8 0.0038
5  2  25.8 0.00590 0.00586 0.40143  79624     198351.9 0.0035
5  2  25.8 0.00610 0.00605 0.18564  71622     385811.6 0.0037
5  2  25.8 0.00630 0.00635 0.07986  71698     897778.6 0.0037
5  2  25.8 0.00650 0.00654 0.04976  72072    1448501.2 0.0037
5  2  25.8 0.00670 0.00674 0.03448  71178    2064458.7 0.0037
5  2  25.8 0.00690 0.00693 0.02655  72196    2718865.0 0.0037
5  2  25.8 0.00710 0.00713 0.02186  71856    3286961.8 0.0037
5  2  25.8 0.00730 0.00732 0.01947  72312    3714315.4 0.0037
5  2  25.8 0.00750 0.00752 0.01947  77964    4004631.1 0.0036
5  2  25.8 0.00770 0.00771 0.01713  72208    4215866.5 0.0037
5  2  25.8 0.00790 0.00791 0.01713  74418    4344897.4 0.0037
5  2  25.8 0.00810 0.00811 0.01713  75948    4434226.5 0.0036
5  2  25.8 0.00830 0.00830 0.01713  76952    4492845.1 0.0036
5  2  25.8 0.00850 0.00850 0.01713  77632    4532546.9 0.0036
5  2  25.8 0.00870 0.00869 0.01713  78088    4559170.5 0.0036
5  2  25.8 0.00890 0.00889 0.01713  78392    4576919.5 0.0036
5  2  25.8 0.00910 0.00908 0.01713  78566    4587078.5 0.0036
5  2  25.8 0.00930 0.00928 0.01713  78630    4590815.2 0.0036
5  2  25.8 0.00950 0.00947 0.01713  78622    4590348.1 0.0036
5  2  25.8 0.00970 0.00967 0.01713  78500    4583225.1 0.0036
5  2  25.8 0.00990 0.00986 0.01713  78270    4569796.5 0.0036
5  2  25.8 0.01010 0.01006 0.01713  77878    4546909.6 0.0036
5  2  25.8 0.01030 0.01025 0.01713  77276    4511761.8 0.0036
5  2  25.8 0.01050 0.01055 0.01713  75772    4423950.7 0.0036
5  2  25.8 0.01070 0.01074 0.01713  74210    4332753.3 0.0037
5  2  25.8 0.01090 0.01094 0.01713  71906    4198234.2 0.0037
5  2  25.8 0.01110 0.01113 0.01713  68294    3987347.5 0.0038
5  2  25.8 0.01130 0.01133 0.01713  63270    3694021.0 0.0040
5  2  25.8 0.01150 0.01152 0.01713  56632    3306461.2 0.0042
5  2  25.8 0.01170 0.01172 0.01713  48038    2804700.2 0.0046
5  2  25.8 0.01190 0.01191 0.01713  39276    2293130.6 0.0050
5  2  25.8 0.01210 0.01211 0.01713  31982    1867270.1 0.0056
5  2  25.8 0.01230 0.01230 0.01713  26640    1555377.3 0.0061
5  2  25.8 0.01250 0.01250 0.01713  22710    1325924.1 0.0066
5  2  25.8 0.01270 0.01270 0.01713  20666    1206585.1 0.0070
5  2  25.8 0.01290 0.01289 0.01713  19394    1132319.3 0.0072
5  2  25.8 0.01310 0.01309 0.01713  18998    1109198.9 0.0073
5  2  25.8 0.01330 0.01328 0.01713  18520    1081290.8 0.0073
5  2  25.8 0.01350 0.01348 0.01713  18356    1071715.7 0.0074
5  2  25.8 0.01370 0.01367 0.01713  18736    1093902.0 0.0073
5  2  25.8 0.01390 0.01387 0.01713  18530    1081874.7 0.0073
5  2  25.8 0.01410 0.01406 0.01713  18690    1091216.3 0.0073
5  2  25.8 0.01430 0.01426 0.01713  18408    1074751.7 0.0074
5  2  25.8 0.01450 0.01445 0.01713  18298    1068329.3 0.0074
5  2  25.8 0.01470 0.01475 0.01713  18488    1079422.5 0.0074
5  2  25.8 0.01490 0.01494 0.01713  18452    1077320.6 0.0074
5  2  25.8 0.01510 0.01514 0.01713  18464    1078021.3 0.0074
5  2  25.8 0.01530 0.01533 0.01713  18356    1071715.7 0.0074
5  2  25.8 0.01550 0.01553 0.01713  18380    1073116.9 0.0074
5  2  25.8 0.01570 0.01572 0.01713  18178    1061323.1 0.0074
5  2  25.8 0.01590 0.01592 0.01713  18392    1073817.5 0.0074
5  2  25.8 0.01610 0.01611 0.01713  18216    1063541.8 0.0074
5  2  25.8 0.01630 0.01631 0.01713  18296    1068212.6 0.0074
5  2  25.8 0.01650 0.01650 0.01713  18302    1068562.9 0.0074
5  2  25.8 0.01670 0.01670 0.01713  17922    1046376.6 0.0075
5  2  25.8 0.01690 0.01689 0.01713  17338    1012279.7 0.0076
5  2  25.8 0.01710 0.01709 0.01713  16732     976898.4 0.0077
5  2  25.8 0.01730 0.01729 0.01713  15706     916995.3 0.0080
5  2  25.8 0.01750 0.01748 0.01713  14674     856742.0 0.0083
5  2  25.8 0.01770 0.01768 0.01713  13476     786796.7 0.0086
5  2  25.8 0.01790 0.01787 0.01713  11998     700503.6 0.0091
5  2  25.8 0.01810 0.01807 0.01713  10508     613509.9 0.0098
5  2  25.8 0.01830 0.01826 0.01713   8794     513438.0 0.0107
5  2  25.8 0.01850 0.01846 0.01713   7368     430180.9 0.0116
5  2  25.8 0.01870 0.01865 0.01713   6204     362220.7 0.0127
5  2  25.8 0.01890 0.01895 0.01713   4816     281182.3 0.0144
5  2  25.8 0.01910 0.01914 0.01713   4034     235525.2 0.0157
5  2  25.8 0.01930 0.01934 0.01713   3532     206215.9 0.0168
5  2  25.8 0.01950 0.01953 0.01713   3156     184263.2 0.0178
5  2  25.8 0.01970 0.01973 0.01713   2852     166514.1 0.0187
5  2  25.8 0.01990 0.01992 0.01713   2672     156004.8 0.0193
5  2  25.8 0.02010 0.02012 0.01713   2594     151450.8 0.0196
5  2  25.8 0.02030 0.02031 0.01713   2418     141175.0 0.0203
5  2  25.8 0.02050 0.02051 0.01713   2376     138722.8 0.0205
5  2  25.8 0.02070 0.02070 0.01713   2334     136270.7 0.0207
5  2  25.8 0.02090 0.02090 0.01713   2258     131833.4 0.0210
5  2  25.8 0.02110 0.02109 0.01713   2228     130081.9 0.0212
5  2  25.8 0.02130 0.02129 0.01778   2254     126743.3 0.0211
5  2  25.8 0.02150 0.02148 0.01778   2284     128430.3 0.0209
5  2  25.8 0.02170 0.02168 0.01778   2226     125168.9 0.0212
5  2  25.8 0.02190 0.02188 0.01841   2276     123603.0 0.0210
5  2  25.8 0.02210 0.02207 0.01925   2294     119198.2 0.0209
5  2  25.8 0.02230 0.02227 0.01958   2268     115831.8 0.0210
5  2  25.8 0.02250 0.02246 0.01958   2260     115423.2 0.0210
5  2  25.8 0.02270 0.02266 0.02093   2278     108823.6 0.0210
5  2  25.8 0.02290 0.02285 0.02093   2252     107581.5 0.0211
5  2  25.8 0.02310 0.02314 0.02215   2290     103390.3 0.0209
5  2  25.8 0.02330 0.02334 0.02215   2252     101674.7 0.0211
5  2  25.8 0.02350 0.02354 0.02270   2234      98410.8 0.0212
5  2  25.8 0.02370 0.02373 0.02495   2294      91928.5 0.0209
5  2  25.8 0.02390 0.02393 0.02495   2290      91768.2 0.0209
5  2  25.8 0.02410 0.02412 0.02665   2326      87266.8 0.0207
5  2  25.8 0.02430 0.02432 0.02838   2294      80842.2 0.0209
5  2  25.8 0.02450 0.02451 0.02876   2234      77664.8 0.0212
5  2  25.8 0.02470 0.02471 0.02945   2264      76865.8 0.0210
5  2  25.8 0.02490 0.02490 0.03227   2236      69300.4 0.0211
5  2  25.8 0.02510 0.02510 0.03434   2276      66283.0 0.0210
5  2  25.8 0.02530 0.02529 0.03688   2246      60898.6 0.0211
5  2  25.8 0.02550 0.02549 0.04147   2226      53674.2 0.0212
5  2  25.8 0.02570 0.02568 0.04591   2226      48487.9 0.0212
5  2  25.8 0.02590 0.02588 0.05095   2238      43922.6 0.0211
5  2  25.8 0.02610 0.02607 0.06100   2294      37605.9 0.0209
5  2  25.8 0.02630 0.02627 0.06758   2306      34124.8 0.0208
5  2  25.8 0.02650 0.02646 0.07700   2308      29973.5 0.0208
5  2  25.8 0.02670 0.02666 0.08611   2232      25918.9 0.0212
5  2  25.8 0.02690 0.02686 0.09964   2270      22781.2 0.0210
5  2  25.8 0.02710 0.02715 0.12208   2230      18267.0 0.0212
5  2  25.8 0.02730 0.02734 0.13619   2268      16653.2 0.0210
5  2  25.8 0.02750 0.02754 0.14947   2296      15360.8 0.0209
5  2  25.8 0.02770 0.02773 0.16044   2254      14049.0 0.0211
5  2  25.9 0.02790 0.02793 0.17107   2222      12988.5 0.0212
5  2  25.9 0.02810 0.02813 0.17730   2224      12543.9 0.0212
5  2  25.9 0.02830 0.02832 0.18706   2282      12199.1 0.0209
5  2  25.9 0.02850 0.02852 0.20178   2336      11577.2 0.0207
5  2  25.9 0.02870 0.02871 0.20178   2238      11091.5 0.0211
5  2  25.9 0.02890 0.02891 0.21255   2302      10830.5 0.0208
5  2  25.9 0.02910 0.02910 0.21565   2312      10720.9 0.0208
5  2  25.9 0.02930 0.02930 0.22665   2290      10103.7 0.0209
5  2  25.9 0.02950 0.02949 0.22665   2238       9874.2 0.0211
5  2  25.9 0.02970 0.02969 0.23273   2224       9556.3 0.0212
5  2  25.9 0.02990 0.02988 0.24907   2302       9242.3 0.0208
5  2  25.9 0.03010 0.03008 0.24907   2252       9041.5 0.0211
5  2  25.9 0.03030 0.03027 0.25741   2272       8826.2 0.0210
5  2  25.9 0.03050 0.03047 0.27159   2370       8726.3 0.0205
5  2  25.9 0.03070 0.03066 0.29154   2334       8005.9 0.0207
5  2  25.9 0.03090 0.03086 0.29154   2252       7724.6 0.0211
5  2  25.9 0.03110 0.03105 0.29154   2258       7745.2 0.0210
5  2  25.9 0.03130 0.03135 0.32196   2242       6963.5 0.0211
5  2  25.9 0.03150 0.03154 0.33638   2246       6677.0 0.0211
5  2  25.9 0.03170 0.03174 0.34223   2294       6703.1 0.0209
5  2  25.9 0.03190 0.03193 0.38315   2260       5898.4 0.0210
5  2  25.9 0.03210 0.03213 0.38315   2238       5841.0 0.0211
5  2  25.9 0.03230 0.03232 0.39821   2238       5620.2 0.0211
5  2  25.9 0.03250 0.03252 0.44914   2362       5258.9 0.0206
5  2  25.9 0.03270 0.03271 0.44914   2272       5058.5 0.0210
5  2  25.9 0.03290 0.03291 0.48541   2276       4688.8 0.0210
5  2  25.9 0.03310 0.03311 0.51410   2248       4372.7 0.0211
5  2  25.9 0.03330 0.03330 0.57810   2394       4141.2 0.0204
5  2  25.9 0.03350 0.03350 0.59580   2282       3830.2 0.0209
5  2  25.9 0.03370 0.03369 0.65888   2268       3442.2 0.0210
5  2  25.9 0.03390 0.03389 0.73386   2236       3046.9 0.0211
5  2  25.9 0.03410 0.03408 0.78528   2230       2839.8 0.0212
5  2  25.9 0.03430 0.03428 0.88934   2284       2568.2 0.0209
5  2  25.9 0.03450 0.03447 0.97341   2246       2307.3 0.0211
5  2  25.9 0.03470 0.03467 1.10773   2260       2040.2 0.0210
5  2  25.9 0.03490 0.03486 1.18678   2228       1877.3 0.0212
5  2  25.9 0.03510 0.03506 1.21000   2122       1753.7 0.0217
5  2  25.9 0.03530 0.03525 1.21000   1766       1459.5 0.0238
5  2  25.9 0.03550 0.03555 1.21000   1612       1332.2 0.0249
5  2  25.9 0.03570 0.03574 1.21000   1518       1254.5 0.0257
5  2  25.9 0.03590 0.03594 1.21000   1402       1158.7 0.0267
5  2  25.9 0.03610 0.03613 1.21000   1386       1145.5 0.0269
5  2  25.9 0.03630 0.03633 1.21000   1326       1095.9 0.0275
5  2  25.9 0.03650 0.03652 1.21000   1254       1036.4 0.0282
5  2  25.9 0.03670 0.03672 1.21000   1178        973.6 0.0291
5  2  25.9 0.03690 0.03691 1.21000   1142        943.8 0.0296
5  2  25.9 0.03710 0.03711 1.21000   1142        943.8 0.0296
5  2  25.9 0.03730 0.03730 1.21000   1212       1001.7 0.0287
5  2  25.9 0.03750 0.03750 1.21000   1102        910.7 0.0301
5  2  25.9 0.03770 0.03770 1.21000   1040        859.5 0.0310
5  2  25.9 0.03790 0.03789 1.21000   1064        879.3 0.0307
5  2  25.9 0.03810 0.03809 1.21000   1008        833.1 0.0315
5  2  25.9 0.03830 0.03828 1.21000    980        809.9 0.0319
5  2  25.9 0.03850 0.03848 1.21000    954        788.4 0.0324
5  2  25.9 0.03870 0.03867 1.21000    824        681.0 0.0348
5  2  25.9 0.03890 0.03887 1.21000    846        699.2 0.0344
5  2  25.9 0.03910 0.03906 1.21000    884        730.6 0.0336
5  2  25.9 0.03930 0.03926 1.21000    836        690.9 0.0346
5  2  25.9 0.03950 0.03945 1.21000    758        626.4 0.0363
5  2  25.9 0.03970 0.03975 1.21000    762        629.8 0.0362
5  2  25.9 0.03990 0.03994 1.21000    782        646.3 0.0358
5  3  25.9 0.00010 0.00010 1.21000     30         24.8 0.1826
5  3  25.9 0.00030 0.00029 1.21000     34         28.1 0.1715
5  3  25.9 0.00050 0.00049 1.21000     30         24.8 0.1826
5  3  26.0 0.00070 0.00068 1.21000     40         33.1 0.1581
5  3  26.0 0.00090 0.00088 1.21000     40         33.1 0.1581
5  3  26.0 0.00110 0.00107 1.21000     32         26.4 0.1768
5  3  26.0 0.00130 0.00127 1.21000     34         28.1 0.1715
5  3  26.0 0.00150 0.00146 1.21000     50         41.3 0.1414
5  3  26.0 0.00170 0.00166 1.21000     42         34.7 0.1543
5  3  26.0 0.00190 0.00186 1.21000     52         43.0 0.1387
5  3  26.0 0.00210 0.00215 1.21000     42         34.7 0.1543
5  3  26.0 0.00230 0.00234 1.21000     42         34.7 0.1543
5  3  26.0 0.00250 0.00254 1.21000     66         54.5 0.1231
5  3  26.0 0.00270 0.00273 1.21000     56         46.3 0.1336
5  3  26.0 0.00290 0.00293 1.21000     48         39.7 0.1443
5  3  26.0 0.00310 0.00313 1.21000     74         61.2 0.1162
5  3  26.0 0.00330 0.00332 1.21000     66         54.5 0.1231
5  3  26.0 0.00350 0.00352 1.21000     76         62.8 0.1147
5  3  26.0 0.00370 0.00371 1.21000     78         64.5 0.1132
5  3  26.0 0.00390 0.00391 1.21000    104         86.0 0.0981
5  3  26.0 0.00410 0.00410 1.21000    136        112.4 0.0857
5  3  26.0 0.00430 0.00430 1.21000    276        228.1 0.0602
5  3  26.0 0.00450 0.00449 1.21000    556        459.5 0.0424
5  3  26.0 0.00470 0.00469 1.21000   1264       1044.6 0.0281
5  3  26.0 0.00490 0.00488 1.21000   3218       2659.5 0.0176
5  3  26.0 0.00510 0.00508 1.21000   7490       6190.1 0.0116
5  3  26.0 0.00530 0.00527 1.21000  17876      14773.6 0.0075
5  3  26.0 0.00550 0.00547 1.21000  41930      34652.9 0.0049
5  3  26.0 0.00570 0.00566 0.80210  72100      89888.9 0.0037
5  3  26.0 0.00590 0.00586 0.39143  71700     183176.8 0.0037
5  3  26.0 0.00610 0.00605 0.21502  77308     359539.5 0.0036
5  3  26.0 0.00630 0.00635 0.08457  71964     850910.2 0.0037
5  3  26.0 0.00650 0.00654 0.05187  71496    1378363.0 0.0037
5  3  26.0 0.00670 0.00674 0.03565  72374    2029991.6 0.0037
5  3  26.0 0.00690 0.00693 0.02697  71758    2660192.5 0.0037
5  3  26.0 0.00710 0.00713 0.02217  71946    3244973.0 0.0037
5  3  26.0 0.00730 0.00732 0.01963  72324    3684453.7 0.0037
5  3  26.0 0.00750 0.00752 0.01963  78204    3984002.8 0.0036
5  3  26.0 0.00770 0.00771 0.01719  71916    4183400.8 0.0037
5  3  26.0 0.00790 0.00791 0.01719  74368    4326035.2 0.0037
5  3  26.0 0.00810 0.00811 0.01719  75894    4414803.7 0.0036
5  3  26.0 0.00830 0.00830 0.01719  76910    4473905.0 0.0036
5  3  26.0 0.00850 0.00850 0.01719  77584    4513112.1 0.0036
5  3  26.0 0.00870 0.00869 0.01719  78082    4542081.1 0.0036
5  3  26.0 0.00890 0.00889 0.01719  78382    4559532.3 0.0036
5  3  26.0 0.00910 0.00908 0.01719  78558    4569770.3 0.0036
5  3  26.0 0.00930 0.00928 0.01719  78648    4575005.6 0.0036
5  3  26.0 0.00950 0.00947 0.01719  78630    4573958.6 0.0036
5  3  26.0 0.00970 0.00967 0.01719  78544    4568955.9 0.0036
5  3  26.0 0.00990 0.00986 0.01719  78312    4555460.3 0.0036
5  3  26.0 0.01010 0.01006 0.01719  77938    4533704.5 0.0036
5  3  26.0 0.01030 0.01025 0.01719  77352    4499616.5 0.0036
5  3  26.0 0.01050 0.01055 0.01719  75936    4417246.8 0.0036
5  3  26.0 0.01070 0.01074 0.01719  74364    4325802.6 0.0037
5  3  26.0 0.01090 0.01094 0.01719  72106    4194453.2 0.0037
5  3  26.0 0.01110 0.01113 0.01719  68714    3997138.4 0.0038
5  3  26.0 0.01130 0.01133 0.01719  63824    3712683.9 0.0040
5  3  26.0 0.01150 0.01152 0.01719  57168    3325500.0 0.0042
5  3  26.0 0.01170 0.01172 0.01719  48386    2814645.3 0.0045
5  3  26.0 0.01190 0.01191 0.01719  39844    2317751.6 0.0050
5  3  26.0 0.01210 0.01211 0.01719  32244    1875654.6 0.0056
5  3  26.0 0.01230 0.01230 0.01719  25940    1508946.8 0.0062
5  3  26.0 0.01250 0.01250 0.01719  22106    1285920.5 0.0067
5  3  26.0 0.01270 0.01270 0.01719  19844    1154338.5 0.0071
5  3  26.0 0.01290 0.01289 0.01719  18726    1089303.7 0.0073
5  3  26.0 0.01310 0.01309 0.01719  17926    1042767.2 0.0075
5  3  26.0 0.01330 0.01328 0.01719  17428    1013798.2 0.0076
5  3  26.0 0.01350 0.01348 0.01719  17514    1018800.8 0.0076
5  3  26.0 0.01370 0.01367 0.01719  17426    1013681.8 0.0076
5  3  26.0 0.01390 0.01387 0.01719  17580    1022640.1 0.0075
5  3  26.0 0.01410 0.01406 0.01719  17440    1014496.2 0.0076
5  3  26.0 0.01430 0.01426 0.01719  17482    1016939.4 0.0076
5  3  26.0 0.01450 0.01445 0.01719  17542    1020429.6 0.0076
5  3  26.0 0.01470 0.01475 0.01719  17384    1011238.7 0.0076
5  3  26.0 0.01490 0.01494 0.01719  17258    1003909.2 0.0076
5  3  26.0 0.01510 0.01514 0.01719  17266    1004374.5 0.0076
5  3  26.0 0.01530 0.01533 0.01719  17214    1001349.6 0.0076
5  3  26.0 0.01550 0.01553 0.01719  17156     997975.8 0.0076
5  3  26.0 0.01570 0.01572 0.01719  17422    1013449.1 0.0076
5  3  26.0 0.01590 0.01592 0.01719  17204    1000767.9 0.0076
5  3  26.0 0.01610 0.01611 0.01719  17344    1008911.8 0.0076
5  3  26.0 0.01630 0.01631 0.01719  17144     997277.7 0.0076
5  3  26.0 0.01650 0.01650 0.01719  17162     998324.8 0.0076
5  3  26.0 0.01670 0.01670 0.01719  16926     984596.5 0.0077
5  3  26.0 0.01690 0.01689 0.01719  16552     962840.7 0.0078
5  3  26.0 0.01710 0.01709 0.01719  15964     928636.3 0.0079
5  3  26.0 0.01730 0.01729 0.01719  14988     871861.8 0.0082
5  3  26.0 0.01750 0.01748 0.01719  13782     801708.0 0.0085
5  3  26.0 0.01770 0.01768 0.01719  12856     747841.9 0.0088
5  3  26.0 0.01790 0.01787 0.01719  11332     659189.9 0.0094
5  3  26.0 0.01810 0.01807 0.01719   9902     576005.8 0.0100
5  3  26.0 0.01830 0.01826 0.01719   8422     489913.3 0.0109
5  3  26.0 0.01850 0.01846 0.01719   7056     410452.1 0.0119
5  3  26.0 0.01870 0.01865 0.01719   5926     344719.3 0.0130
5  3  26.0 0.01890 0.01895 0.01719   4476     260371.9 0.0149
5  3  26.0 0.01910 0.01914 0.01719   3926     228378.0 0.0160
5  3  26.0 0.01930 0.01934 0.01719   3328     193591.9 0.0173
5  3  26.0 0.01950 0.01953 0.01719   2904     168927.6 0.0186
5  3  26.0 0.01970 0.01973 0.01719   2642     153686.9 0.0195
5  3  26.0 0.01990 0.01992 0.01719   2514     146241.0 0.0199
5  3  26.0 0.02010 0.02012 0.01719   2326     135304.9 0.0207
5  3  26.0 0.02030 0.02031 0.01719   2276     132396.4 0.0210
5  3  26.0 0.02050 0.02051 0.01784   2398     134384.7 0.0204
5  3  26.0 0.02070 0.02070 0.01784   2226     124745.8 0.0212
5  3  26.0 0.02090 0.02090 0.01860   2278     122489.2 0.0210
5  3  26.0 0.02110 0.02109 0.01860   2240     120445.9 0.0211
5  3  26.0 0.02130 0.02129 0.01947   2232     114665.5 0.0212
5  3  26.0 0.02150 0.02148 0.02038   2358     115686.8 0.0206
5  3  26.0 0.02170 0.02168 0.02038   2264     111075.0 0.0210
5  3  26.1 0.02190 0.02188 0.02038   2254     110584.4 0.0211
5  3  26.1 0.02210 0.02207 0.02038   2292     112448.7 0.0209
5  3  26.1 0.02230 0.02227 0.02143   2276     106185.2 0.0210
5  3  26.1 0.02250 0.02246 0.02143   2224     103759.2 0.0212
5  3  26.1 0.02270 0.02266 0.02257   2334     103402.5 0.0207
5  3  26.1 0.02290 0.02285 0.02257   2262     100212.7 0.0210
5  3  26.1 0.02310 0.02314 0.02369   2294      96827.1 0.0209
5  3  26.1 0.02330 0.02334 0.02373   2270      95641.6 0.0210
5  3  26.1 0.02350 0.02354 0.02469   2292      92831.0 0.0209
5  3  26.1 0.02370 0.02373 0.02593   2280      87939.6 0.0209
5  3  26.1 0.02390 0.02393 0.02662   2236      83991.4 0.0211
5  3  26.1 0.02410 0.02412 0.02746   2242      81659.2 0.0211
5  3  26.1 0.02430 0.02432 0.02909   2244      77145.9 0.0211
5  3  26.1 0.02450 0.02451 0.03019   2232      73927.6 0.0212
5  3  26.1 0.02470 0.02471 0.03338   2422      72566.9 0.0203
5  3  26.1 0.02490 0.02490 0.03421   2222      64956.6 0.0212
5  3  26.1 0.02510 0.02510 0.03715   2254      60672.9 0.0211
5  3  26.1 0.02530 0.02529 0.04042   2332      57687.4 0.0207
5  3  26.1 0.02550 0.02549 0.04447   2282      51318.7 0.0209
5  3  26.1 0.02570 0.02568 0.04989   2290      45903.0 0.0209
5  3  26.1 0.02590 0.02588 0.05504   2276      41351.7 0.0210
5  3  26.1 0.02610 0.02607 0.06233   2252      36128.0 0.0211
5  3  26.1 0.02630 0.02627 0.07170   2266      31603.4 0.0210
5  3  26.1 0.02650 0.02646 0.08306   2286      27523.7 0.0209
5  3  26.1 0.02670 0.02666 0.09253   2228      24077.4 0.0212
5  3  26.1 0.02690 0.02686 0.10754   2248      20904.3 0.0211
5  3  26.1 0.02710 0.02715 0.13336   2292      17186.9 0.0209
5  3  26.1 0.02730 0.02734 0.14471   2236      15451.9 0.0211
5  3  26.1 0.02750 0.02754 0.15808   2294      14511.5 0.0209
5  3  26.1 0.02770 0.02773 0.17269   2222      12866.7 0.0212
5  3  26.1 0.02790 0.02793 0.17998   2260      12556.7 0.0210
5  3  26.1 0.02810 0.02813 0.19320   2276      11780.6 0.0210
5  3  26.1 0.02830 0.02832 0.20281   2354      11607.0 0.0206
5  3  26.1 0.02850 0.02852 0.21325   2254      10569.8 0.0211
5  3  26.1 0.02870 0.02871 0.21325   2224      10429.1 0.0212
5  3  26.1 0.02890 0.02891 0.21736   2226      10241.2 0.0212
5  3  26.1 0.02910 0.02910 0.23845   2302       9654.0 0.0208
5  3  26.1 0.02930 0.02930 0.23845   2236       9377.3 0.0211
5  3  26.1 0.02950 0.02949 0.25111   2268       9032.0 0.0210
5  3  26.1 0.02970 0.02969 0.25111   2236       8904.6 0.0211
5  3  26.1 0.02990 0.02988 0.25806   2286       8858.3 0.0209
5  3  26.1 0.03010 0.03008 0.27306   2326       8518.4 0.0207
5  3  26.1 0.03030 0.03027 0.27306   2232       8174.2 0.0212
5  3  26.1 0.03050 0.03047 0.29732   2288       7695.3 0.0209
5  3  26.1 0.03070 0.03066 0.29732   2250       7567.5 0.0211
5  3  26.1 0.03090 0.03086 0.31552   2298       7283.2 0.0209
5  3  26.1 0.03110 0.03105 0.32540   2378       7307.9 0.0205
5  3  26.1 0.03130 0.03135 0.34057   2290       6724.0 0.0209
5  3  26.1 0.03150 0.03154 0.35967   2318       6444.8 0.0208
5  3  26.1 0.03170 0.03174 0.37241   2254       6052.5 0.0211
5  3  26.1 0.03190 0.03193 0.38959   2240       5749.6 0.0211
5  3  26.1 0.03210 0.03213 0.41911   2340       5583.2 0.0207
5  3  26.1 0.03230 0.03232 0.41911   2232       5325.6 0.0212
5  3  26.1 0.03250 0.03252 0.45920   2286       4978.2 0.0209
5  3  26.1 0.03270 0.03271 0.49441   2314       4680.3 0.0208
5  3  26.1 0.03290 0.03291 0.49845   2240       4493.9 0.0211
5  3  26.1 0.03310 0.03311 0.55825   2266       4059.1 0.0210
5  3  26.1 0.03330 0.03330 0.59022   2350       3981.6 0.0206
5  3  26.1 0.03350 0.03350 0.62037   2224       3585.0 0.0212
5  3  26.1 0.03370 0.03369 0.68580   2244       3272.1 0.0211
5  3  26.1 0.03390 0.03389 0.76941   2274       2955.5 0.0210
5  3  26.1 0.03410 0.03408 0.84635   2324       2745.9 0.0207
5  3  26.1 0.03430 0.03428 0.93622   2264       2418.2 0.0210
5  3  26.1 0.03450 0.03447 1.00847   2222       2203.3 0.0212
5  3  26.1 0.03470 0.03467 1.13748   2302       2023.8 0.0208
5  3  26.1 0.03490 0.03486 1.21000   2020       1669.4 0.0222
5  3  26.1 0.03510 0.03506 1.21000   1828       1510.7 0.0234
5  3  26.1 0.03530 0.03525 1.21000   1756       1451.2 0.0239
5  3  26.1 0.03550 0.03555 1.21000   1516       1252.9 0.0257
5  3  26.1 0.03570 0.03574 1.21000   1378       1138.8 0.0269
5  3  26.1 0.03590 0.03594 1.21000   1324       1094.2 0.0275
5  3  26.1 0.03610 0.03613 1.21000   1234       1019.8 0.0285
5  3  26.1 0.03630 0.03633 1.21000   1218       1006.6 0.0287
5  3  26.1 0.03650 0.03652 1.21000   1194        986.8 0.0289
5  3  26.1 0.03670 0.03672 1.21000   1156        955.4 0.0294
5  3  26.1 0.03690 0.03691 1.21000    988        816.5 0.0318
5  3  26.1 0.03710 0.03711 1.21000   1080        892.6 0.0304
5  3  26.1 0.03730 0.03730 1.21000   1010        834.7 0.0315
5  3  26.1 0.03750 0.03750 1.21000   1038        857.9 0.0310
5  3  26.1 0.03770 0.03770 1.21000    950        785.1 0.0324
5  3  26.1 0.03790 0.03789 1.21000    934        771.9 0.0327
5  3  26.1 0.03810 0.03809 1.21000    930        768.6 0.0328
5  3  26.1 0.03830 0.03828 1.21000    892        737.2 0.0335
5  3  26.1 0.03850 0.03848 1.21000    840        694.2 0.0345
5  3  26.2 0.03870 0.03867 1.21000    844        697.5 0.0344
5  3  26.2 0.03890 0.03887 1.21000    794        656.2 0.0355
5  3  26.2 0.03910 0.03906 1.21000    770        636.4 0.0360
5  3  26.2 0.03930 0.03926 1.21000    776        641.3 0.0359
5  3  26.2 0.03950 0.03945 1.21000    734        606.6 0.0369
5  3  26.2 0.03970 0.03975 1.21000    682        563.6 0.0383
5  3  26.2 0.03990 0.03994 1.21000    662        547.1 0.0389
