# Scan Time    : Fri, 18 Mar 2022 11:42:53 +0000 (GMT) +834035000 nsec
# Board Lane   : 7
# Board Loc    : BTOF - Northwest
# SiPM Biases  :  58.265  58.216  58.422  58.633
# SiPM Currents:   2.085   1.961   2.081   2.146
#
1 -1 101.7 0.00010 0.00010 1.21000      0          0.0 999.9990
1 -1 101.7 0.00030 0.00029 1.21000      0          0.0 999.9990
1 -1  26.4 0.00050 0.00049 1.21000      0          0.0 999.9990
1 -1  26.4 0.00070 0.00068 1.21000      0          0.0 999.9990
1 -1  26.4 0.00090 0.00088 1.21000      0          0.0 999.9990
1 -1  26.4 0.00110 0.00107 1.21000      0          0.0 999.9990
1 -1  26.4 0.00130 0.00127 1.21000      0          0.0 999.9990
1 -1  26.4 0.00150 0.00146 1.21000      0          0.0 999.9990
1 -1  26.4 0.00170 0.00166 1.21000      0          0.0 999.9990
1 -1  26.4 0.00190 0.00186 1.21000      0          0.0 999.9990
1 -1  26.4 0.00210 0.00215 1.21000      0          0.0 999.9990
1 -1  26.4 0.00230 0.00234 1.21000      2          1.7 0.7071
1 -1  26.4 0.00250 0.00254 1.21000      0          0.0 999.9990
1 -1  26.4 0.00270 0.00273 1.21000      0          0.0 999.9990
1 -1  26.4 0.00290 0.00293 1.21000      2          1.7 0.7071
1 -1  26.4 0.00310 0.00313 1.21000      2          1.7 0.7071
1 -1  26.4 0.00330 0.00332 1.21000      4          3.3 0.5000
1 -1  26.4 0.00350 0.00352 1.21000      4          3.3 0.5000
1 -1  26.4 0.00370 0.00371 1.21000      4          3.3 0.5000
1 -1  26.4 0.00390 0.00391 1.21000      8          6.6 0.3536
1 -1  26.4 0.00410 0.00410 1.21000     26         21.5 0.1961
1 -1  26.4 0.00430 0.00430 1.21000     30         24.8 0.1826
1 -1  26.4 0.00450 0.00449 1.21000     90         74.4 0.1054
1 -1  26.4 0.00470 0.00469 1.21000    208        171.9 0.0693
1 -1  26.4 0.00490 0.00488 1.21000    584        482.6 0.0414
1 -1  26.4 0.00510 0.00508 1.21000   1296       1071.1 0.0278
1 -1  26.4 0.00530 0.00527 1.21000   3420       2826.4 0.0171
1 -1  26.4 0.00550 0.00547 1.21000   8678       7171.9 0.0107
1 -1  26.4 0.00570 0.00566 1.21000  20312      16786.8 0.0070
1 -1  26.4 0.00590 0.00586 1.21000  44536      36806.6 0.0047
1 -1  26.4 0.00610 0.00605 0.89683  73448      81897.2 0.0037
1 -1  26.4 0.00630 0.00635 0.30556  72232     236390.2 0.0037
1 -1  26.4 0.00650 0.00654 0.16785  77808     463548.2 0.0036
1 -1  26.4 0.00670 0.00674 0.09221  79888     866409.1 0.0035
1 -1  26.4 0.00690 0.00693 0.05065  75982    1500109.5 0.0036
1 -1  26.4 0.00710 0.00713 0.02813  73598    2615920.2 0.0037
1 -1  26.4 0.00730 0.00732 0.01843  73000    3960035.8 0.0037
1 -1  26.4 0.00750 0.00752 0.01317  70992    5391443.7 0.0038
1 -1  26.4 0.00770 0.00771 0.01033  73178    7082826.1 0.0037
1 -1  26.4 0.00790 0.00791 0.00845  72882    8620791.6 0.0037
1 -1  26.4 0.00810 0.00811 0.00735  71952    9791660.7 0.0037
1 -1  26.4 0.00830 0.00830 0.00735  78850   10730382.0 0.0036
1 -1  26.4 0.00850 0.00850 0.00625  71452   11427951.8 0.0037
1 -1  26.4 0.00870 0.00869 0.00625  75520   12078583.1 0.0036
1 -1  26.4 0.00890 0.00889 0.00625  78130   12496023.5 0.0036
1 -1  26.4 0.00910 0.00908 0.00562  71716   12758021.5 0.0037
1 -1  26.4 0.00930 0.00928 0.00562  73024   12990710.0 0.0037
1 -1  26.4 0.00950 0.00947 0.00562  74046   13172520.2 0.0037
1 -1  26.4 0.00970 0.00967 0.00562  74818   13309856.3 0.0037
1 -1  26.4 0.00990 0.00986 0.00562  75264   13389198.1 0.0036
1 -1  26.4 0.01010 0.01006 0.00562  75386   13410901.4 0.0036
1 -1  26.4 0.01030 0.01025 0.00562  75158   13370341.1 0.0036
1 -1  26.4 0.01050 0.01055 0.00562  74142   13189598.3 0.0037
1 -1  26.4 0.01070 0.01074 0.00562  72912   12970785.6 0.0037
1 -1  26.4 0.01090 0.01094 0.00562  70886   12610367.4 0.0038
1 -1  26.4 0.01110 0.01113 0.00562  68038   12103718.4 0.0038
1 -1  26.4 0.01130 0.01133 0.00562  64486   11471830.2 0.0039
1 -1  26.4 0.01150 0.01152 0.00562  59444   10574876.3 0.0041
1 -1  26.4 0.01170 0.01172 0.00562  52864    9404317.7 0.0043
1 -1  26.4 0.01190 0.01191 0.00562  46766    8319505.2 0.0046
1 -1  26.4 0.01210 0.01211 0.00562  41086    7309053.4 0.0049
1 -1  26.4 0.01230 0.01230 0.00562  36874    6559753.5 0.0052
1 -1  26.4 0.01250 0.01250 0.00562  33502    5959886.7 0.0055
1 -1  26.4 0.01270 0.01270 0.00562  31668    5633624.6 0.0056
1 -1  26.4 0.01290 0.01289 0.00562  30128    5359664.1 0.0058
1 -1  26.4 0.01310 0.01309 0.00562  29664    5277120.2 0.0058
1 -1  26.4 0.01330 0.01328 0.00562  28984    5156150.6 0.0059
1 -1  26.4 0.01350 0.01348 0.00562  28790    5121638.7 0.0059
1 -1  26.4 0.01370 0.01367 0.00562  28640    5094954.2 0.0059
1 -1  26.4 0.01390 0.01387 0.00562  28274    5029844.1 0.0059
1 -1  26.4 0.01410 0.01406 0.00562  28280    5030911.5 0.0059
1 -1  26.4 0.01430 0.01426 0.00562  28094    4997822.7 0.0060
1 -1  26.4 0.01450 0.01445 0.00562  28154    5008496.5 0.0060
1 -1  26.4 0.01470 0.01475 0.00562  27712    4929866.3 0.0060
1 -1  26.4 0.01490 0.01494 0.00562  27942    4970782.5 0.0060
1 -1  26.4 0.01510 0.01514 0.00562  27728    4932712.6 0.0060
1 -1  26.4 0.01530 0.01533 0.00562  27898    4962955.0 0.0060
1 -1  26.4 0.01550 0.01553 0.00562  27820    4949079.1 0.0060
1 -1  26.4 0.01570 0.01572 0.00562  27652    4919192.5 0.0060
1 -1  26.4 0.01590 0.01592 0.00562  27580    4906384.0 0.0060
1 -1  26.4 0.01610 0.01611 0.00562  27252    4848033.9 0.0061
1 -1  26.4 0.01630 0.01631 0.00562  26928    4790395.5 0.0061
1 -1  26.4 0.01650 0.01650 0.00562  26638    4738805.5 0.0061
1 -1  26.4 0.01670 0.01670 0.00562  25854    4599334.7 0.0062
1 -1  26.4 0.01690 0.01689 0.00562  24652    4385503.2 0.0064
1 -1  26.4 0.01710 0.01709 0.00562  23168    4121504.8 0.0066
1 -1  26.4 0.01730 0.01729 0.00562  21604    3843274.8 0.0068
1 -1  26.4 0.01750 0.01748 0.00562  19848    3530888.7 0.0071
1 -1  26.4 0.01770 0.01768 0.00562  17966    3196087.5 0.0075
1 -1  26.4 0.01790 0.01787 0.00562  16252    2891173.0 0.0078
1 -1  26.4 0.01810 0.01807 0.00562  14194    2525062.1 0.0084
1 -1  26.4 0.01830 0.01826 0.00562  12374    2201290.6 0.0090
1 -1  26.4 0.01850 0.01846 0.00562  11008    1958284.1 0.0095
1 -1  26.4 0.01870 0.01865 0.00562   9802    1743741.0 0.0101
1 -1  26.4 0.01890 0.01895 0.00562   8350    1485435.3 0.0109
1 -1  26.4 0.01910 0.01914 0.00562   7618    1355215.1 0.0115
1 -1  26.4 0.01930 0.01934 0.00562   7066    1257016.3 0.0119
1 -1  26.4 0.01950 0.01953 0.00562   6594    1173049.2 0.0123
1 -1  26.4 0.01970 0.01973 0.00562   6270    1115410.7 0.0126
1 -1  26.4 0.01990 0.01992 0.00562   6010    1069157.6 0.0129
1 -1  26.4 0.02010 0.02012 0.00562   5700    1014009.7 0.0132
1 -1  26.4 0.02030 0.02031 0.00562   5348     951390.2 0.0137
1 -1  26.4 0.02050 0.02051 0.00562   5194     923994.1 0.0139
1 -1  26.4 0.02070 0.02070 0.00562   4990     887703.3 0.0142
1 -1  26.4 0.02090 0.02090 0.00562   4876     867423.1 0.0143
1 -1  26.4 0.02110 0.02109 0.00562   4658     828641.6 0.0147
1 -1  26.4 0.02130 0.02129 0.00562   4500     800534.0 0.0149
1 -1  26.4 0.02150 0.02148 0.00562   4352     774205.3 0.0152
1 -1  26.4 0.02170 0.02168 0.00562   4240     754280.9 0.0154
1 -1  26.4 0.02190 0.02188 0.00562   4132     735068.1 0.0156
1 -1  26.4 0.02210 0.02207 0.00562   4126     734000.7 0.0156
1 -1  26.4 0.02230 0.02227 0.00562   3858     686324.5 0.0161
1 -1  26.4 0.02250 0.02246 0.00562   3728     663197.9 0.0164
1 -1  26.4 0.02270 0.02266 0.00562   3500     622637.6 0.0169
1 -1  26.4 0.02290 0.02285 0.00562   3460     615521.7 0.0170
1 -1  26.4 0.02310 0.02314 0.00562   3178     565354.9 0.0177
1 -1  26.4 0.02330 0.02334 0.00562   3060     544363.1 0.0181
1 -1  26.4 0.02350 0.02354 0.00562   3002     534045.1 0.0183
1 -1  26.4 0.02370 0.02373 0.00562   2838     504870.1 0.0188
1 -1  26.4 0.02390 0.02393 0.00562   2626     467156.1 0.0195
1 -1  26.4 0.02410 0.02412 0.00562   2496     444029.5 0.0200
1 -1  26.4 0.02430 0.02432 0.00562   2310     410940.8 0.0208
1 -1  26.4 0.02450 0.02451 0.00587   2260     385037.7 0.0210
1 -1  26.4 0.02470 0.02471 0.00647   2272     350970.2 0.0210
1 -1  26.4 0.02490 0.02490 0.00715   2306     322551.9 0.0208
1 -1  26.4 0.02510 0.02510 0.00788   2244     284816.9 0.0211
1 -1  26.4 0.02530 0.02529 0.00879   2244     255335.4 0.0211
1 -1  26.4 0.02550 0.02549 0.00941   2254     239443.0 0.0211
1 -1  26.4 0.02570 0.02568 0.01093   2390     218697.6 0.0205
1 -1  26.4 0.02590 0.02588 0.01202   2288     190331.0 0.0209
1 -1  26.4 0.02610 0.02607 0.01352   2320     171637.7 0.0208
1 -1  26.4 0.02630 0.02627 0.01440   2302     159904.5 0.0208
1 -1  26.4 0.02650 0.02646 0.01580   2256     142772.7 0.0211
1 -1  26.4 0.02670 0.02666 0.01750   2426     138606.5 0.0203
1 -1  26.4 0.02690 0.02686 0.01833   2246     122547.4 0.0211
1 -1  26.4 0.02710 0.02715 0.02027   2272     112086.3 0.0210
1 -1  26.4 0.02730 0.02734 0.02123   2238     105440.1 0.0211
1 -1  26.4 0.02750 0.02754 0.02257   2316     102632.8 0.0208
1 -1  26.4 0.02770 0.02773 0.02354   2222      94390.3 0.0212
1 -1  26.4 0.02790 0.02793 0.02614   2286      87455.8 0.0209
1 -1  26.4 0.02810 0.02813 0.02669   2272      85120.8 0.0210
1 -1  26.4 0.02830 0.02832 0.02686   2222      82723.0 0.0212
1 -1  26.4 0.02850 0.02852 0.02874   2222      77303.2 0.0212
1 -1  26.4 0.02870 0.02871 0.03113   2256      72481.3 0.0211
1 -1  26.4 0.02890 0.02891 0.03296   2280      69164.4 0.0209
1 -1  26.4 0.02910 0.02910 0.03425   2328      67970.3 0.0207
1 -1  26.4 0.02930 0.02930 0.03425   2244      65517.8 0.0211
1 -1  26.4 0.02950 0.02949 0.03645   2292      62883.6 0.0209
1 -1  26.4 0.02970 0.02969 0.03767   2274      60368.1 0.0210
1 -1  26.4 0.02990 0.02988 0.04156   2326      55968.3 0.0207
1 -1  26.4 0.03010 0.03008 0.04307   2348      54514.4 0.0206
1 -1  26.4 0.03030 0.03027 0.04443   2300      51767.2 0.0209
1 -1  26.4 0.03050 0.03047 0.04831   2252      46616.5 0.0211
1 -1  26.4 0.03070 0.03066 0.05035   2302      45721.4 0.0208
1 -1  26.4 0.03090 0.03086 0.05373   2364      43999.7 0.0206
1 -1  26.4 0.03110 0.03105 0.05734   2272      39623.0 0.0210
1 -1  26.4 0.03130 0.03135 0.06220   2260      36332.1 0.0210
1 -1  26.4 0.03150 0.03154 0.06789   2292      33762.1 0.0209
1 -1  26.4 0.03170 0.03174 0.07333   2282      31118.2 0.0209
1 -1  26.4 0.03190 0.03193 0.07956   2280      28656.3 0.0209
1 -1  26.4 0.03210 0.03213 0.08552   2246      26264.1 0.0211
1 -1  26.4 0.03230 0.03232 0.09144   2270      24824.5 0.0210
1 -1  26.4 0.03250 0.03252 0.10049   2250      22391.0 0.0211
1 -1  26.4 0.03270 0.03271 0.11112   2250      20248.1 0.0211
1 -1  26.4 0.03290 0.03291 0.12462   2406      19306.3 0.0204
1 -1  26.4 0.03310 0.03311 0.13174   2224      16882.1 0.0212
1 -1  26.4 0.03330 0.03330 0.14127   2278      16124.7 0.0210
1 -1  26.4 0.03350 0.03350 0.15540   2282      14684.5 0.0209
1 -1  26.4 0.03370 0.03369 0.17352   2256      13001.5 0.0211
1 -1  26.4 0.03390 0.03389 0.19104   2326      12175.5 0.0207
1 -1  26.4 0.03410 0.03408 0.20403   2270      11125.7 0.0210
1 -1  26.4 0.03430 0.03428 0.21067   2250      10680.3 0.0211
1 -1  26.4 0.03450 0.03447 0.23796   2376       9985.0 0.0205
1 -1  26.4 0.03470 0.03467 0.24611   2270       9223.4 0.0210
1 -1  26.4 0.03490 0.03486 0.26491   2332       8802.8 0.0207
1 -1  26.4 0.03510 0.03506 0.27845   2242       8051.8 0.0211
1 -1  26.4 0.03530 0.03525 0.29075   2292       7883.1 0.0209
1 -1  26.4 0.03550 0.03555 0.31919   2340       7331.0 0.0207
1 -1  26.4 0.03570 0.03574 0.31919   2228       6980.2 0.0212
1 -1  26.4 0.03590 0.03594 0.34699   2246       6472.9 0.0211
1 -1  26.4 0.03610 0.03613 0.35827   2246       6268.9 0.0211
1 -1  26.4 0.03630 0.03633 0.38780   2238       5771.0 0.0211
1 -1  26.4 0.03650 0.03652 0.41230   2326       5641.6 0.0207
1 -1  26.4 0.03670 0.03672 0.42688   2250       5270.8 0.0211
1 -1  26.4 0.03690 0.03691 0.44599   2256       5058.4 0.0211
1 -1  26.4 0.03710 0.03711 0.47283   2332       4932.0 0.0207
1 -1  26.4 0.03730 0.03730 0.50501   2292       4538.5 0.0209
1 -1  26.4 0.03750 0.03750 0.50501   2232       4419.7 0.0212
1 -1  26.4 0.03770 0.03770 0.55169   2308       4183.5 0.0208
1 -1  26.4 0.03790 0.03789 0.58112   2300       3957.9 0.0209
1 -1  26.4 0.03810 0.03809 0.62039   2280       3675.1 0.0209
1 -1  26.4 0.03830 0.03828 0.65643   2250       3427.6 0.0211
1 -1  26.4 0.03850 0.03848 0.68997   2252       3263.9 0.0211
1 -1  26.4 0.03870 0.03867 0.73145   2240       3062.4 0.0211
1 -1  26.4 0.03890 0.03887 0.79905   2292       2868.4 0.0209
1 -1  26.4 0.03910 0.03906 0.86802   2256       2599.0 0.0211
1 -1  26.4 0.03930 0.03926 0.90378   2334       2582.5 0.0207
1 -1  26.4 0.03950 0.03945 0.96791   2394       2473.4 0.0204
1 -1  26.4 0.03970 0.03975 1.07000   2334       2181.3 0.0207
1 -1  26.4 0.03990 0.03994 1.10448   2234       2022.7 0.0212
1  0  26.4 0.00010 0.00010 1.21000      0          0.0 999.9990
1  0  26.4 0.00030 0.00029 1.21000      0          0.0 999.9990
1  0  26.4 0.00050 0.00049 1.21000      0          0.0 999.9990
1  0  26.4 0.00070 0.00068 1.21000      0          0.0 999.9990
1  0  26.4 0.00090 0.00088 1.21000      0          0.0 999.9990
1  0  26.4 0.00110 0.00107 1.21000      0          0.0 999.9990
1  0  26.4 0.00130 0.00127 1.21000      0          0.0 999.9990
1  0  26.4 0.00150 0.00146 1.21000      0          0.0 999.9990
1  0  26.4 0.00170 0.00166 1.21000      0          0.0 999.9990
1  0  26.4 0.00190 0.00186 1.21000      0          0.0 999.9990
1  0  26.4 0.00210 0.00215 1.21000      0          0.0 999.9990
1  0  26.4 0.00230 0.00234 1.21000      0          0.0 999.9990
1  0  26.4 0.00250 0.00254 1.21000      0          0.0 999.9990
1  0  26.4 0.00270 0.00273 1.21000      0          0.0 999.9990
1  0  26.4 0.00290 0.00293 1.21000      0          0.0 999.9990
1  0  26.4 0.00310 0.00313 1.21000      0          0.0 999.9990
1  0  26.4 0.00330 0.00332 1.21000      2          1.7 0.7071
1  0  26.4 0.00350 0.00352 1.21000      4          3.3 0.5000
1  0  26.4 0.00370 0.00371 1.21000      2          1.7 0.7071
1  0  26.4 0.00390 0.00391 1.21000     12          9.9 0.2887
1  0  26.4 0.00410 0.00410 1.21000     10          8.3 0.3162
1  0  26.4 0.00430 0.00430 1.21000     26         21.5 0.1961
1  0  26.4 0.00450 0.00449 1.21000     64         52.9 0.1250
1  0  26.4 0.00470 0.00469 1.21000    168        138.8 0.0772
1  0  26.4 0.00490 0.00488 1.21000    450        371.9 0.0471
1  0  26.4 0.00510 0.00508 1.21000   1152        952.1 0.0295
1  0  26.4 0.00530 0.00527 1.21000   2812       2324.0 0.0189
1  0  26.4 0.00550 0.00547 1.21000   7204       5953.7 0.0118
1  0  26.4 0.00570 0.00566 1.21000  16632      13745.5 0.0078
1  0  26.4 0.00590 0.00586 1.21000  36228      29940.5 0.0053
1  0  26.4 0.00610 0.00605 1.21000  78152      64588.4 0.0036
1  0  26.4 0.00630 0.00635 0.32685  73266     224158.4 0.0037
1  0  26.4 0.00650 0.00654 0.17955  76454     425817.6 0.0036
1  0  26.4 0.00670 0.00674 0.09863  73964     749919.4 0.0037
1  0  26.4 0.00690 0.00693 0.05886  71898    1221433.6 0.0037
1  0  26.4 0.00710 0.00713 0.03900  72178    1850695.9 0.0037
1  0  26.4 0.00730 0.00732 0.02918  71390    2446858.0 0.0037
1  0  26.4 0.00750 0.00752 0.02382  71664    3008427.7 0.0037
1  0  26.4 0.00770 0.00771 0.02088  72004    3448145.9 0.0037
1  0  26.4 0.00790 0.00791 0.02088  78706    3769093.0 0.0036
1  0  26.4 0.00810 0.00811 0.01806  72178    3996265.2 0.0037
1  0  26.4 0.00830 0.00830 0.01806  74924    4148302.4 0.0037
1  0  26.4 0.00850 0.00850 0.01806  76798    4252059.8 0.0036
1  0  26.4 0.00870 0.00869 0.01806  78196    4329462.6 0.0036
1  0  26.4 0.00890 0.00889 0.01806  79190    4384497.2 0.0036
1  0  26.4 0.00910 0.00908 0.01806  79896    4423586.2 0.0035
1  0  26.4 0.00930 0.00928 0.01617  72362    4474762.5 0.0037
1  0  26.4 0.00950 0.00947 0.01617  72760    4499374.2 0.0037
1  0  26.4 0.00970 0.00967 0.01617  72956    4511494.6 0.0037
1  0  26.4 0.00990 0.00986 0.01617  73080    4519162.5 0.0037
1  0  26.4 0.01010 0.01006 0.01617  73140    4522872.9 0.0037
1  0  26.4 0.01030 0.01025 0.01617  73076    4518915.2 0.0037
1  0  26.4 0.01050 0.01055 0.01617  72768    4499868.9 0.0037
1  0  26.4 0.01070 0.01074 0.01617  72362    4474762.5 0.0037
1  0  26.4 0.01090 0.01094 0.01617  71716    4434814.7 0.0037
1  0  26.4 0.01110 0.01113 0.01617  70702    4372110.4 0.0038
1  0  26.4 0.01130 0.01133 0.01617  69314    4286278.5 0.0038
1  0  26.4 0.01150 0.01152 0.01617  67338    4164085.5 0.0039
1  0  26.4 0.01170 0.01172 0.01617  64292    3975725.2 0.0039
1  0  26.4 0.01190 0.01191 0.01617  61114    3779202.2 0.0040
1  0  26.4 0.01210 0.01211 0.01617  57654    3565240.8 0.0042
1  0  26.4 0.01230 0.01230 0.01617  54352    3361049.8 0.0043
1  0  26.4 0.01250 0.01250 0.01617  51886    3208555.9 0.0044
1  0  26.4 0.01270 0.01270 0.01617  50034    3094030.9 0.0045
1  0  26.4 0.01290 0.01289 0.01617  48902    3024029.6 0.0045
1  0  26.4 0.01310 0.01309 0.01617  48298    2986679.2 0.0046
1  0  26.4 0.01330 0.01328 0.01617  47692    2949205.0 0.0046
1  0  26.4 0.01350 0.01348 0.01617  47450    2934240.0 0.0046
1  0  26.4 0.01370 0.01367 0.01617  47308    2925459.0 0.0046
1  0  26.4 0.01390 0.01387 0.01617  47154    2915935.8 0.0046
1  0  26.4 0.01410 0.01406 0.01617  47054    2909752.0 0.0046
1  0  26.4 0.01430 0.01426 0.01617  46958    2903815.5 0.0046
1  0  26.4 0.01450 0.01445 0.01617  47014    2907278.4 0.0046
1  0  26.4 0.01470 0.01475 0.01617  46842    2896642.2 0.0046
1  0  26.4 0.01490 0.01494 0.01617  46806    2894416.0 0.0046
1  0  26.4 0.01510 0.01514 0.01617  46606    2882048.3 0.0046
1  0  26.4 0.01530 0.01533 0.01617  46734    2889963.6 0.0046
1  0  26.4 0.01550 0.01553 0.01617  46442    2871906.8 0.0046
1  0  26.4 0.01570 0.01572 0.01617  46492    2874998.7 0.0046
1  0  26.4 0.01590 0.01592 0.01617  46220    2858178.6 0.0047
1  0  26.4 0.01610 0.01611 0.01617  46118    2851871.1 0.0047
1  0  26.4 0.01630 0.01631 0.01617  45640    2822312.2 0.0047
1  0  26.4 0.01650 0.01650 0.01617  45126    2790527.2 0.0047
1  0  26.4 0.01670 0.01670 0.01617  44382    2744519.3 0.0047
1  0  26.4 0.01690 0.01689 0.01617  43528    2691709.2 0.0048
1  0  26.4 0.01710 0.01709 0.01617  42114    2604269.4 0.0049
1  0  26.4 0.01730 0.01729 0.01617  40556    2507925.0 0.0050
1  0  26.4 0.01750 0.01748 0.01617  38206    2362604.3 0.0051
1  0  26.4 0.01770 0.01768 0.01617  36286    2243874.3 0.0052
1  0  26.4 0.01790 0.01787 0.01617  33220    2054277.2 0.0055
1  0  26.4 0.01810 0.01807 0.01617  30438    1882242.3 0.0057
1  0  26.4 0.01830 0.01826 0.01617  27796    1718864.8 0.0060
1  0  26.4 0.01850 0.01846 0.01617  25410    1571318.0 0.0063
1  0  26.4 0.01870 0.01865 0.01617  23184    1433665.4 0.0066
1  0  26.4 0.01890 0.01895 0.01617  20456    1264969.7 0.0070
1  0  26.4 0.01910 0.01914 0.01617  18760    1160091.5 0.0073
1  0  26.4 0.01930 0.01934 0.01617  17786    1099860.8 0.0075
1  0  26.4 0.01950 0.01953 0.01617  16574    1024912.4 0.0078
1  0  26.4 0.01970 0.01973 0.01617  15680     969628.7 0.0080
1  0  26.4 0.01990 0.01992 0.01617  15304     946377.4 0.0081
1  0  26.4 0.02010 0.02012 0.01617  14568     900864.3 0.0083
1  0  26.4 0.02030 0.02031 0.01617  14084     870934.4 0.0084
1  0  26.4 0.02050 0.02051 0.01617  13570     839149.4 0.0086
1  0  26.4 0.02070 0.02070 0.01617  13322     823813.4 0.0087
1  0  26.4 0.02090 0.02090 0.01617  12818     792646.8 0.0088
1  0  26.4 0.02110 0.02109 0.01617  12660     782876.3 0.0089
1  0  26.4 0.02130 0.02129 0.01617  12092     747752.0 0.0091
1  0  26.4 0.02150 0.02148 0.01617  11852     732910.7 0.0092
1  0  26.4 0.02170 0.02168 0.01617  11368     702980.8 0.0094
1  0  26.4 0.02190 0.02188 0.01617  11150     689500.0 0.0095
1  0  26.4 0.02210 0.02207 0.01617  10568     653510.0 0.0097
1  0  26.4 0.02230 0.02227 0.01617  10338     639287.1 0.0098
1  0  26.4 0.02250 0.02246 0.01617   9966     616283.2 0.0100
1  0  26.4 0.02270 0.02266 0.01617   9686     598968.4 0.0102
1  0  26.4 0.02290 0.02285 0.01617   9248     571883.1 0.0104
1  0  26.4 0.02310 0.02314 0.01617   8804     544426.8 0.0107
1  0  26.4 0.02330 0.02334 0.01617   8252     510291.9 0.0110
1  0  26.4 0.02350 0.02354 0.01617   7980     493471.8 0.0112
1  0  26.4 0.02370 0.02373 0.01617   7570     468118.0 0.0115
1  0  26.4 0.02390 0.02393 0.01617   7172     443506.2 0.0118
1  0  26.4 0.02410 0.02412 0.01617   6742     416915.6 0.0122
1  0  26.4 0.02430 0.02432 0.01617   6348     392551.2 0.0126
1  0  26.4 0.02450 0.02451 0.01617   5752     355695.4 0.0132
1  0  26.4 0.02470 0.02471 0.01617   5434     336030.8 0.0136
1  0  26.4 0.02490 0.02490 0.01617   5030     311048.0 0.0141
1  0  26.4 0.02510 0.02510 0.01617   4502     278397.2 0.0149
1  0  26.4 0.02530 0.02529 0.01617   4148     256506.4 0.0155
1  0  26.4 0.02550 0.02549 0.01617   3732     230781.5 0.0164
1  0  26.4 0.02570 0.02568 0.01617   3336     206293.5 0.0173
1  0  26.4 0.02590 0.02588 0.01617   2958     182918.5 0.0184
1  0  26.4 0.02610 0.02607 0.01617   2714     167829.9 0.0192
1  0  26.4 0.02630 0.02627 0.01617   2482     153483.3 0.0201
1  0  26.4 0.02650 0.02646 0.01617   2320     143465.5 0.0208
1  0  26.4 0.02670 0.02666 0.01734   2300     132627.3 0.0209
1  0  26.4 0.02690 0.02686 0.01845   2240     121377.9 0.0211
1  0  26.4 0.02710 0.02715 0.02073   2306     111232.9 0.0208
1  0  26.4 0.02730 0.02734 0.02073   2232     107663.4 0.0212
1  0  26.4 0.02750 0.02754 0.02258   2222      98402.0 0.0212
1  0  26.4 0.02770 0.02773 0.02385   2236      93763.4 0.0211
1  0  26.4 0.02790 0.02793 0.02481   2244      90456.9 0.0211
1  0  26.4 0.02810 0.02813 0.02590   2244      86657.3 0.0211
1  0  26.4 0.02830 0.02832 0.02808   2254      80279.7 0.0211
1  0  26.4 0.02850 0.02852 0.02941   2302      78271.0 0.0208
1  0  26.4 0.02870 0.02871 0.03108   2422      77925.3 0.0203
1  0  26.4 0.02890 0.02891 0.03188   2306      72323.3 0.0208
1  0  26.5 0.02910 0.02910 0.03229   2232      69121.7 0.0212
1  0  26.5 0.02930 0.02930 0.03470   2336      67328.6 0.0207
1  0  26.5 0.02950 0.02949 0.03615   2224      61524.7 0.0212
1  0  26.5 0.02970 0.02969 0.03804   2296      60354.9 0.0209
1  0  26.5 0.02990 0.02988 0.04052   2236      55180.1 0.0211
1  0  26.5 0.03010 0.03008 0.04168   2298      55136.2 0.0209
1  0  26.5 0.03030 0.03027 0.04619   2350      50880.3 0.0206
1  0  26.5 0.03050 0.03047 0.04619   2252      48758.5 0.0211
1  0  26.5 0.03070 0.03066 0.05137   2320      45165.6 0.0208
1  0  26.5 0.03090 0.03086 0.05304   2248      42385.2 0.0211
1  0  26.5 0.03110 0.03105 0.05654   2302      40712.5 0.0208
1  0  26.5 0.03130 0.03135 0.06510   2364      36314.7 0.0206
1  0  26.5 0.03150 0.03154 0.06684   2370      35456.6 0.0205
1  0  26.5 0.03170 0.03174 0.07154   2294      32064.6 0.0209
1  0  26.5 0.03190 0.03193 0.07739   2318      29950.3 0.0208
1  0  26.5 0.03210 0.03213 0.08584   2266      26396.7 0.0210
1  0  26.5 0.03230 0.03232 0.09287   2278      24530.1 0.0210
1  0  26.5 0.03250 0.03252 0.10202   2284      22387.3 0.0209
1  0  26.5 0.03270 0.03271 0.10930   2290      20951.1 0.0209
1  0  26.5 0.03290 0.03291 0.12316   2284      18545.1 0.0209
1  0  26.5 0.03310 0.03311 0.13259   2262      17060.5 0.0210
1  0  26.5 0.03330 0.03330 0.14177   2268      15997.2 0.0210
1  0  26.5 0.03350 0.03350 0.15860   2264      14274.8 0.0210
1  0  26.5 0.03370 0.03369 0.17174   2304      13415.6 0.0208
1  0  26.5 0.03390 0.03389 0.18836   2232      11849.9 0.0212
1  0  26.5 0.03410 0.03408 0.20791   2242      10783.7 0.0211
1  0  26.5 0.03430 0.03428 0.20791   2250      10822.2 0.0211
1  0  26.5 0.03450 0.03447 0.23039   2254       9783.6 0.0211
1  0  26.5 0.03470 0.03467 0.24947   2346       9403.9 0.0206
1  0  26.5 0.03490 0.03486 0.24947   2230       8938.9 0.0212
1  0  26.5 0.03510 0.03506 0.27626   2234       8086.6 0.0212
1  0  26.5 0.03530 0.03525 0.27626   2242       8115.5 0.0211
1  0  26.5 0.03550 0.03555 0.31894   2342       7343.1 0.0207
1  0  26.5 0.03570 0.03574 0.33085   2256       6818.8 0.0211
1  0  26.5 0.03590 0.03594 0.34874   2320       6652.4 0.0208
1  0  26.5 0.03610 0.03613 0.36940   2322       6285.9 0.0208
1  0  26.5 0.03630 0.03633 0.38141   2266       5941.1 0.0210
1  0  26.5 0.03650 0.03652 0.38841   2222       5720.8 0.0212
1  0  26.5 0.03670 0.03672 0.42264   2268       5366.2 0.0210
1  0  26.5 0.03690 0.03691 0.45493   2296       5046.9 0.0209
1  0  26.5 0.03710 0.03711 0.46831   2298       4907.0 0.0209
1  0  26.5 0.03730 0.03730 0.49432   2258       4567.9 0.0210
1  0  26.5 0.03750 0.03750 0.50617   2236       4417.5 0.0211
1  0  26.5 0.03770 0.03770 0.55349   2282       4122.9 0.0209
1  0  26.5 0.03790 0.03789 0.58662   2236       3811.7 0.0211
1  0  26.5 0.03810 0.03809 0.59792   2252       3766.4 0.0211
1  0  26.5 0.03830 0.03828 0.66297   2296       3463.2 0.0209
1  0  26.5 0.03850 0.03848 0.71476   2316       3240.2 0.0208
1  0  26.5 0.03870 0.03867 0.75773   2298       3032.7 0.0209
1  0  26.5 0.03890 0.03887 0.78892   2300       2915.4 0.0209
1  0  26.5 0.03910 0.03906 0.84849   2268       2673.0 0.0210
1  0  26.5 0.03930 0.03926 0.90191   2304       2554.6 0.0208
1  0  26.5 0.03950 0.03945 0.96163   2310       2402.2 0.0208
1  0  26.5 0.03970 0.03975 1.04333   2276       2181.5 0.0210
1  0  26.5 0.03990 0.03994 1.15655   2268       1961.0 0.0210
1  1  26.5 0.00010 0.00010 1.21000      0          0.0 999.9990
1  1  26.5 0.00030 0.00029 1.21000      0          0.0 999.9990
1  1  26.5 0.00050 0.00049 1.21000      0          0.0 999.9990
1  1  26.5 0.00070 0.00068 1.21000      0          0.0 999.9990
1  1  26.5 0.00090 0.00088 1.21000      0          0.0 999.9990
1  1  26.5 0.00110 0.00107 1.21000      0          0.0 999.9990
1  1  26.5 0.00130 0.00127 1.21000      0          0.0 999.9990
1  1  26.5 0.00150 0.00146 1.21000      0          0.0 999.9990
1  1  26.5 0.00170 0.00166 1.21000      0          0.0 999.9990
1  1  26.5 0.00190 0.00186 1.21000      0          0.0 999.9990
1  1  26.5 0.00210 0.00215 1.21000      0          0.0 999.9990
1  1  26.5 0.00230 0.00234 1.21000      0          0.0 999.9990
1  1  26.5 0.00250 0.00254 1.21000      0          0.0 999.9990
1  1  26.5 0.00270 0.00273 1.21000      0          0.0 999.9990
1  1  26.5 0.00290 0.00293 1.21000      0          0.0 999.9990
1  1  26.5 0.00310 0.00313 1.21000      2          1.7 0.7071
1  1  26.5 0.00330 0.00332 1.21000      0          0.0 999.9990
1  1  26.5 0.00350 0.00352 1.21000      2          1.7 0.7071
1  1  26.5 0.00370 0.00371 1.21000      6          5.0 0.4082
1  1  26.5 0.00390 0.00391 1.21000      6          5.0 0.4082
1  1  26.5 0.00410 0.00410 1.21000     20         16.5 0.2236
1  1  26.5 0.00430 0.00430 1.21000     32         26.4 0.1768
1  1  26.5 0.00450 0.00449 1.21000     68         56.2 0.1213
1  1  26.5 0.00470 0.00469 1.21000    160        132.2 0.0791
1  1  26.5 0.00490 0.00488 1.21000    450        371.9 0.0471
1  1  26.5 0.00510 0.00508 1.21000   1026        847.9 0.0312
1  1  26.5 0.00530 0.00527 1.21000   2634       2176.9 0.0195
1  1  26.5 0.00550 0.00547 1.21000   6624       5474.4 0.0123
1  1  26.5 0.00570 0.00566 1.21000  15956      13186.8 0.0079
1  1  26.5 0.00590 0.00586 1.21000  34932      28869.4 0.0054
1  1  26.5 0.00610 0.00605 1.21000  76416      63153.7 0.0036
1  1  26.5 0.00630 0.00635 0.36513  79656     218159.8 0.0035
1  1  26.5 0.00650 0.00654 0.16991  71246     419327.7 0.0037
1  1  26.5 0.00670 0.00674 0.09775  71000     726368.0 0.0038
1  1  26.5 0.00690 0.00693 0.05927  71808    1211493.5 0.0037
1  1  26.5 0.00710 0.00713 0.03931  71690    1823493.2 0.0037
1  1  26.5 0.00730 0.00732 0.02939  71690    2439226.1 0.0037
1  1  26.5 0.00750 0.00752 0.02407  72154    2997298.8 0.0037
1  1  26.5 0.00770 0.00771 0.02094  72182    3447648.1 0.0037
1  1  26.5 0.00790 0.00791 0.02094  78876    3767375.5 0.0036
1  1  26.5 0.00810 0.00811 0.01797  72100    4011277.7 0.0037
1  1  26.5 0.00830 0.00830 0.01797  74730    4157597.5 0.0037
1  1  26.5 0.00850 0.00850 0.01797  76730    4268867.3 0.0036
1  1  26.5 0.00870 0.00869 0.01797  78178    4349426.7 0.0036
1  1  26.5 0.00890 0.00889 0.01797  79212    4406953.2 0.0036
1  1  26.5 0.00910 0.00908 0.01797  79876    4443894.8 0.0035
1  1  26.5 0.00930 0.00928 0.01610  71640    4449796.5 0.0037
1  1  26.5 0.00950 0.00947 0.01610  71980    4470915.1 0.0037
1  1  26.5 0.00970 0.00967 0.01610  72220    4485822.2 0.0037
1  1  26.5 0.00990 0.00986 0.01610  72352    4494021.2 0.0037
1  1  26.5 0.01010 0.01006 0.01610  72370    4495139.2 0.0037
1  1  26.5 0.01030 0.01025 0.01610  72340    4493275.8 0.0037
1  1  26.5 0.01050 0.01055 0.01610  72048    4475138.8 0.0037
1  1  26.5 0.01070 0.01074 0.01610  71656    4450790.3 0.0037
1  1  26.5 0.01090 0.01094 0.01610  71004    4410292.5 0.0038
1  1  26.5 0.01110 0.01113 0.01610  70028    4349669.9 0.0038
1  1  26.5 0.01130 0.01133 0.01610  68662    4264823.1 0.0038
1  1  26.5 0.01150 0.01152 0.01610  66660    4140472.3 0.0039
1  1  26.5 0.01170 0.01172 0.01610  63770    3960964.9 0.0040
1  1  26.5 0.01190 0.01191 0.01610  60352    3748661.6 0.0041
1  1  26.5 0.01210 0.01211 0.01610  57156    3550147.6 0.0042
1  1  26.5 0.01230 0.01230 0.01610  54232    3368528.3 0.0043
1  1  26.5 0.01250 0.01250 0.01610  51402    3192747.6 0.0044
1  1  26.5 0.01270 0.01270 0.01610  49722    3088397.3 0.0045
1  1  26.5 0.01290 0.01289 0.01610  48346    3002929.4 0.0045
1  1  26.5 0.01310 0.01309 0.01610  47794    2968642.9 0.0046
1  1  26.5 0.01330 0.01328 0.01610  47346    2940816.1 0.0046
1  1  26.5 0.01350 0.01348 0.01610  46848    2909883.7 0.0046
1  1  26.5 0.01370 0.01367 0.01610  46734    2902802.8 0.0046
1  1  26.5 0.01390 0.01387 0.01610  46572    2892740.4 0.0046
1  1  26.5 0.01410 0.01406 0.01610  46546    2891125.5 0.0046
1  1  26.5 0.01430 0.01426 0.01610  46486    2887398.7 0.0046
1  1  26.5 0.01450 0.01445 0.01610  46346    2878702.8 0.0046
1  1  26.5 0.01470 0.01475 0.01610  46150    2866528.6 0.0047
1  1  26.5 0.01490 0.01494 0.01610  46284    2874851.8 0.0046
1  1  26.5 0.01510 0.01514 0.01610  46274    2874230.7 0.0046
1  1  26.5 0.01530 0.01533 0.01610  46112    2864168.3 0.0047
1  1  26.5 0.01550 0.01553 0.01610  46140    2865907.5 0.0047
1  1  26.5 0.01570 0.01572 0.01610  45908    2851497.2 0.0047
1  1  26.5 0.01590 0.01592 0.01610  45884    2850006.5 0.0047
1  1  26.5 0.01610 0.01611 0.01610  45694    2838205.0 0.0047
1  1  26.5 0.01630 0.01631 0.01610  45392    2819446.7 0.0047
1  1  26.5 0.01650 0.01650 0.01610  44710    2777085.5 0.0047
1  1  26.5 0.01670 0.01670 0.01610  44220    2746650.0 0.0048
1  1  26.5 0.01690 0.01689 0.01610  43048    2673853.2 0.0048
1  1  26.5 0.01710 0.01709 0.01610  41828    2598075.0 0.0049
1  1  26.5 0.01730 0.01729 0.01610  40048    2487513.3 0.0050
1  1  26.5 0.01750 0.01748 0.01610  38032    2362292.9 0.0051
1  1  26.5 0.01770 0.01768 0.01610  35706    2217817.4 0.0053
1  1  26.5 0.01790 0.01787 0.01610  32994    2049366.1 0.0055
1  1  26.5 0.01810 0.01807 0.01610  30328    1883772.0 0.0057
1  1  26.5 0.01830 0.01826 0.01610  27552    1711345.5 0.0060
1  1  26.5 0.01850 0.01846 0.01610  25296    1571217.9 0.0063
1  1  26.5 0.01870 0.01865 0.01610  23120    1436059.4 0.0066
1  1  26.5 0.01890 0.01895 0.01610  20250    1257794.2 0.0070
1  1  26.5 0.01910 0.01914 0.01610  18962    1177792.3 0.0073
1  1  26.5 0.01930 0.01934 0.01610  17348    1077541.5 0.0076
1  1  26.5 0.01950 0.01953 0.01610  16694    1036919.4 0.0077
1  1  26.5 0.01970 0.01973 0.01610  15780     980147.8 0.0080
1  1  26.5 0.01990 0.01992 0.01610  14860     923003.6 0.0082
1  1  26.5 0.02010 0.02012 0.01610  14530     902506.2 0.0083
1  1  26.5 0.02030 0.02031 0.01610  13936     865610.9 0.0085
1  1  26.5 0.02050 0.02051 0.01610  13474     836914.6 0.0086
1  1  26.5 0.02070 0.02070 0.01610  13252     823125.4 0.0087
1  1  26.5 0.02090 0.02090 0.01610  12952     804491.4 0.0088
1  1  26.5 0.02110 0.02109 0.01610  12414     771074.5 0.0090
1  1  26.5 0.02130 0.02129 0.01610  12030     747223.0 0.0091
1  1  26.5 0.02150 0.02148 0.01610  11730     728589.0 0.0092
1  1  26.5 0.02170 0.02168 0.01610  11514     715172.5 0.0093
1  1  26.5 0.02190 0.02188 0.01610  10790     670202.5 0.0096
1  1  26.5 0.02210 0.02207 0.01610  10512     652935.0 0.0098
1  1  26.5 0.02230 0.02227 0.01610  10270     637903.6 0.0099
1  1  26.5 0.02250 0.02246 0.01610   9978     619766.5 0.0100
1  1  26.5 0.02270 0.02266 0.01610   9646     599144.9 0.0102
1  1  26.5 0.02290 0.02285 0.01610   9208     571939.2 0.0104
1  1  26.5 0.02310 0.02314 0.01610   8734     542497.5 0.0107
1  1  26.5 0.02330 0.02334 0.01610   8438     524112.0 0.0109
1  1  26.5 0.02350 0.02354 0.01610   7918     491813.1 0.0112
1  1  26.5 0.02370 0.02373 0.01610   7562     469700.7 0.0115
1  1  26.5 0.02390 0.02393 0.01610   7124     442495.1 0.0118
1  1  26.5 0.02410 0.02412 0.01610   6638     412308.1 0.0123
1  1  26.5 0.02430 0.02432 0.01610   6298     391189.5 0.0126
1  1  26.5 0.02450 0.02451 0.01610   5854     363611.2 0.0131
1  1  26.5 0.02470 0.02471 0.01610   5422     336778.3 0.0136
1  1  26.5 0.02490 0.02490 0.01610   4922     305721.6 0.0143
1  1  26.5 0.02510 0.02510 0.01610   4530     281373.2 0.0149
1  1  26.5 0.02530 0.02529 0.01610   3996     248204.7 0.0158
1  1  26.5 0.02550 0.02549 0.01610   3688     229073.8 0.0165
1  1  26.5 0.02570 0.02568 0.01610   3338     207334.2 0.0173
1  1  26.5 0.02590 0.02588 0.01610   2928     181867.7 0.0185
1  1  26.5 0.02610 0.02607 0.01610   2676     166215.2 0.0193
1  1  26.5 0.02630 0.02627 0.01610   2500     155283.2 0.0200
1  1  26.5 0.02650 0.02646 0.01626   2336     143660.1 0.0207
1  1  26.5 0.02670 0.02666 0.01721   2294     133331.2 0.0209
1  1  26.5 0.02690 0.02686 0.01879   2234     118915.4 0.0212
1  1  26.5 0.02710 0.02715 0.01978   2224     112416.0 0.0212
1  1  26.5 0.02730 0.02734 0.02120   2236     105494.5 0.0211
1  1  26.5 0.02750 0.02754 0.02203   2264     102784.4 0.0210
1  1  26.5 0.02770 0.02773 0.02423   2358      97320.0 0.0206
1  1  26.5 0.02790 0.02793 0.02423   2254      93027.6 0.0211
1  1  26.5 0.02810 0.02813 0.02588   2238      86477.1 0.0211
1  1  26.5 0.02830 0.02832 0.02770   2302      83107.8 0.0208
1  1  26.5 0.02850 0.02852 0.02928   2412      82376.4 0.0204
1  1  26.5 0.02870 0.02871 0.03012   2320      77023.4 0.0208
1  1  26.5 0.02890 0.02891 0.03012   2246      74566.7 0.0211
1  1  26.5 0.02910 0.02910 0.03209   2230      69488.3 0.0212
1  1  26.5 0.02930 0.02930 0.03532   2416      68399.6 0.0203
1  1  26.5 0.02950 0.02949 0.03548   2278      64202.4 0.0210
1  1  26.5 0.02970 0.02969 0.03779   2262      59849.5 0.0210
1  1  26.5 0.02990 0.02988 0.04089   2312      56547.3 0.0208
1  1  26.5 0.03010 0.03008 0.04244   2304      54289.9 0.0208
1  1  26.5 0.03030 0.03027 0.04440   2284      51445.0 0.0209
1  1  26.5 0.03050 0.03047 0.04793   2306      48106.9 0.0208
1  1  26.5 0.03070 0.03066 0.05027   2312      45991.0 0.0208
1  1  26.5 0.03090 0.03086 0.05309   2270      42757.5 0.0210
1  1  26.5 0.03110 0.03105 0.05492   2256      41078.6 0.0211
1  1  26.5 0.03130 0.03135 0.06163   2294      37221.3 0.0209
1  1  26.5 0.03150 0.03154 0.06696   2298      34316.6 0.0209
1  1  26.5 0.03170 0.03174 0.07085   2288      32291.3 0.0209
1  1  26.5 0.03190 0.03193 0.07700   2350      30520.9 0.0206
1  1  26.5 0.03210 0.03213 0.08648   2292      26504.1 0.0209
1  1  26.5 0.03230 0.03232 0.09263   2270      24507.3 0.0210
1  1  26.5 0.03250 0.03252 0.09981   2316      23203.4 0.0208
1  1  26.5 0.03270 0.03271 0.10969   2226      20294.4 0.0212
1  1  26.5 0.03290 0.03291 0.11711   2242      19144.9 0.0211
1  1  26.5 0.03310 0.03311 0.13293   2328      17513.2 0.0207
1  1  26.5 0.03330 0.03330 0.14408   2282      15838.3 0.0209
1  1  26.5 0.03350 0.03350 0.15602   2330      14934.2 0.0207
1  1  26.5 0.03370 0.03369 0.17189   2284      13287.2 0.0209
1  1  26.5 0.03390 0.03389 0.18416   2224      12076.4 0.0212
1  1  26.5 0.03410 0.03408 0.19979   2316      11592.1 0.0208
1  1  26.5 0.03430 0.03428 0.19979   2242      11221.7 0.0211
1  1  26.5 0.03450 0.03447 0.22766   2288      10050.1 0.0209
1  1  26.5 0.03470 0.03467 0.24270   2274       9369.4 0.0210
1  1  26.5 0.03490 0.03486 0.26028   2262       8690.8 0.0210
1  1  26.5 0.03510 0.03506 0.27734   2348       8466.3 0.0206
1  1  26.5 0.03530 0.03525 0.29137   2326       7983.1 0.0207
1  1  26.5 0.03550 0.03555 0.31250   2344       7500.9 0.0207
1  1  26.5 0.03570 0.03574 0.31250   2226       7123.3 0.0212
1  1  26.5 0.03590 0.03594 0.34375   2290       6661.9 0.0209
1  1  26.5 0.03610 0.03613 0.36165   2252       6227.0 0.0211
1  1  26.5 0.03630 0.03633 0.36660   2292       6252.1 0.0209
1  1  26.5 0.03650 0.03652 0.39543   2240       5664.8 0.0211
1  1  26.6 0.03670 0.03672 0.41807   2372       5673.7 0.0205
1  1  26.6 0.03690 0.03691 0.43368   2230       5142.0 0.0212
1  1  26.6 0.03710 0.03711 0.48532   2388       4920.5 0.0205
1  1  26.6 0.03730 0.03730 0.48532   2252       4640.3 0.0211
1  1  26.6 0.03750 0.03750 0.50915   2244       4407.4 0.0211
1  1  26.6 0.03770 0.03770 0.54443   2240       4114.4 0.0211
1  1  26.6 0.03790 0.03789 0.57554   2236       3885.1 0.0211
1  1  26.6 0.03810 0.03809 0.60512   2296       3794.3 0.0209
1  1  26.6 0.03830 0.03828 0.65001   2308       3550.7 0.0208
1  1  26.6 0.03850 0.03848 0.65001   2250       3461.5 0.0211
1  1  26.6 0.03870 0.03867 0.71391   2258       3162.9 0.0210
1  1  26.6 0.03890 0.03887 0.78724   2298       2919.0 0.0209
1  1  26.6 0.03910 0.03906 0.81863   2320       2834.0 0.0208
1  1  26.6 0.03930 0.03926 0.85640   2232       2606.3 0.0212
1  1  26.6 0.03950 0.03945 0.92362   2226       2410.1 0.0212
1  1  26.6 0.03970 0.03975 1.01839   2270       2229.0 0.0210
1  1  26.6 0.03990 0.03994 1.10061   2322       2109.7 0.0208
1  2  26.6 0.00010 0.00010 1.21000      0          0.0 999.9990
1  2  26.6 0.00030 0.00029 1.21000      0          0.0 999.9990
1  2  26.6 0.00050 0.00049 1.21000      0          0.0 999.9990
1  2  26.6 0.00070 0.00068 1.21000      0          0.0 999.9990
1  2  26.6 0.00090 0.00088 1.21000      0          0.0 999.9990
1  2  26.6 0.00110 0.00107 1.21000      0          0.0 999.9990
1  2  26.6 0.00130 0.00127 1.21000      0          0.0 999.9990
1  2  26.6 0.00150 0.00146 1.21000      0          0.0 999.9990
1  2  26.6 0.00170 0.00166 1.21000      0          0.0 999.9990
1  2  26.6 0.00190 0.00186 1.21000      0          0.0 999.9990
1  2  26.6 0.00210 0.00215 1.21000      2          1.7 0.7071
1  2  26.6 0.00230 0.00234 1.21000      0          0.0 999.9990
1  2  26.6 0.00250 0.00254 1.21000      0          0.0 999.9990
1  2  26.6 0.00270 0.00273 1.21000      0          0.0 999.9990
1  2  26.6 0.00290 0.00293 1.21000      2          1.7 0.7071
1  2  26.6 0.00310 0.00313 1.21000      0          0.0 999.9990
1  2  26.6 0.00330 0.00332 1.21000      0          0.0 999.9990
1  2  26.6 0.00350 0.00352 1.21000      0          0.0 999.9990
1  2  26.6 0.00370 0.00371 1.21000      6          5.0 0.4082
1  2  26.6 0.00390 0.00391 1.21000      6          5.0 0.4082
1  2  26.6 0.00410 0.00410 1.21000     20         16.5 0.2236
1  2  26.6 0.00430 0.00430 1.21000     26         21.5 0.1961
1  2  26.6 0.00450 0.00449 1.21000     60         49.6 0.1291
1  2  26.6 0.00470 0.00469 1.21000    166        137.2 0.0776
1  2  26.6 0.00490 0.00488 1.21000    434        358.7 0.0480
1  2  26.6 0.00510 0.00508 1.21000   1046        864.5 0.0309
1  2  26.6 0.00530 0.00527 1.21000   2658       2196.7 0.0194
1  2  26.6 0.00550 0.00547 1.21000   6498       5370.2 0.0124
1  2  26.6 0.00570 0.00566 1.21000  15478      12791.7 0.0080
1  2  26.6 0.00590 0.00586 1.21000  34046      28137.2 0.0054
1  2  26.6 0.00610 0.00605 1.21000  71886      59409.9 0.0037
1  2  26.6 0.00630 0.00635 0.36513  76420     209297.1 0.0036
1  2  26.6 0.00650 0.00654 0.17937  72512     404264.0 0.0037
1  2  26.6 0.00670 0.00674 0.10099  71098     704005.2 0.0038
1  2  26.6 0.00690 0.00693 0.06139  72618    1182827.3 0.0037
1  2  26.6 0.00710 0.00713 0.04019  71760    1785713.5 0.0037
1  2  26.6 0.00730 0.00732 0.02978  72102    2421255.5 0.0037
1  2  26.6 0.00750 0.00752 0.02422  71700    2960871.0 0.0037
1  2  26.6 0.00770 0.00771 0.02102  71694    3410309.0 0.0037
1  2  26.6 0.00790 0.00791 0.02102  78808    3748704.6 0.0036
1  2  26.6 0.00810 0.00811 0.01813  72384    3993266.4 0.0037
1  2  26.6 0.00830 0.00830 0.01813  75236    4150604.9 0.0036
1  2  26.6 0.00850 0.00850 0.01813  77274    4263036.9 0.0036
1  2  26.6 0.00870 0.00869 0.01813  78810    4347774.7 0.0036
1  2  26.6 0.00890 0.00889 0.01813  79790    4401839.1 0.0035
1  2  26.6 0.00910 0.00908 0.01621  71822    4430469.3 0.0037
1  2  26.6 0.00930 0.00928 0.01621  72300    4459955.6 0.0037
1  2  26.6 0.00950 0.00947 0.01621  72684    4483643.4 0.0037
1  2  26.6 0.00970 0.00967 0.01621  72894    4496597.6 0.0037
1  2  26.6 0.00990 0.00986 0.01621  73054    4506467.5 0.0037
1  2  26.6 0.01010 0.01006 0.01621  73118    4510415.4 0.0037
1  2  26.6 0.01030 0.01025 0.01621  73070    4507454.5 0.0037
1  2  26.6 0.01050 0.01055 0.01621  72792    4490305.5 0.0037
1  2  26.6 0.01070 0.01074 0.01621  72408    4466617.8 0.0037
1  2  26.6 0.01090 0.01094 0.01621  71772    4427385.0 0.0037
1  2  26.6 0.01110 0.01113 0.01621  70842    4370016.3 0.0038
1  2  26.6 0.01130 0.01133 0.01621  69496    4286985.9 0.0038
1  2  26.6 0.01150 0.01152 0.01621  67554    4167190.1 0.0038
1  2  26.6 0.01170 0.01172 0.01621  64688    3990395.7 0.0039
1  2  26.6 0.01190 0.01191 0.01621  61500    3793738.2 0.0040
1  2  26.6 0.01210 0.01211 0.01621  58056    3581288.9 0.0042
1  2  26.6 0.01230 0.01230 0.01621  54950    3389689.7 0.0043
1  2  26.6 0.01250 0.01250 0.01621  52384    3231401.3 0.0044
1  2  26.6 0.01270 0.01270 0.01621  50466    3113086.0 0.0045
1  2  26.6 0.01290 0.01289 0.01621  49304    3041406.0 0.0045
1  2  26.6 0.01310 0.01309 0.01621  48568    2996004.5 0.0045
1  2  26.6 0.01330 0.01328 0.01621  47976    2959485.9 0.0046
1  2  26.6 0.01350 0.01348 0.01621  47638    2938635.8 0.0046
1  2  26.6 0.01370 0.01367 0.01621  47562    2933947.6 0.0046
1  2  26.6 0.01390 0.01387 0.01621  47502    2930246.4 0.0046
1  2  26.6 0.01410 0.01406 0.01621  47382    2922844.0 0.0046
1  2  26.6 0.01430 0.01426 0.01621  47174    2910013.1 0.0046
1  2  26.6 0.01450 0.01445 0.01621  47148    2908409.2 0.0046
1  2  26.6 0.01470 0.01475 0.01621  46982    2898169.2 0.0046
1  2  26.6 0.01490 0.01494 0.01621  47078    2904091.2 0.0046
1  2  26.6 0.01510 0.01514 0.01621  47174    2910013.1 0.0046
1  2  26.6 0.01530 0.01533 0.01621  46718    2881883.9 0.0046
1  2  26.6 0.01550 0.01553 0.01621  46750    2883857.9 0.0046
1  2  26.6 0.01570 0.01572 0.01621  46818    2888052.6 0.0046
1  2  26.6 0.01590 0.01592 0.01621  46440    2864735.0 0.0046
1  2  26.6 0.01610 0.01611 0.01621  46446    2865105.1 0.0046
1  2  26.6 0.01630 0.01631 0.01621  46106    2844131.6 0.0047
1  2  26.6 0.01650 0.01650 0.01621  45812    2825995.7 0.0047
1  2  26.6 0.01670 0.01670 0.01621  44878    2768380.2 0.0047
1  2  26.6 0.01690 0.01689 0.01621  43874    2706446.7 0.0048
1  2  26.6 0.01710 0.01709 0.01621  42514    2622552.6 0.0048
1  2  26.6 0.01730 0.01729 0.01621  40836    2519042.2 0.0049
1  2  26.6 0.01750 0.01748 0.01621  38928    2401343.7 0.0051
1  2  26.6 0.01770 0.01768 0.01621  36418    2246509.9 0.0052
1  2  26.6 0.01790 0.01787 0.01621  33978    2095994.1 0.0054
1  2  26.6 0.01810 0.01807 0.01621  30904    1906368.9 0.0057
1  2  26.6 0.01830 0.01826 0.01621  28648    1767203.4 0.0059
1  2  26.6 0.01850 0.01846 0.01621  26200    1616194.2 0.0062
1  2  26.6 0.01870 0.01865 0.01621  23532    1451613.8 0.0065
1  2  26.6 0.01890 0.01895 0.01621  20754    1280247.8 0.0069
1  2  26.6 0.01910 0.01914 0.01621  19260    1188087.8 0.0072
1  2  26.6 0.01930 0.01934 0.01621  18102    1116654.5 0.0074
1  2  26.6 0.01950 0.01953 0.01621  17176    1059532.5 0.0076
1  2  26.6 0.01970 0.01973 0.01621  16194     998956.0 0.0079
1  2  26.6 0.01990 0.01992 0.01621  15606     962684.2 0.0080
1  2  26.6 0.02010 0.02012 0.01621  14976     923821.5 0.0082
1  2  26.6 0.02030 0.02031 0.01621  14496     894211.9 0.0083
1  2  26.6 0.02050 0.02051 0.01621  13950     860530.9 0.0085
1  2  26.6 0.02070 0.02070 0.01621  13564     836719.8 0.0086
1  2  26.6 0.02090 0.02090 0.01621  13080     806863.3 0.0087
1  2  26.6 0.02110 0.02109 0.01621  12918     796870.1 0.0088
1  2  26.6 0.02130 0.02129 0.01621  12418     766026.7 0.0090
1  2  26.6 0.02150 0.02148 0.01621  12056     743696.1 0.0091
1  2  26.6 0.02170 0.02168 0.01621  11704     721982.3 0.0092
1  2  26.6 0.02190 0.02188 0.01621  11354     700391.9 0.0094
1  2  26.6 0.02210 0.02207 0.01621  10960     676087.3 0.0096
1  2  26.6 0.02230 0.02227 0.01621  10700     660048.8 0.0097
1  2  26.6 0.02250 0.02246 0.01621  10400     641542.7 0.0098
1  2  26.6 0.02270 0.02266 0.01621  10092     622543.2 0.0100
1  2  26.6 0.02290 0.02285 0.01621   9566     590095.9 0.0102
1  2  26.6 0.02310 0.02314 0.01621   9032     557155.2 0.0105
1  2  26.6 0.02330 0.02334 0.01621   8706     537045.3 0.0107
1  2  26.6 0.02350 0.02354 0.01621   8288     511260.2 0.0110
1  2  26.6 0.02370 0.02373 0.01621   7930     489176.3 0.0112
1  2  26.6 0.02390 0.02393 0.01621   7494     462280.9 0.0116
1  2  26.6 0.02410 0.02412 0.01621   6988     431067.4 0.0120
1  2  26.6 0.02430 0.02432 0.01621   6614     407996.5 0.0123
1  2  26.6 0.02450 0.02451 0.01621   6080     375055.7 0.0128
1  2  26.6 0.02470 0.02471 0.01621   5584     344459.1 0.0134
1  2  26.6 0.02490 0.02490 0.01621   5098     314479.3 0.0140
1  2  26.6 0.02510 0.02510 0.01621   4610     284376.1 0.0147
1  2  26.6 0.02530 0.02529 0.01621   4246     261922.2 0.0153
1  2  26.6 0.02550 0.02549 0.01621   3870     238727.9 0.0161
1  2  26.6 0.02570 0.02568 0.01621   3528     217631.0 0.0168
1  2  26.6 0.02590 0.02588 0.01621   3024     186540.9 0.0182
1  2  26.6 0.02610 0.02607 0.01621   2810     173339.9 0.0189
1  2  26.6 0.02630 0.02627 0.01621   2736     168775.1 0.0191
1  2  26.6 0.02650 0.02646 0.01621   2432     150022.3 0.0203
1  2  26.6 0.02670 0.02666 0.01710   2336     136577.6 0.0207
1  2  26.6 0.02690 0.02686 0.01769   2250     127190.8 0.0211
1  2  26.6 0.02710 0.02715 0.01964   2292     116726.4 0.0209
1  2  26.6 0.02730 0.02734 0.02052   2306     112365.5 0.0208
1  2  26.6 0.02750 0.02754 0.02176   2238     102868.2 0.0211
1  2  26.6 0.02770 0.02773 0.02289   2238      97775.7 0.0211
1  2  26.6 0.02790 0.02793 0.02456   2270      92438.0 0.0210
1  2  26.6 0.02810 0.02813 0.02456   2228      90727.7 0.0212
1  2  26.6 0.02830 0.02832 0.02609   2242      85948.7 0.0211
1  2  26.6 0.02850 0.02852 0.02781   2288      82264.7 0.0209
1  2  26.6 0.02870 0.02871 0.02861   2324      81241.0 0.0207
1  2  26.6 0.02890 0.02891 0.03089   2358      76345.7 0.0206
1  2  26.6 0.02910 0.02910 0.03108   2232      71810.8 0.0212
1  2  26.6 0.02930 0.02930 0.03343   2248      67247.8 0.0211
1  2  26.6 0.02950 0.02949 0.03564   2334      65484.2 0.0207
1  2  26.6 0.02970 0.02969 0.03564   2250      63127.4 0.0211
1  2  26.6 0.02990 0.02988 0.04127   2444      59222.1 0.0202
1  2  26.6 0.03010 0.03008 0.04210   2352      55864.2 0.0206
1  2  26.6 0.03030 0.03027 0.04358   2270      52086.5 0.0210
1  2  26.6 0.03050 0.03047 0.04564   2254      49391.8 0.0211
1  2  26.6 0.03070 0.03066 0.04942   2284      46220.1 0.0209
1  2  26.6 0.03090 0.03086 0.05098   2248      44099.4 0.0211
1  2  26.6 0.03110 0.03105 0.05544   2268      40905.8 0.0210
1  2  26.6 0.03130 0.03135 0.06004   2244      37376.4 0.0211
1  2  26.6 0.03150 0.03154 0.06365   2240      35194.1 0.0211
1  2  26.6 0.03170 0.03174 0.06879   2298      33408.0 0.0209
1  2  26.6 0.03190 0.03193 0.07456   2228      29883.1 0.0212
1  2  26.6 0.03210 0.03213 0.08090   2252      27836.6 0.0211
1  2  26.6 0.03230 0.03232 0.08519   2230      26175.3 0.0212
1  2  26.6 0.03250 0.03252 0.09639   2266      23509.5 0.0210
1  2  26.6 0.03270 0.03271 0.10687   2342      21914.2 0.0207
1  2  26.7 0.03290 0.03291 0.12091   2418      19998.2 0.0203
1  2  26.7 0.03310 0.03311 0.12620   2242      17765.1 0.0211
1  2  26.7 0.03330 0.03330 0.13353   2238      16759.8 0.0211
1  2  26.7 0.03350 0.03350 0.15530   2380      15324.8 0.0205
1  2  26.7 0.03370 0.03369 0.16329   2246      13754.9 0.0211
1  2  26.7 0.03390 0.03389 0.17856   2258      12645.9 0.0210
1  2  26.7 0.03410 0.03408 0.19422   2232      11492.3 0.0212
1  2  26.7 0.03430 0.03428 0.21449   2402      11198.7 0.0204
1  2  26.7 0.03450 0.03447 0.22354   2342      10476.7 0.0207
1  2  26.7 0.03470 0.03467 0.23996   2308       9618.4 0.0208
1  2  26.7 0.03490 0.03486 0.24681   2286       9262.0 0.0209
1  2  26.7 0.03510 0.03506 0.25992   2256       8679.7 0.0211
1  2  26.7 0.03530 0.03525 0.27280   2292       8401.8 0.0209
1  2  26.7 0.03550 0.03555 0.30203   2244       7429.7 0.0211
1  2  26.7 0.03570 0.03574 0.31867   2368       7431.0 0.0205
1  2  26.7 0.03590 0.03594 0.33711   2302       6828.6 0.0208
1  2  26.7 0.03610 0.03613 0.36198   2236       6177.1 0.0211
1  2  26.7 0.03630 0.03633 0.36198   2274       6282.0 0.0210
1  2  26.7 0.03650 0.03652 0.38856   2278       5862.6 0.0210
1  2  26.7 0.03670 0.03672 0.42448   2328       5484.4 0.0207
1  2  26.7 0.03690 0.03691 0.42448   2236       5267.6 0.0211
1  2  26.7 0.03710 0.03711 0.46417   2252       4851.7 0.0211
1  2  26.7 0.03730 0.03730 0.46417   2230       4804.3 0.0212
1  2  26.7 0.03750 0.03750 0.51008   2260       4430.7 0.0210
1  2  26.7 0.03770 0.03770 0.55198   2360       4275.5 0.0206
1  2  26.7 0.03790 0.03789 0.55198   2238       4054.5 0.0211
1  2  26.7 0.03810 0.03809 0.58633   2222       3789.7 0.0212
1  2  26.7 0.03830 0.03828 0.65442   2320       3545.1 0.0208
1  2  26.7 0.03850 0.03848 0.66277   2310       3485.3 0.0208
1  2  26.7 0.03870 0.03867 0.70268   2236       3182.1 0.0211
1  2  26.7 0.03890 0.03887 0.76463   2438       3188.5 0.0203
1  2  26.7 0.03910 0.03906 0.80410   2238       2783.2 0.0211
1  2  26.7 0.03930 0.03926 0.87498   2262       2585.2 0.0210
1  2  26.7 0.03950 0.03945 0.94023   2280       2424.9 0.0209
1  2  26.7 0.03970 0.03975 1.02916   2236       2172.6 0.0211
1  2  26.7 0.03990 0.03994 1.09544   2244       2048.5 0.0211
1  3  26.7 0.00010 0.00010 1.21000      0          0.0 999.9990
1  3  26.7 0.00030 0.00029 1.21000      0          0.0 999.9990
1  3  26.7 0.00050 0.00049 1.21000      0          0.0 999.9990
1  3  26.7 0.00070 0.00068 1.21000      0          0.0 999.9990
1  3  26.7 0.00090 0.00088 1.21000      0          0.0 999.9990
1  3  26.7 0.00110 0.00107 1.21000      0          0.0 999.9990
1  3  26.7 0.00130 0.00127 1.21000      0          0.0 999.9990
1  3  26.7 0.00150 0.00146 1.21000      0          0.0 999.9990
1  3  26.7 0.00170 0.00166 1.21000      0          0.0 999.9990
1  3  26.7 0.00190 0.00186 1.21000      0          0.0 999.9990
1  3  26.7 0.00210 0.00215 1.21000      0          0.0 999.9990
1  3  26.7 0.00230 0.00234 1.21000      0          0.0 999.9990
1  3  26.7 0.00250 0.00254 1.21000      0          0.0 999.9990
1  3  26.7 0.00270 0.00273 1.21000      0          0.0 999.9990
1  3  26.7 0.00290 0.00293 1.21000      2          1.7 0.7071
1  3  26.7 0.00310 0.00313 1.21000      4          3.3 0.5000
1  3  26.7 0.00330 0.00332 1.21000      6          5.0 0.4082
1  3  26.7 0.00350 0.00352 1.21000      8          6.6 0.3536
1  3  26.7 0.00370 0.00371 1.21000      2          1.7 0.7071
1  3  26.7 0.00390 0.00391 1.21000      8          6.6 0.3536
1  3  26.7 0.00410 0.00410 1.21000     12          9.9 0.2887
1  3  26.7 0.00430 0.00430 1.21000     30         24.8 0.1826
1  3  26.7 0.00450 0.00449 1.21000     68         56.2 0.1213
1  3  26.7 0.00470 0.00469 1.21000    144        119.0 0.0833
1  3  26.7 0.00490 0.00488 1.21000    388        320.7 0.0508
1  3  26.7 0.00510 0.00508 1.21000    938        775.2 0.0327
1  3  26.7 0.00530 0.00527 1.21000   2604       2152.1 0.0196
1  3  26.7 0.00550 0.00547 1.21000   6460       5338.8 0.0124
1  3  26.7 0.00570 0.00566 1.21000  14954      12358.7 0.0082
1  3  26.7 0.00590 0.00586 1.21000  32670      27000.0 0.0055
1  3  26.7 0.00610 0.00605 1.21000  71514      59102.5 0.0037
1  3  26.7 0.00630 0.00635 0.36513  74302     203496.4 0.0037
1  3  26.7 0.00650 0.00654 0.20057  78910     393422.4 0.0036
1  3  26.7 0.00670 0.00674 0.11018  77668     704920.2 0.0036
1  3  26.7 0.00690 0.00693 0.06261  72474    1157472.0 0.0037
1  3  26.7 0.00710 0.00713 0.04055  71442    1762037.3 0.0037
1  3  26.7 0.00730 0.00732 0.03000  71888    2396457.0 0.0037
1  3  26.7 0.00750 0.00752 0.02447  71930    2939706.2 0.0037
1  3  26.7 0.00770 0.00771 0.02119  72118    3403825.6 0.0037
1  3  26.7 0.00790 0.00791 0.02119  79196    3737893.0 0.0036
1  3  26.7 0.00810 0.00811 0.01814  72382    3990221.9 0.0037
1  3  26.7 0.00830 0.00830 0.01814  75218    4146562.8 0.0036
1  3  26.7 0.00850 0.00850 0.01814  77192    4255384.0 0.0036
1  3  26.7 0.00870 0.00869 0.01814  78812    4344690.2 0.0036
1  3  26.7 0.00890 0.00889 0.01814  79754    4396620.1 0.0035
1  3  26.7 0.00910 0.00908 0.01622  71798    4425734.5 0.0037
1  3  26.7 0.00930 0.00928 0.01622  72296    4456431.9 0.0037
1  3  26.7 0.00950 0.00947 0.01622  72660    4478869.4 0.0037
1  3  26.7 0.00970 0.00967 0.01622  72888    4492923.7 0.0037
1  3  26.7 0.00990 0.00986 0.01622  73056    4503279.4 0.0037
1  3  26.7 0.01010 0.01006 0.01622  73114    4506854.7 0.0037
1  3  26.7 0.01030 0.01025 0.01622  73066    4503895.9 0.0037
1  3  26.7 0.01050 0.01055 0.01622  72794    4487129.4 0.0037
1  3  26.7 0.01070 0.01074 0.01622  72416    4463828.9 0.0037
1  3  26.7 0.01090 0.01094 0.01622  71812    4426597.5 0.0037
1  3  26.7 0.01110 0.01113 0.01622  70866    4368284.6 0.0038
1  3  26.7 0.01130 0.01133 0.01622  69534    4286178.2 0.0038
1  3  26.7 0.01150 0.01152 0.01622  67590    4166347.2 0.0038
1  3  26.7 0.01170 0.01172 0.01622  64822    3995723.6 0.0039
1  3  26.7 0.01190 0.01191 0.01622  61604    3797361.3 0.0040
1  3  26.7 0.01210 0.01211 0.01622  58302    3593821.2 0.0041
1  3  26.7 0.01230 0.01230 0.01622  54946    3386952.4 0.0043
1  3  26.7 0.01250 0.01250 0.01622  52472    3234451.4 0.0044
1  3  26.7 0.01270 0.01270 0.01622  50762    3129044.4 0.0044
1  3  26.7 0.01290 0.01289 0.01622  49362    3042746.4 0.0045
1  3  26.7 0.01310 0.01309 0.01622  48392    2982954.2 0.0045
1  3  26.7 0.01330 0.01328 0.01622  48058    2962365.9 0.0046
1  3  26.7 0.01350 0.01348 0.01622  47650    2937216.2 0.0046
1  3  26.7 0.01370 0.01367 0.01622  47508    2928463.1 0.0046
1  3  26.7 0.01390 0.01387 0.01622  47494    2927600.1 0.0046
1  3  26.7 0.01410 0.01406 0.01622  47182    2908368.0 0.0046
1  3  26.7 0.01430 0.01426 0.01622  47458    2925381.0 0.0046
1  3  26.7 0.01450 0.01445 0.01622  47282    2914532.1 0.0046
1  3  26.7 0.01470 0.01475 0.01622  47166    2907381.7 0.0046
1  3  26.7 0.01490 0.01494 0.01622  47032    2899121.8 0.0046
1  3  26.7 0.01510 0.01514 0.01622  46960    2894683.6 0.0046
1  3  26.7 0.01530 0.01533 0.01622  46966    2895053.4 0.0046
1  3  26.7 0.01550 0.01553 0.01622  46916    2891971.3 0.0046
1  3  26.7 0.01570 0.01572 0.01622  46722    2880012.9 0.0046
1  3  26.7 0.01590 0.01592 0.01622  46694    2878286.9 0.0046
1  3  26.7 0.01610 0.01611 0.01622  46578    2871136.5 0.0046
1  3  26.7 0.01630 0.01631 0.01622  46104    2841918.5 0.0047
1  3  26.7 0.01650 0.01650 0.01622  45716    2818001.6 0.0047
1  3  26.7 0.01670 0.01670 0.01622  45060    2777564.8 0.0047
1  3  26.7 0.01690 0.01689 0.01622  44170    2722703.9 0.0048
1  3  26.7 0.01710 0.01709 0.01622  43030    2652432.6 0.0048
1  3  26.7 0.01730 0.01729 0.01622  40940    2523601.9 0.0049
1  3  26.7 0.01750 0.01748 0.01622  38858    2395264.4 0.0051
1  3  26.7 0.01770 0.01768 0.01622  36432    2245722.1 0.0052
1  3  26.7 0.01790 0.01787 0.01622  34024    2097289.5 0.0054
1  3  26.7 0.01810 0.01807 0.01622  31248    1926172.7 0.0057
1  3  26.7 0.01830 0.01826 0.01622  28668    1767137.7 0.0059
1  3  26.7 0.01850 0.01846 0.01622  26268    1619198.2 0.0062
1  3  26.7 0.01870 0.01865 0.01622  24002    1479518.6 0.0065
1  3  26.7 0.01890 0.01895 0.01622  20946    1291142.3 0.0069
1  3  26.7 0.01910 0.01914 0.01622  19582    1207063.3 0.0071
1  3  26.7 0.01930 0.01934 0.01622  18312    1128778.7 0.0074
1  3  26.7 0.01950 0.01953 0.01622  17060    1051603.5 0.0077
1  3  26.7 0.01970 0.01973 0.01622  16416    1011906.4 0.0078
1  3  26.7 0.01990 0.01992 0.01622  15724     969250.5 0.0080
1  3  26.7 0.02010 0.02012 0.01622  15028     926348.1 0.0082
1  3  26.7 0.02030 0.02031 0.01622  14738     908472.0 0.0082
1  3  26.7 0.02050 0.02051 0.01622  13972     861254.7 0.0085
1  3  26.7 0.02070 0.02070 0.01622  13840     853118.0 0.0085
1  3  26.7 0.02090 0.02090 0.01622  13468     830187.4 0.0086
1  3  26.7 0.02110 0.02109 0.01622  12936     797394.1 0.0088
1  3  26.7 0.02130 0.02129 0.01622  12720     784079.5 0.0089
1  3  26.7 0.02150 0.02148 0.01622  12140     748327.5 0.0091
1  3  26.7 0.02170 0.02168 0.01622  11832     729341.9 0.0092
1  3  26.7 0.02190 0.02188 0.01622  11446     705548.3 0.0093
1  3  26.7 0.02210 0.02207 0.01622  11206     690754.3 0.0094
1  3  26.7 0.02230 0.02227 0.01622  10970     676207.0 0.0095
1  3  26.7 0.02250 0.02246 0.01622  10466     645139.7 0.0098
1  3  26.7 0.02270 0.02266 0.01622  10074     620976.2 0.0100
1  3  26.7 0.02290 0.02285 0.01622   9766     601990.6 0.0101
1  3  26.7 0.02310 0.02314 0.01622   9246     569937.1 0.0104
1  3  26.7 0.02330 0.02334 0.01622   8812     543184.7 0.0107
1  3  26.7 0.02350 0.02354 0.01622   8386     516925.4 0.0109
1  3  26.7 0.02370 0.02373 0.01622   7928     488693.6 0.0112
1  3  26.7 0.02390 0.02393 0.01622   7426     457749.6 0.0116
1  3  26.7 0.02410 0.02412 0.01622   7062     435312.1 0.0119
1  3  26.7 0.02430 0.02432 0.01622   6670     411148.6 0.0122
1  3  26.7 0.02450 0.02451 0.01622   6208     382670.3 0.0127
1  3  26.7 0.02470 0.02471 0.01622   5674     349753.7 0.0133
1  3  26.7 0.02490 0.02490 0.01622   5192     320042.5 0.0139
1  3  26.7 0.02510 0.02510 0.01622   4782     294769.5 0.0145
1  3  26.7 0.02530 0.02529 0.01622   4324     266537.7 0.0152
1  3  26.7 0.02550 0.02549 0.01622   3892     239908.6 0.0160
1  3  26.7 0.02570 0.02568 0.01622   3578     220553.2 0.0167
1  3  26.7 0.02590 0.02588 0.01622   3294     203047.0 0.0174
1  3  26.7 0.02610 0.02607 0.01622   2838     174938.5 0.0188
1  3  26.7 0.02630 0.02627 0.01622   2630     162117.1 0.0195
1  3  26.7 0.02650 0.02646 0.01622   2402     148062.8 0.0204
1  3  26.7 0.02670 0.02666 0.01660   2294     138223.6 0.0209
1  3  26.7 0.02690 0.02686 0.01732   2246     129662.2 0.0211
1  3  26.7 0.02710 0.02715 0.01819   2240     123146.8 0.0211
1  3  26.7 0.02730 0.02734 0.02029   2232     110005.6 0.0212
1  3  26.7 0.02750 0.02754 0.02135   2294     107464.2 0.0209
1  3  26.7 0.02770 0.02773 0.02272   2288     100719.3 0.0209
1  3  26.7 0.02790 0.02793 0.02272   2228      98078.1 0.0212
1  3  26.7 0.02810 0.02813 0.02575   2318      90016.5 0.0208
1  3  26.7 0.02830 0.02832 0.02656   2276      85689.2 0.0210
1  3  26.7 0.02850 0.02852 0.02758   2340      84847.6 0.0207
1  3  26.7 0.02870 0.02871 0.02842   2258      79458.4 0.0210
1  3  26.7 0.02890 0.02891 0.03134   2418      77161.7 0.0203
1  3  26.7 0.02910 0.02910 0.03134   2234      71290.0 0.0212
1  3  26.7 0.02930 0.02930 0.03332   2258      67775.3 0.0210
1  3  26.7 0.02950 0.02949 0.03498   2236      63913.3 0.0211
1  3  26.7 0.02970 0.02969 0.03656   2262      61863.0 0.0210
1  3  26.7 0.02990 0.02988 0.03828   2296      59982.8 0.0209
1  3  26.7 0.03010 0.03008 0.04089   2332      57029.9 0.0207
1  3  26.7 0.03030 0.03027 0.04294   2286      53238.0 0.0209
1  3  26.7 0.03050 0.03047 0.04446   2242      50427.5 0.0211
1  3  26.7 0.03070 0.03066 0.04917   2362      48040.8 0.0206
1  3  26.7 0.03090 0.03086 0.05146   2272      44154.0 0.0210
1  3  26.7 0.03110 0.03105 0.05331   2306      43255.4 0.0208
1  3  26.7 0.03130 0.03135 0.06007   2398      39920.2 0.0204
1  3  26.7 0.03150 0.03154 0.06207   2266      36508.4 0.0210
1  3  26.7 0.03170 0.03174 0.06814   2274      33372.6 0.0210
1  3  26.7 0.03190 0.03193 0.07321   2226      30404.0 0.0212
1  3  26.7 0.03210 0.03213 0.08207   2414      29415.6 0.0204
1  3  26.7 0.03230 0.03232 0.08650   2260      26126.2 0.0210
1  3  26.7 0.03250 0.03252 0.09581   2262      23608.5 0.0210
1  3  26.7 0.03270 0.03271 0.10571   2294      21701.3 0.0209
1  3  26.7 0.03290 0.03291 0.11402   2300      20171.7 0.0209
1  3  26.7 0.03310 0.03311 0.12359   2234      18076.3 0.0212
1  3  26.7 0.03330 0.03330 0.13855   2240      16167.0 0.0211
1  3  26.7 0.03350 0.03350 0.14536   2284      15713.0 0.0209
1  3  26.7 0.03370 0.03369 0.16489   2300      13949.1 0.0209
1  3  26.7 0.03390 0.03389 0.17072   2260      13237.7 0.0210
1  3  26.7 0.03410 0.03408 0.19044   2342      12298.0 0.0207
1  3  26.7 0.03430 0.03428 0.20131   2232      11087.5 0.0212
1  3  26.7 0.03450 0.03447 0.22232   2366      10642.3 0.0206
1  3  26.7 0.03470 0.03467 0.23019   2296       9974.2 0.0209
1  3  26.7 0.03490 0.03486 0.24686   2362       9568.3 0.0206
1  3  26.7 0.03510 0.03506 0.25789   2314       8972.7 0.0208
1  3  26.7 0.03530 0.03525 0.27419   2234       8147.7 0.0212
1  3  26.7 0.03550 0.03555 0.29577   2278       7702.0 0.0210
1  3  26.7 0.03570 0.03574 0.32311   2284       7068.9 0.0209
1  3  26.7 0.03590 0.03594 0.32311   2224       6883.2 0.0212
1  3  26.7 0.03610 0.03613 0.35036   2306       6581.7 0.0208
1  3  26.7 0.03630 0.03633 0.35068   2228       6353.4 0.0212
1  3  26.7 0.03650 0.03652 0.38993   2338       5996.0 0.0207
1  3  26.7 0.03670 0.03672 0.40563   2250       5547.0 0.0211
1  3  26.8 0.03690 0.03691 0.41381   2222       5369.7 0.0212
1  3  26.8 0.03710 0.03711 0.44587   2324       5212.2 0.0207
1  3  26.8 0.03730 0.03730 0.48518   2304       4748.8 0.0208
1  3  26.8 0.03750 0.03750 0.50189   2292       4566.7 0.0209
1  3  26.8 0.03770 0.03770 0.55153   2440       4424.0 0.0202
1  3  26.8 0.03790 0.03789 0.55153   2258       4094.0 0.0210
1  3  26.8 0.03810 0.03809 0.59316   2296       3870.8 0.0209
1  3  26.8 0.03830 0.03828 0.62584   2282       3646.3 0.0209
1  3  26.8 0.03850 0.03848 0.66242   2278       3438.9 0.0210
1  3  26.8 0.03870 0.03867 0.69759   2260       3239.7 0.0210
1  3  26.8 0.03890 0.03887 0.74236   2242       3020.1 0.0211
1  3  26.8 0.03910 0.03906 0.79227   2328       2938.4 0.0207
1  3  26.8 0.03930 0.03926 0.85513   2366       2766.8 0.0206
1  3  26.8 0.03950 0.03945 0.91233   2264       2481.6 0.0210
1  3  26.8 0.03970 0.03975 1.01767   2410       2368.2 0.0204
1  3  26.8 0.03990 0.03994 1.07270   2366       2205.6 0.0206
